code,chapter,filepath,libelle,has_perimetre,has_localisations,has_exclusions,has_consignes,has_formulations,type_mco,statut_mco,source_existence,classe_generation,nb_chars
A00.0,I,I/A00.0.md,"À Vibrio cholerae 01, biovar cholerae",true,false,true,false,true,0,codable,OWL_ANS,emissible,1299
A00.1,I,I/A00.1.md,"À Vibrio cholerae 01, biovar El Tor",true,false,true,false,true,0,codable,OWL_ANS,emissible,1291
A00.9,I,I/A00.9.md,"Choléra, sans précision",true,false,true,false,true,0,codable,OWL_ANS,emissible,1281
A01.0,I,I/A01.0.md,Fièvre typhoïde,true,false,true,false,true,0,codable,OWL_ANS,emissible,1886
A01.1,I,I/A01.1.md,Paratyphoïde A,true,false,true,false,true,0,codable,OWL_ANS,emissible,1232
A01.2,I,I/A01.2.md,Paratyphoïde B,true,false,true,false,true,0,codable,OWL_ANS,emissible,1232
A01.3,I,I/A01.3.md,Paratyphoïde C,true,false,true,false,true,0,codable,OWL_ANS,emissible,1232
A01.4,I,I/A01.4.md,"Paratyphoïde, sans précision",true,false,true,false,true,0,codable,OWL_ANS,emissible,1363
A02.0,I,I/A02.0.md,Entérite à Salmonella,true,false,true,false,true,0,codable,OWL_ANS,emissible,1654
A02.1,I,I/A02.1.md,Sepsis  à Salmonella,true,false,true,false,true,0,codable,OWL_ANS,emissible,1682
A02.2,I,I/A02.2.md,Infection localisée à Salmonella,true,false,true,false,true,0,codable,OWL_ANS,emissible,1880
A02.8,I,I/A02.8.md,Autres infections précisées à Salmonella,true,false,true,false,true,0,codable,OWL_ANS,emissible,1583
A02.9,I,I/A02.9.md,"Salmonellose, sans précision",true,false,true,false,true,0,codable,OWL_ANS,emissible,1628
A03.0,I,I/A03.0.md,Shigellose à Shigella dysenteriae,true,false,true,false,true,0,codable,OWL_ANS,emissible,1390
A03.1,I,I/A03.1.md,Shigellose à Shigella flexneri,true,false,true,false,true,0,codable,OWL_ANS,emissible,1431
A03.2,I,I/A03.2.md,Shigellose à Shigella boydii,true,false,true,false,true,0,codable,OWL_ANS,emissible,1324
A03.3,I,I/A03.3.md,Shigellose à Shigella sonnei,true,false,true,false,true,0,codable,OWL_ANS,emissible,1326
A03.8,I,I/A03.8.md,Autres shigelloses,true,false,true,false,false,0,codable,OWL_ANS,emissible,1391
A03.9,I,I/A03.9.md,"Shigellose, sans précision",true,false,true,false,true,0,codable,OWL_ANS,emissible,1417
A04.0,I,I/A04.0.md,Infection entéropathogène à Escherichia coli,true,false,true,false,false,0,codable,OWL_ANS,emissible,1357
A04.1,I,I/A04.1.md,Infection entérotoxigène à Escherichia coli,true,false,true,false,false,0,codable,OWL_ANS,emissible,1356
A04.2,I,I/A04.2.md,Infection entéro-invasive à Escherichia coli,true,false,true,false,false,0,codable,OWL_ANS,emissible,1357
A04.3,I,I/A04.3.md,Infection entérohémorragique à Escherichia coli,true,false,true,false,false,0,codable,OWL_ANS,emissible,1360
A04.4,I,I/A04.4.md,Autres infections intestinales à Escherichia coli,true,false,true,false,true,0,codable,OWL_ANS,emissible,1684
A04.5,I,I/A04.5.md,Entérite à Campylobacter,true,false,true,false,true,0,codable,OWL_ANS,emissible,1598
A04.6,I,I/A04.6.md,Entérite à Yersinia enterocolitica,true,false,true,false,true,0,codable,OWL_ANS,emissible,1550
A04.7,I,I/A04.7.md,Entérocolite à Clostridium difficile,true,false,true,false,true,0,codable,OWL_ANS,emissible,1850
A04.8,I,I/A04.8.md,Autres infections intestinales bactériennes précisées,true,false,true,false,true,0,codable,OWL_ANS,emissible,2217
A04.9,I,I/A04.9.md,"Infection intestinale bactérienne, sans précision",true,false,true,false,true,0,codable,OWL_ANS,emissible,1730
A05.0,I,I/A05.0.md,Intoxication alimentaire à staphylocoques,true,false,true,false,false,0,codable,OWL_ANS,emissible,1530
A05.1,I,I/A05.1.md,Botulisme,true,false,true,false,true,0,codable,OWL_ANS,emissible,1656
A05.2,I,I/A05.2.md,Intoxication alimentaire à Clostridium perfringens [Clostridium welchii],true,false,true,false,true,0,codable,OWL_ANS,emissible,1858
A05.3,I,I/A05.3.md,Intoxication alimentaire à Vibrio parahaemolyticus,true,false,true,false,false,0,codable,OWL_ANS,emissible,1539
A05.4,I,I/A05.4.md,Intoxication alimentaire à Bacillus cereus,true,false,true,false,false,0,codable,OWL_ANS,emissible,1531
A05.8,I,I/A05.8.md,Autres intoxications bactériennes d'origine alimentaire précisées,true,false,true,false,true,0,codable,OWL_ANS,emissible,2040
A05.9,I,I/A05.9.md,"Intoxication bactérienne d'origine alimentaire, sans précision",true,false,true,false,true,0,codable,OWL_ANS,emissible,1688
A06.0,I,I/A06.0.md,Dysenterie amibienne aigüe,true,false,true,false,true,0,codable,OWL_ANS,emissible,1556
A06.1,I,I/A06.1.md,Amibiase intestinale chronique,true,false,true,false,true,0,codable,OWL_ANS,emissible,1513
A06.2,I,I/A06.2.md,Colite amibienne non dysentérique,true,false,true,false,true,0,codable,OWL_ANS,emissible,1461
A06.3,I,I/A06.3.md,Amœbome de l'intestin,true,false,true,false,true,0,codable,OWL_ANS,emissible,1468
A06.4,I,I/A06.4.md,Abcès amibien du foie,true,false,true,false,true,0,codable,OWL_ANS,emissible,1578
A06.5,I,I/A06.5.md,Abcès amibien du poumon,true,false,true,false,true,0,codable,OWL_ANS,emissible,1505
A06.6,I,I/A06.6.md,Abcès amibien du cerveau ,true,false,true,false,false,0,codable,OWL_ANS,emissible,1461
A06.7,I,I/A06.7.md,Amibiase cutanée,true,false,true,false,true,0,codable,OWL_ANS,emissible,1455
A06.8,I,I/A06.8.md,Autres localisations d'une infection amibienne,true,false,true,false,true,0,codable,OWL_ANS,emissible,1959
A06.9,I,I/A06.9.md,"Amibiase, sans précision",true,false,true,false,true,0,codable,OWL_ANS,emissible,1489
A07.0,I,I/A07.0.md,Balantidiose,true,false,true,false,true,0,codable,OWL_ANS,emissible,1373
A07.1,I,I/A07.1.md,Giardiase [lambliase],true,false,true,false,true,0,codable,OWL_ANS,emissible,1457
A07.2,I,I/A07.2.md,Cryptosporidiose,true,false,true,false,true,0,codable,OWL_ANS,emissible,1422
A07.3,I,I/A07.3.md,Infection à Isospora,true,false,true,false,true,0,codable,OWL_ANS,emissible,1501
A07.8,I,I/A07.8.md,"Autres maladies intestinales précisées, à protozoaires",true,false,true,false,true,0,codable,OWL_ANS,emissible,1877
A07.9,I,I/A07.9.md,"Maladie intestinale à protozoaires, sans précision",true,false,true,false,true,0,codable,OWL_ANS,emissible,1521
A08.0,I,I/A08.0.md,Entérite à rotavirus,true,false,true,false,true,0,codable,OWL_ANS,emissible,1513
A08.1,I,I/A08.1.md,Gastroentéropathie aigüe due à un norovirus,true,false,true,false,true,0,codable,OWL_ANS,emissible,1484
A08.2,I,I/A08.2.md,Entérite à adénovirus,true,false,true,false,true,0,codable,OWL_ANS,emissible,1407
A08.3,I,I/A08.3.md,Autres entérites virales,true,false,true,false,false,0,codable,OWL_ANS,emissible,1317
A08.4,I,I/A08.4.md,"Infections intestinales virales, sans précision",true,false,true,false,true,0,codable,OWL_ANS,emissible,1738
A08.5,I,I/A08.5.md,Autres infections intestinales précisées,true,false,true,false,true,0,codable,OWL_ANS,emissible,1435
A09.0,I,I/A09.0.md,"Gastroentérites et colites d’origine infectieuse, autres et non précisées",true,false,true,false,true,0,codable,OWL_ANS,emissible,2426
A09.9,I,I/A09.9.md,Gastroentérite et colite d’origine non précisée,true,false,true,false,true,0,codable,OWL_ANS,emissible,1823
A15.0,I,I/A15.0.md,"Tuberculose pulmonaire, confirmée par examen microscopique de l'expectoration, avec ou sans culture",true,false,true,false,true,0,codable,OWL_ANS,emissible,2266
A15.1,I,I/A15.1.md,"Tuberculose pulmonaire, confirmée par culture seulement",true,false,true,false,true,0,codable,OWL_ANS,emissible,1750
A15.2,I,I/A15.2.md,"Tuberculose pulmonaire, avec confirmation histologique",true,false,true,false,false,0,codable,OWL_ANS,emissible,1655
A15.3,I,I/A15.3.md,"Tuberculose pulmonaire, avec confirmation, moyen non précisé",true,false,true,false,true,0,codable,OWL_ANS,emissible,2086
A15.4,I,I/A15.4.md,"Tuberculose des ganglions intrathoraciques, avec confirmation bactériologique et histologique",true,false,true,false,false,0,codable,OWL_ANS,emissible,1980
A15.5,I,I/A15.5.md,"Tuberculose du larynx, de la trachée et des bronches, avec confirmation bactériologique et histologique",true,false,true,false,false,0,codable,OWL_ANS,emissible,1938
A15.6,I,I/A15.6.md,"Pleurésie tuberculeuse, avec confirmation bactériologique et histologique",true,false,true,false,false,0,codable,OWL_ANS,emissible,1927
A15.7,I,I/A15.7.md,"Primo-infection tuberculeuse de l'appareil respiratoire, avec confirmation bactériologique et histologique",true,false,true,false,true,0,codable,OWL_ANS,emissible,1742
A15.8,I,I/A15.8.md,"Autres formes de tuberculose de l'appareil respiratoire, avec confirmation bactériologique et histologique",true,false,true,false,false,0,codable,OWL_ANS,emissible,2758
A15.9,I,I/A15.9.md,"Tuberculose de l'appareil respiratoire sans précision, avec confirmation bactériologique et histologique",true,false,true,false,true,0,codable,OWL_ANS,emissible,1777
A16.0,I,I/A16.0.md,"Tuberculose pulmonaire, avec examens bactériologique et histologique négatifs",true,false,true,false,false,0,codable,OWL_ANS,emissible,1936
A16.1,I,I/A16.1.md,"Tuberculose pulmonaire, sans examen bactériologique et histologique",true,false,true,false,false,0,codable,OWL_ANS,emissible,1691
A16.2,I,I/A16.2.md,"Tuberculose pulmonaire, sans mention de confirmation bactériologique ou histologique",true,false,true,false,true,0,codable,OWL_ANS,emissible,2433
A16.3,I,I/A16.3.md,"Tuberculose des ganglions intrathoraciques, sans mention de confirmation bactériologique ou histologique",true,false,true,false,true,0,codable,OWL_ANS,emissible,2265
A16.4,I,I/A16.4.md,"Tuberculose du larynx, de la trachée et des bronches, sans mention de confirmation bactériologique ou histologique",true,false,true,false,true,0,codable,OWL_ANS,emissible,2514
A16.5,I,I/A16.5.md,"Pleurésie tuberculeuse, sans mention de confirmation bactériologique ou histologique",true,false,true,false,true,0,codable,OWL_ANS,emissible,2492
A16.7,I,I/A16.7.md,"Primo-infection tuberculeuse de l'appareil respiratoire, sans mention de confirmation bactériologique ou histologique",true,false,true,false,true,0,codable,OWL_ANS,emissible,1954
A16.8,I,I/A16.8.md,"Autres formes de tuberculose de l'appareil respiratoire, sans mention de confirmation bactériologique ou histologique",true,false,true,false,true,0,codable,OWL_ANS,emissible,3255
A16.9,I,I/A16.9.md,"Tuberculose de l'appareil respiratoire sans précision, sans mention de confirmation bactériologique ou histologique",true,false,true,false,true,0,codable,OWL_ANS,emissible,1801
A17.0,I,I/A17.0.md,Méningite tuberculeuse ,true,false,true,false,true,0,codable,OWL_ANS,emissible,2061
A17.1,I,I/A17.1.md,Tuberculome méningé ,true,false,true,false,true,0,codable,OWL_ANS,emissible,1675
A17.8,I,I/A17.8.md,Autres formes de tuberculose du système nerveux,true,false,true,false,true,0,codable,OWL_ANS,emissible,2416
A17.9,I,I/A17.9.md,"Tuberculose du système nerveux, sans précision ",true,false,true,false,true,0,codable,OWL_ANS,emissible,1651
A18.0,I,I/A18.0.md,Tuberculose des os et des articulations,true,false,true,false,true,0,codable,OWL_ANS,emissible,2369
A18.1,I,I/A18.1.md,Tuberculose de l'appareil génito-urinaire,true,false,true,false,true,0,codable,OWL_ANS,emissible,2413
A18.2,I,I/A18.2.md,Adénopathie tuberculeuse périphérique,true,false,true,false,true,0,codable,OWL_ANS,emissible,2229
A18.3,I,I/A18.3.md,"Tuberculose de l'intestin, du péritoine et des ganglions mésentériques",true,false,true,false,true,0,codable,OWL_ANS,emissible,2314
A18.4,I,I/A18.4.md,Tuberculose de la peau et du tissu cellulaire souscutané,true,false,true,false,true,0,codable,OWL_ANS,emissible,2344
A18.5,I,I/A18.5.md,Tuberculose de l'œil,true,false,true,false,true,0,codable,OWL_ANS,emissible,2122
A18.6,I,I/A18.6.md,Tuberculose de l'oreille,true,false,true,false,true,0,codable,OWL_ANS,emissible,1757
A18.7,I,I/A18.7.md,Tuberculose des surrénales ,true,false,true,false,true,0,codable,OWL_ANS,emissible,1741
A18.8,I,I/A18.8.md,Tuberculose d'autres organes précisés,true,false,true,false,true,0,codable,OWL_ANS,emissible,2775
A19.0,I,I/A19.0.md,"Tuberculose miliaire aigüe, localisation unique et précisée",true,false,true,false,true,0,codable,OWL_ANS,emissible,1930
A19.1,I,I/A19.1.md,"Tuberculose miliaire aigüe, sièges multiples",true,false,true,false,true,0,codable,OWL_ANS,emissible,1807
A19.2,I,I/A19.2.md,"Tuberculose miliaire aigüe, sans précision",true,false,true,false,false,0,codable,OWL_ANS,emissible,1746
A19.8,I,I/A19.8.md,Autres tuberculoses miliaires,true,false,true,false,true,0,codable,OWL_ANS,emissible,2021
A19.9,I,I/A19.9.md,"Tuberculose miliaire, sans précision",true,false,true,false,true,0,codable,OWL_ANS,emissible,2110
A20.0,I,I/A20.0.md,Peste bubonique,true,false,true,false,true,0,codable,OWL_ANS,emissible,1379
A20.1,I,I/A20.1.md,Peste cutanée,true,false,true,false,true,0,codable,OWL_ANS,emissible,1353
A20.2,I,I/A20.2.md,Peste pulmonaire,true,false,true,false,true,0,codable,OWL_ANS,emissible,1359
A20.3,I,I/A20.3.md,Peste méningée,true,false,true,false,true,0,codable,OWL_ANS,emissible,1403
A20.7,I,I/A20.7.md,Peste septicémique,true,false,true,false,true,0,codable,OWL_ANS,emissible,1399
A20.8,I,I/A20.8.md,Autres formes de peste,true,false,true,false,true,0,codable,OWL_ANS,emissible,1626
A20.9,I,I/A20.9.md,"Peste, sans précision",true,false,true,false,true,0,codable,OWL_ANS,emissible,1371
A21.0,I,I/A21.0.md,Tularémie ulcéroglandulaire,true,false,true,false,true,0,codable,OWL_ANS,emissible,1592
A21.1,I,I/A21.1.md,Tularémie oculoglandulaire,true,false,true,false,true,0,codable,OWL_ANS,emissible,1659
A21.2,I,I/A21.2.md,Tularémie pulmonaire,true,false,true,false,true,0,codable,OWL_ANS,emissible,1602
A21.3,I,I/A21.3.md,Tularémie gastro-intestinale,true,false,true,false,true,0,codable,OWL_ANS,emissible,1637
A21.7,I,I/A21.7.md,Tularémie généralisée,true,false,true,false,true,0,codable,OWL_ANS,emissible,1604
A21.8,I,I/A21.8.md,Autres formes de tularémie,true,false,true,false,true,0,codable,OWL_ANS,emissible,1808
A21.9,I,I/A21.9.md,"Tularémie, sans précision",true,false,true,false,true,0,codable,OWL_ANS,emissible,1608
A22.0,I,I/A22.0.md,Charbon cutané,true,false,true,false,true,0,codable,OWL_ANS,emissible,1405
A22.1,I,I/A22.1.md,Charbon pulmonaire,true,false,true,false,true,0,codable,OWL_ANS,emissible,1457
A22.2,I,I/A22.2.md,Charbon gastro-intestinal,true,false,true,false,true,0,codable,OWL_ANS,emissible,1358
A22.7,I,I/A22.7.md,Sepsis charbonneux,true,false,true,false,true,0,codable,OWL_ANS,emissible,1350
A22.8,I,I/A22.8.md,Autres formes de charbon,true,false,true,false,true,0,codable,OWL_ANS,emissible,1546
A22.9,I,I/A22.9.md,"Charbon, sans précision",true,false,true,false,true,0,codable,OWL_ANS,emissible,1379
A23.0,I,I/A23.0.md,Brucellose à Brucella melitensis,true,false,true,false,true,0,codable,OWL_ANS,emissible,1428
A23.1,I,I/A23.1.md,Brucellose à Brucella abortus,true,false,true,false,true,0,codable,OWL_ANS,emissible,1428
A23.2,I,I/A23.2.md,Brucellose à Brucella suis,true,false,true,false,false,0,codable,OWL_ANS,emissible,1367
A23.3,I,I/A23.3.md,Brucellose à Brucella canis,true,false,true,false,false,0,codable,OWL_ANS,emissible,1368
A23.8,I,I/A23.8.md,Autres brucelloses,true,false,true,false,false,0,codable,OWL_ANS,emissible,1566
A23.9,I,I/A23.9.md,"Brucellose, sans précision",true,false,true,false,true,0,codable,OWL_ANS,emissible,1603
A24.0,I,I/A24.0.md,Morve,true,false,true,false,true,0,codable,OWL_ANS,emissible,1275
A24.1,I,I/A24.1.md,Mélioïdose aigüe et galopante,true,false,true,false,true,0,codable,OWL_ANS,emissible,1373
A24.2,I,I/A24.2.md,Mélioïdose subaigüe et chronique,true,false,true,false,true,0,codable,OWL_ANS,emissible,1284
A24.3,I,I/A24.3.md,Autres mélioïdoses,true,false,true,false,false,0,codable,OWL_ANS,emissible,1185
A24.4,I,I/A24.4.md,"Mélioïdose, sans précision",true,false,true,false,true,0,codable,OWL_ANS,emissible,1332
A25.0,I,I/A25.0.md,Spirillose,true,false,true,false,true,0,codable,OWL_ANS,emissible,1260
A25.1,I,I/A25.1.md,Streptobacillose,true,false,true,false,true,0,codable,OWL_ANS,emissible,1552
A25.9,I,I/A25.9.md,"Fièvre causée par morsure de rat, sans précision",true,false,true,false,true,0,codable,OWL_ANS,emissible,1283
A26.0,I,I/A26.0.md,Érysipéloïde cutanée,true,false,true,false,true,0,codable,OWL_ANS,emissible,1387
A26.7,I,I/A26.7.md,Sepsis à Erysipelothrix,true,false,true,false,true,0,codable,OWL_ANS,emissible,1258
A26.8,I,I/A26.8.md,Autres formes d'érysipéloïde,true,false,true,false,false,0,codable,OWL_ANS,emissible,1305
A26.9,I,I/A26.9.md,"Érysipéloïde, sans précision",true,false,true,false,true,0,codable,OWL_ANS,emissible,1317
A27.0,I,I/A27.0.md,Leptospirose ictérohémorragique,true,false,true,false,true,0,codable,OWL_ANS,emissible,1546
A27.8,I,I/A27.8.md,Autres formes de leptospirose,true,false,true,false,true,0,codable,OWL_ANS,emissible,1550
A27.9,I,I/A27.9.md,"Leptospirose, sans précision",true,false,true,false,true,0,codable,OWL_ANS,emissible,1319
A28.0,I,I/A28.0.md,Pasteurellose,true,false,true,false,true,0,codable,OWL_ANS,emissible,1616
A28.1,I,I/A28.1.md,Maladie des griffes du chat,true,false,true,false,true,0,codable,OWL_ANS,emissible,1429
A28.2,I,I/A28.2.md,Yersiniose extra-intestinale,true,false,true,false,true,0,codable,OWL_ANS,emissible,1455
A28.8,I,I/A28.8.md,"Autres anthropozoonoses bactériennes précisées, non classées ailleurs",true,false,true,false,true,0,codable,OWL_ANS,emissible,1451
A28.9,I,I/A28.9.md,"Anthropozoonose bactérienne, sans précision",true,false,true,false,true,1,interdit_dp_dr,OWL_ANS,emissible,1282
A30.0,I,I/A30.0.md,Lèpre indéterminée,true,false,true,false,true,0,codable,OWL_ANS,emissible,1460
A30.1,I,I/A30.1.md,Lèpre tuberculoïde,true,false,true,false,true,0,codable,OWL_ANS,emissible,1525
A30.2,I,I/A30.2.md,Lèpre tuberculoïde de type intermédiaire atypique,true,false,true,false,true,0,codable,OWL_ANS,emissible,1491
A30.3,I,I/A30.3.md,Lèpre de type intermédiaire atypique,true,false,true,false,true,0,codable,OWL_ANS,emissible,1570
A30.4,I,I/A30.4.md,Lèpre lépromateuse de type intermédiaire atypique,true,false,true,false,true,0,codable,OWL_ANS,emissible,1491
A30.5,I,I/A30.5.md,Lèpre lépromateuse,true,false,true,false,true,0,codable,OWL_ANS,emissible,1520
A30.8,I,I/A30.8.md,Autres formes de lèpre,true,false,true,false,true,0,codable,OWL_ANS,emissible,1886
A30.9,I,I/A30.9.md,"Lèpre, sans précision",true,false,true,false,true,0,codable,OWL_ANS,emissible,1465
A31.0,I,I/A31.0.md,Infection pulmonaire à Mycobacterium,true,false,true,false,true,0,codable,OWL_ANS,emissible,1931
A31.1,I,I/A31.1.md,Infection cutanée à Mycobacterium,true,false,true,false,true,0,codable,OWL_ANS,emissible,1658
A31.8,I,I/A31.8.md,Autres infections à Mycobacterium,true,false,true,false,true,0,codable,OWL_ANS,emissible,1814
A31.9,I,I/A31.9.md,"Infection à Mycobacterium, sans précision",true,false,true,false,true,0,codable,OWL_ANS,emissible,1886
A32.0,I,I/A32.0.md,Listériose cutanée,true,false,true,false,true,0,codable,OWL_ANS,emissible,1437
A32.1,I,I/A32.1.md,Méningite et méningoencéphalite listériennes,true,false,true,false,true,0,codable,OWL_ANS,emissible,2010
A32.7,I,I/A32.7.md,Sepsis listérien,true,false,true,false,true,0,codable,OWL_ANS,emissible,1548
A32.8,I,I/A32.8.md,Autres formes de listériose,true,false,true,false,true,0,codable,OWL_ANS,emissible,2050
A32.9,I,I/A32.9.md,"Listériose, sans précision",true,false,true,false,true,0,codable,OWL_ANS,emissible,1544
A33,I,I/A33.md,Tétanos du nouveau-né,true,false,true,false,true,0,codable,OWL_ANS,emissible,1272
A34,I,I/A34.md,Tétanos obstétrical,true,false,true,false,true,0,codable,OWL_ANS,emissible,1295
A35,I,I/A35.md,Autres formes de tétanos,true,false,true,false,true,0,codable,OWL_ANS,emissible,1406
A36.0,I,I/A36.0.md,Diphtérie pharyngée,true,false,true,false,true,0,codable,OWL_ANS,emissible,1536
A36.1,I,I/A36.1.md,Diphtérie rhinopharyngée,true,false,true,false,true,0,codable,OWL_ANS,emissible,1265
A36.2,I,I/A36.2.md,Diphtérie laryngée,true,false,true,false,true,0,codable,OWL_ANS,emissible,1422
A36.3,I,I/A36.3.md,Diphtérie cutanée,true,false,true,false,true,0,codable,OWL_ANS,emissible,1312
A36.8,I,I/A36.8.md,Autres formes de diphtérie,true,false,true,false,true,0,codable,OWL_ANS,emissible,1710
A36.9,I,I/A36.9.md,"Diphtérie, sans précision",true,false,true,false,true,0,codable,OWL_ANS,emissible,1261
A37.0,I,I/A37.0.md,Coqueluche à Bordetella pertussis,true,false,true,false,false,0,codable,OWL_ANS,emissible,1188
A37.1,I,I/A37.1.md,Coqueluche à Bordetella parapertussis,true,false,true,false,false,0,codable,OWL_ANS,emissible,1192
A37.8,I,I/A37.8.md,Coqueluche due à d'autres espèces de Bordetella,true,false,true,false,true,0,codable,OWL_ANS,emissible,1427
A37.9,I,I/A37.9.md,"Coqueluche, sans précision",true,false,true,false,true,0,codable,OWL_ANS,emissible,1335
A38,I,I/A38.md,Scarlatine,true,false,true,false,true,0,codable,OWL_ANS,emissible,1431
A39.0,I,I/A39.0.md,Méningite à méningocoques ,true,false,true,false,true,0,codable,OWL_ANS,emissible,1621
A39.1,I,I/A39.1.md,Syndrome de Waterhouse–Friderichsen ,true,false,true,false,true,0,codable,OWL_ANS,emissible,1736
A39.2,I,I/A39.2.md,Méningococcémie aigüe,true,false,true,false,true,0,codable,OWL_ANS,emissible,1435
A39.3,I,I/A39.3.md,Méningococcémie chronique,true,false,true,false,true,0,codable,OWL_ANS,emissible,1248
A39.4,I,I/A39.4.md,"Méningococcémie, sans précision",true,false,true,false,true,0,codable,OWL_ANS,emissible,1607
A39.5,I,I/A39.5.md,Cardite à méningocoques,true,false,true,false,true,0,codable,OWL_ANS,emissible,1453
A39.8,I,I/A39.8.md,Autres infections à méningocoques,true,false,true,false,true,0,codable,OWL_ANS,emissible,1794
A39.9,I,I/A39.9.md,"Infection méningococcique, sans précision",true,false,true,false,true,0,codable,OWL_ANS,emissible,1471
A40.0,I,I/A40.0.md,"Sepsis à streptocoques, groupe A",true,false,true,true,true,0,codable,OWL_ANS,emissible,2574
A40.1,I,I/A40.1.md,"Sepsis à streptocoques, groupe B",true,false,true,true,true,0,codable,OWL_ANS,emissible,2626
A40.2,I,I/A40.2.md,Sepsis à streptocoques groupe D et entérocoques,true,false,true,true,true,0,codable,OWL_ANS,emissible,2550
A40.3,I,I/A40.3.md,Sepsis à Streptococcus pneumoniae,true,false,true,true,true,0,codable,OWL_ANS,emissible,2732
A40.8,I,I/A40.8.md,Autres sepsis à streptocoques,true,false,true,true,true,0,codable,OWL_ANS,emissible,2820
A40.9,I,I/A40.9.md,"Sepsis à streptocoques, sans précision",true,false,true,true,true,0,codable,OWL_ANS,emissible,2591
A41.0,I,I/A41.0.md,Sepsis à staphylocoques dorés,true,false,true,true,true,0,codable,OWL_ANS,emissible,3082
A41.1,I,I/A41.1.md,Sepsis à d'autres staphylocoques précisés,true,false,true,true,true,0,codable,OWL_ANS,emissible,3127
A41.2,I,I/A41.2.md,Sepsis à staphylocoques non précisés,true,false,true,true,true,0,codable,OWL_ANS,emissible,3782
A41.3,I,I/A41.3.md,Sepsis à Haemophilus influenzae,true,false,true,true,true,0,codable,OWL_ANS,emissible,2913
A41.4,I,I/A41.4.md,Sepsis à microorganismes anaérobies,true,false,true,true,true,0,codable,OWL_ANS,emissible,3101
A41.5,I,I/A41.5.md,Sepsis à d'autres microorganismes Gram négatif,true,false,true,true,true,0,codable,OWL_ANS,emissible,3272
A41.8,I,I/A41.8.md,Autres sepsis précisés,true,false,true,true,true,0,codable,OWL_ANS,emissible,3293
A41.9,I,I/A41.9.md,"Sepsis, sans précision",true,false,true,true,true,0,codable,OWL_ANS,emissible,3033
A42.0,I,I/A42.0.md,Actinomycose pulmonaire,true,false,true,false,true,0,codable,OWL_ANS,emissible,1388
A42.1,I,I/A42.1.md,Actinomycose abdominale,true,false,true,false,true,0,codable,OWL_ANS,emissible,1335
A42.2,I,I/A42.2.md,Actinomycose cervicofaciale,true,false,true,false,true,0,codable,OWL_ANS,emissible,1344
A42.7,I,I/A42.7.md,Sepsis actinomycosique,true,false,true,false,true,0,codable,OWL_ANS,emissible,1365
A42.8,I,I/A42.8.md,Autres formes d'actinomycose,true,false,true,false,true,0,codable,OWL_ANS,emissible,1974
A42.9,I,I/A42.9.md,"Actinomycose, sans précision",true,false,true,false,true,0,codable,OWL_ANS,emissible,1385
A43.0,I,I/A43.0.md,Nocardiose pulmonaire,true,false,true,false,true,0,codable,OWL_ANS,emissible,1485
A43.1,I,I/A43.1.md,Nocardiose cutanée,true,false,true,false,true,0,codable,OWL_ANS,emissible,1234
A43.8,I,I/A43.8.md,Autres formes de nocardiose,true,false,true,false,true,0,codable,OWL_ANS,emissible,1583
A43.9,I,I/A43.9.md,"Nocardiose, sans précision",true,false,true,false,true,0,codable,OWL_ANS,emissible,1388
A44.0,I,I/A44.0.md,Bartonellose généralisée,true,false,true,false,true,0,codable,OWL_ANS,emissible,1276
A44.1,I,I/A44.1.md,Bartonellose cutanée et cutanéomuqueuse,true,false,true,false,true,0,codable,OWL_ANS,emissible,1293
A44.8,I,I/A44.8.md,Autres formes de bartonellose,true,false,true,false,true,0,codable,OWL_ANS,emissible,1367
A44.9,I,I/A44.9.md,"Bartonellose, sans précision",true,false,true,false,true,0,codable,OWL_ANS,emissible,1322
A46,I,I/A46.md,Érysipèle,true,false,true,false,true,0,codable,OWL_ANS,emissible,1574
A48.0,I,I/A48.0.md,Gangrène gazeuse,true,false,true,false,true,0,codable,OWL_ANS,emissible,1816
A48.1,I,I/A48.1.md,Maladie des légionnaires,true,false,true,false,true,0,codable,OWL_ANS,emissible,1772
A48.2,I,I/A48.2.md,"Maladie des légionnaires, sans signes pulmonaires [fièvre de Pontiac]",true,false,true,false,true,0,codable,OWL_ANS,emissible,1465
A48.3,I,I/A48.3.md,Syndrome du choc toxique,true,false,true,false,true,0,codable,OWL_ANS,emissible,1503
A48.4,I,I/A48.4.md,Fièvre purpurique du Brésil,true,false,true,false,true,0,codable,OWL_ANS,emissible,1412
A48.8,I,I/A48.8.md,Autres maladies bactériennes précisées,true,false,true,false,true,0,codable,OWL_ANS,emissible,1652
A49.0,I,I/A49.0.md,"Infection à staphylocoques, siège non précisé",true,false,true,true,true,0,codable,OWL_ANS,emissible,2354
A49.1,I,I/A49.1.md,"Infection à streptocoques et entérocoques, siège non précisé",true,false,true,true,true,0,codable,OWL_ANS,emissible,2368
A49.2,I,I/A49.2.md,"Infection à Haemophilus influenzae, siège non précisé",true,false,true,true,true,0,codable,OWL_ANS,emissible,2149
A49.3,I,I/A49.3.md,"Infection à Mycoplasma, siège non précisé",true,false,true,true,true,0,codable,OWL_ANS,emissible,2196
A49.8,I,I/A49.8.md,"Autres infections bactériennes, siège non précisé",true,false,true,true,true,0,codable,OWL_ANS,emissible,2702
A49.9,I,I/A49.9.md,"Infection bactérienne, sans précision",true,false,true,true,true,0,codable,OWL_ANS,emissible,2395
A50.0,I,I/A50.0.md,"Syphilis congénitale précoce, symptomatique",true,false,true,false,true,0,codable,OWL_ANS,emissible,2237
A50.1,I,I/A50.1.md,"Syphilis congénitale précoce, latente",true,false,true,false,false,0,codable,OWL_ANS,emissible,1637
A50.2,I,I/A50.2.md,"Syphilis congénitale précoce, sans précision",true,false,true,false,false,0,codable,OWL_ANS,emissible,1535
A50.3,I,I/A50.3.md,Oculopathie syphilitique congénitale tardive,true,false,true,false,true,0,codable,OWL_ANS,emissible,1736
A50.4,I,I/A50.4.md,Syphilis congénitale nerveuse tardive [neurosyphilis juvénile],true,false,true,false,true,0,codable,OWL_ANS,emissible,2089
A50.5,I,I/A50.5.md,"Autres formes tardives de syphilis congénitale, symptomatique",true,false,true,false,true,0,codable,OWL_ANS,emissible,2012
A50.6,I,I/A50.6.md,"Syphilis congénitale tardive, latente",true,false,true,false,false,0,codable,OWL_ANS,emissible,1638
A50.7,I,I/A50.7.md,"Syphilis congénitale tardive, sans précision",true,false,true,false,true,0,codable,OWL_ANS,emissible,1609
A50.9,I,I/A50.9.md,"Syphilis congénitale, sans précision",true,false,true,false,true,0,codable,OWL_ANS,emissible,1564
A51.0,I,I/A51.0.md,Syphilis génitale primaire,true,false,true,false,true,0,codable,OWL_ANS,emissible,1767
A51.1,I,I/A51.1.md,Syphilis anale primaire,true,false,true,false,false,0,codable,OWL_ANS,emissible,1428
A51.2,I,I/A51.2.md,Syphilis primaire d'autres localisations,true,false,true,false,true,0,codable,OWL_ANS,emissible,1613
A51.3,I,I/A51.3.md,Syphilis secondaire de la peau et des muqueuses,true,false,true,false,true,0,codable,OWL_ANS,emissible,1778
A51.4,I,I/A51.4.md,Autres formes de syphilis secondaire,true,false,true,false,true,0,codable,OWL_ANS,emissible,2072
A51.5,I,I/A51.5.md,"Syphilis précoce, latente",true,false,true,false,false,0,codable,OWL_ANS,emissible,1623
A51.9,I,I/A51.9.md,"Syphilis précoce, sans précision",true,false,true,false,true,0,codable,OWL_ANS,emissible,1540
A52.0,I,I/A52.0.md,Syphilis cardiovasculaire,true,false,true,false,true,0,codable,OWL_ANS,emissible,1907
A52.1,I,I/A52.1.md,Syphilis nerveuse symptomatique,true,false,true,false,true,0,codable,OWL_ANS,emissible,2336
A52.2,I,I/A52.2.md,Syphilis nerveuse asymptomatique,true,false,true,false,true,0,codable,OWL_ANS,emissible,1550
A52.3,I,I/A52.3.md,"Syphilis nerveuse, sans précision",true,false,true,false,true,0,codable,OWL_ANS,emissible,1842
A52.7,I,I/A52.7.md,Autres formes tardives de syphilis symptomatique,true,false,true,false,true,0,codable,OWL_ANS,emissible,2612
A52.8,I,I/A52.8.md,"Syphilis tardive, latente",true,false,true,false,false,0,codable,OWL_ANS,emissible,1902
A52.9,I,I/A52.9.md,"Syphilis tardive, sans précision",true,false,true,false,true,0,codable,OWL_ANS,emissible,1537
A53.0,I,I/A53.0.md,"Syphilis latente, non précisée précoce ou tardive",true,false,true,false,true,0,codable,OWL_ANS,emissible,1656
A53.9,I,I/A53.9.md,"Syphilis, sans précision",true,false,true,false,true,0,codable,OWL_ANS,emissible,1761
A54.0,I,I/A54.0.md,"Infection gonococcique de la partie inférieure de l'appareil génito-urinaire, sans abcès périurétral ou des glandes annexes",true,false,true,false,true,0,codable,OWL_ANS,emissible,2155
A54.1,I,I/A54.1.md,"Infection gonococcique de la partie inférieure de l'appareil génito-urinaire, avec abcès périurétral et des glandes annexes",true,false,true,false,false,0,codable,OWL_ANS,emissible,1595
A54.2,I,I/A54.2.md,Pelvipéritonite gonococcique et autres infections génito-urinaires gonococciques,true,false,true,false,true,0,codable,OWL_ANS,emissible,1996
A54.3,I,I/A54.3.md,Infection gonococcique de l'œil,true,false,true,false,true,0,codable,OWL_ANS,emissible,1860
A54.4,I,I/A54.4.md,Infection gonococcique du système ostéoarticulaire et des muscles,true,false,true,false,true,0,codable,OWL_ANS,emissible,1910
A54.5,I,I/A54.5.md,Pharyngite gonococcique,true,false,true,false,true,0,codable,OWL_ANS,emissible,1518
A54.6,I,I/A54.6.md,Infection gonococcique de l'anus et du rectum,true,false,true,false,true,0,codable,OWL_ANS,emissible,1608
A54.8,I,I/A54.8.md,Autres infections gonococciques,true,false,true,false,true,0,codable,OWL_ANS,emissible,2757
A54.9,I,I/A54.9.md,"Infection gonococcique, sans précision",true,false,true,false,true,0,codable,OWL_ANS,emissible,1549
A55,I,I/A55.md,Lymphogranulomatose vénérienne à Chlamydia,true,false,true,false,true,0,codable,OWL_ANS,emissible,1940
A56.0,I,I/A56.0.md,Infection à Chlamydia de la partie inférieure de l'appareil génito-urinaire,true,false,true,false,true,0,codable,OWL_ANS,emissible,2092
A56.1,I,I/A56.1.md,"Infection à Chlamydia, pelvipéritonéale et des autres organes génito-urinaires",true,false,true,false,true,0,codable,OWL_ANS,emissible,2175
A56.2,I,I/A56.2.md,"Infection à Chlamydia de l'appareil génito-urinaire, sans précision",true,false,true,false,false,0,codable,OWL_ANS,emissible,1807
A56.3,I,I/A56.3.md,Infection à Chlamydia de l'anus et du rectum,true,false,true,false,true,0,codable,OWL_ANS,emissible,1846
A56.4,I,I/A56.4.md,Infection à Chlamydia du pharynx,true,false,true,false,true,0,codable,OWL_ANS,emissible,1837
A56.8,I,I/A56.8.md,"Infection à Chlamydia transmise par voie sexuelle, autres localisations",true,false,true,false,true,0,codable,OWL_ANS,emissible,2277
A57,I,I/A57.md,Chancre mou,true,false,true,false,true,0,codable,OWL_ANS,emissible,1734
A58,I,I/A58.md,Granulome inguinal,true,false,true,false,true,0,codable,OWL_ANS,emissible,1750
A59.0,I,I/A59.0.md,Trichomonase urogénitale,true,false,true,false,true,0,codable,OWL_ANS,emissible,1965
A59.8,I,I/A59.8.md,Autres localisations de trichomonase,true,false,true,false,false,0,codable,OWL_ANS,emissible,1620
A59.9,I,I/A59.9.md,"Trichomonase, sans précision",true,false,true,false,true,0,codable,OWL_ANS,emissible,1586
A60.0,I,I/A60.0.md,Infection des organes génitaux et de l'appareil génito-urinaire par le virus de l'herpès,true,false,true,false,true,0,codable,OWL_ANS,emissible,1945
A60.1,I,I/A60.1.md,"Infection de la marge cutanée de l'anus et du rectum, par le virus de l'herpès",true,false,true,false,true,0,codable,OWL_ANS,emissible,1587
A60.9,I,I/A60.9.md,"Infection anogénitale par le virus de l'herpès, sans précision",true,false,true,false,true,0,codable,OWL_ANS,emissible,1598
A63.00,I,I/A63.00.md,Condylomes anaux (vénériens),true,false,true,false,false,0,codable,OWL_ANS,emissible,1570
A63.08,I,I/A63.08.md,Autres condylomes anogénitaux (vénériens),true,false,true,false,true,0,codable,OWL_ANS,emissible,1643
A63.8,I,I/A63.8.md,Autres maladies précisées dont le mode de transmission est essentiellement sexuel,true,false,true,false,true,0,codable,OWL_ANS,emissible,1904
A64,I,I/A64.md,"Maladie sexuellement transmise, sans précision",true,false,true,false,true,1,interdit_dp_dr,OWL_ANS,emissible,1688
A65,I,I/A65.md,Syphilis non vénérienne,true,false,true,false,true,0,codable,OWL_ANS,emissible,1528
A66.0,I,I/A66.0.md,Lésions initiales du pian,true,false,true,false,true,0,codable,OWL_ANS,emissible,1583
A66.1,I,I/A66.1.md,Papillomes multiples et pian plantaire humide (pian-crabe),true,false,true,false,true,0,codable,OWL_ANS,emissible,1570
A66.2,I,I/A66.2.md,Autres lésions cutanées précoces du pian,true,false,true,false,true,0,codable,OWL_ANS,emissible,1621
A66.3,I,I/A66.3.md,Hyperkératose pianique,true,false,true,false,true,0,codable,OWL_ANS,emissible,1616
A66.4,I,I/A66.4.md,Gommes et ulcères pianiques,true,false,true,false,true,0,codable,OWL_ANS,emissible,1541
A66.5,I,I/A66.5.md,Gangosa,true,false,true,false,true,0,codable,OWL_ANS,emissible,1491
A66.6,I,I/A66.6.md,Lésions ostéoarticulaires pianiques,true,false,true,false,true,0,codable,OWL_ANS,emissible,1831
A66.7,I,I/A66.7.md,Autres manifestations du pian,true,false,true,false,true,0,codable,OWL_ANS,emissible,1542
A66.8,I,I/A66.8.md,Pian latent,true,false,true,false,true,0,codable,OWL_ANS,emissible,1936
A66.9,I,I/A66.9.md,"Pian, sans précision",true,false,true,false,true,0,codable,OWL_ANS,emissible,1420
A67.0,I,I/A67.0.md,Lésions initiales de la pinta,true,false,true,false,true,0,codable,OWL_ANS,emissible,1482
A67.1,I,I/A67.1.md,Lésions intermédiaires de la pinta,true,false,true,false,true,0,codable,OWL_ANS,emissible,1549
A67.2,I,I/A67.2.md,Lésions tardives de la pinta,true,false,true,false,true,0,codable,OWL_ANS,emissible,1597
A67.3,I,I/A67.3.md,Lésions mixtes de la pinta,true,false,true,false,false,0,codable,OWL_ANS,emissible,1397
A67.9,I,I/A67.9.md,"Pinta, sans précision",true,false,true,false,true,0,codable,OWL_ANS,emissible,1354
A68.0,I,I/A68.0.md,Fièvre récurrente [borréliose] à poux,true,false,true,false,false,0,codable,OWL_ANS,emissible,1515
A68.1,I,I/A68.1.md,Fièvre récurrente [borréliose] à tiques,true,false,true,false,true,0,codable,OWL_ANS,emissible,1621
A68.9,I,I/A68.9.md,"Fièvre récurrente [borréliose], sans précision",true,false,true,false,true,0,codable,OWL_ANS,emissible,1563
A69.0,I,I/A69.0.md,Stomatite ulcéronécrotique,true,false,true,false,true,0,codable,OWL_ANS,emissible,1550
A69.1,I,I/A69.1.md,Autres infections dites de Vincent,true,false,true,false,true,0,codable,OWL_ANS,emissible,1852
A69.2,I,I/A69.2.md,Maladie de Lyme,true,false,true,false,true,0,codable,OWL_ANS,emissible,1639
A69.8,I,I/A69.8.md,Autres infections à spirochètes précisées,true,false,true,false,true,0,codable,OWL_ANS,emissible,1577
A69.9,I,I/A69.9.md,"Infection à spirochètes, sans précision",true,false,true,false,true,0,codable,OWL_ANS,emissible,1370
A70,I,I/A70.md,Infection à Chlamydia psittaci,true,false,true,false,true,0,codable,OWL_ANS,emissible,1358
A71.0,I,I/A71.0.md,Phase initiale du trachome,true,false,true,false,false,0,codable,OWL_ANS,emissible,1317
A71.1,I,I/A71.1.md,Phase active du trachome,true,false,true,false,true,0,codable,OWL_ANS,emissible,1624
A71.9,I,I/A71.9.md,"Trachome, sans précision",true,false,true,false,true,0,codable,OWL_ANS,emissible,1298
A74.0,I,I/A74.0.md,Conjonctivite à Chlamydia ,true,false,true,false,true,0,codable,OWL_ANS,emissible,1550
A74.8,I,I/A74.8.md,Autres infections à Chlamydia précisées,true,false,true,false,true,0,codable,OWL_ANS,emissible,1602
A74.9,I,I/A74.9.md,"Infection à Chlamydia, sans précision",true,false,true,false,true,0,codable,OWL_ANS,emissible,1664
A75.0,I,I/A75.0.md,Typhus épidémique à poux dû à Rickettsia prowazekii,true,false,true,false,true,0,codable,OWL_ANS,emissible,1563
A75.1,I,I/A75.1.md,Typhus résurgent [maladie de Brill],true,false,true,false,true,0,codable,OWL_ANS,emissible,1501
A75.2,I,I/A75.2.md,Typhus à Rickettsia typhi,true,false,true,false,true,0,codable,OWL_ANS,emissible,1478
A75.3,I,I/A75.3.md,Typhus à Rickettsia tsutsugamushi,true,false,true,false,true,0,codable,OWL_ANS,emissible,1610
A75.9,I,I/A75.9.md,"Typhus, sans précision",true,false,true,false,true,0,codable,OWL_ANS,emissible,1339
A77.0,I,I/A77.0.md,Fièvre pourprée à Rickettsia rickettsii,true,false,true,false,true,0,codable,OWL_ANS,emissible,1441
A77.1,I,I/A77.1.md,Fièvre pourprée à Rickettsia conorii,true,false,true,false,true,0,codable,OWL_ANS,emissible,1651
A77.2,I,I/A77.2.md,Fièvre pourprée due à Rickettsia sibirica,true,false,true,false,true,0,codable,OWL_ANS,emissible,1321
A77.3,I,I/A77.3.md,Fièvre pourprée due à Rickettsia australis,true,false,true,false,true,0,codable,OWL_ANS,emissible,1298
A77.8,I,I/A77.8.md,Autres fièvres pourprées,true,false,true,false,false,0,codable,OWL_ANS,emissible,1415
A77.9,I,I/A77.9.md,"Fièvre pourprée, sans précision",true,false,true,false,true,0,codable,OWL_ANS,emissible,1316
A78,I,I/A78.md,Fièvre Q,true,false,true,false,true,0,codable,OWL_ANS,emissible,1597
A79.0,I,I/A79.0.md,Fièvre des tranchées,true,false,true,false,true,0,codable,OWL_ANS,emissible,1394
A79.1,I,I/A79.1.md,Rickettsiose varicelliforme due à Rickettsia akari,true,false,true,false,true,0,codable,OWL_ANS,emissible,1413
A79.8,I,I/A79.8.md,Autres types précisés de rickettsiose,true,false,true,false,true,0,codable,OWL_ANS,emissible,1433
A79.9,I,I/A79.9.md,"Rickettsiose, sans précision",true,false,true,false,true,0,codable,OWL_ANS,emissible,1337
A80.0,I,I/A80.0.md,"Poliomyélite paralytique aigüe, associée au virus vaccinal",true,false,true,false,false,0,codable,OWL_ANS,emissible,1362
A80.1,I,I/A80.1.md,"Poliomyélite paralytique aigüe, virus sauvage importé",true,false,true,false,false,0,codable,OWL_ANS,emissible,1357
A80.2,I,I/A80.2.md,"Poliomyélite paralytique aigüe, virus sauvage indigène",true,false,true,false,false,0,codable,OWL_ANS,emissible,1358
A80.3,I,I/A80.3.md,"Poliomyélites paralytiques aigües, autres et sans précision",true,false,true,false,true,0,codable,OWL_ANS,emissible,1430
A80.4,I,I/A80.4.md,Poliomyélite aigüe non paralytique,true,false,true,false,true,0,codable,OWL_ANS,emissible,1409
A80.9,I,I/A80.9.md,"Poliomyélite aigüe, sans précision",true,false,true,false,true,0,codable,OWL_ANS,emissible,1427
A81.0,I,I/A81.0.md,Maladie de Creutzfeldt–Jakob,true,false,true,false,true,0,codable,OWL_ANS,emissible,2022
A81.1,I,I/A81.1.md,Panencéphalite sclérosante subaigüe,true,false,true,false,true,0,codable,OWL_ANS,emissible,2017
A81.2,I,I/A81.2.md,Leucoencéphalopathie multifocale progressive,true,false,true,false,true,0,codable,OWL_ANS,emissible,1953
A81.8,I,I/A81.8.md,"Autres infections atypiques à virus, du système nerveux central",true,false,true,false,true,0,codable,OWL_ANS,emissible,1887
A81.9,I,I/A81.9.md,"Infection atypiques à virus, du système nerveux central, sans précision",true,false,true,false,true,0,codable,OWL_ANS,emissible,1645
A82.0,I,I/A82.0.md,Rage sylvatique,true,false,true,false,true,0,codable,OWL_ANS,emissible,1377
A82.1,I,I/A82.1.md,Rage des rues [rage citadine],true,false,true,false,true,0,codable,OWL_ANS,emissible,1401
A82.9,I,I/A82.9.md,"Rage, sans précision",true,false,true,false,true,0,codable,OWL_ANS,emissible,1404
A83.0,I,I/A83.0.md,Encéphalite japonaise,true,false,true,false,true,0,codable,OWL_ANS,emissible,1705
A83.1,I,I/A83.1.md,Encéphalite équine occidentale,true,false,true,false,false,0,codable,OWL_ANS,emissible,1603
A83.2,I,I/A83.2.md,Encéphalite équine orientale,true,false,true,false,false,0,codable,OWL_ANS,emissible,1601
A83.3,I,I/A83.3.md,Encéphalite de Saint-Louis,true,false,true,false,true,0,codable,OWL_ANS,emissible,1675
A83.4,I,I/A83.4.md,Encéphalite australienne,true,false,true,false,true,0,codable,OWL_ANS,emissible,1743
A83.5,I,I/A83.5.md,Encéphalite de Californie,true,false,true,false,true,0,codable,OWL_ANS,emissible,1839
A83.6,I,I/A83.6.md,Maladie à virus de Rocio,true,false,true,false,true,0,codable,OWL_ANS,emissible,1657
A83.8,I,I/A83.8.md,Autres encéphalites virales transmises par des moustiques,true,false,true,false,true,0,codable,OWL_ANS,emissible,2001
A83.9,I,I/A83.9.md,"Encéphalite virale transmise par des moustiques, sans précision",true,false,true,false,true,0,codable,OWL_ANS,emissible,1668
A84.0,I,I/A84.0.md,Encéphalite de la taïga [encéphalite vernoestivale russe],true,false,true,false,true,0,codable,OWL_ANS,emissible,1612
A84.1,I,I/A84.1.md,Encéphalite d'Europe centrale transmise par des tiques,true,false,true,false,true,0,codable,OWL_ANS,emissible,1643
A84.8,I,I/A84.8.md,Autres encéphalites virales transmises par des tiques,true,false,true,false,true,0,codable,OWL_ANS,emissible,1887
A84.9,I,I/A84.9.md,"Encéphalite virale transmise par des tiques, sans précision",true,false,true,false,true,0,codable,OWL_ANS,emissible,1576
A85.0,I,I/A85.0.md,Encéphalite à entérovirus ,true,false,true,false,true,0,codable,OWL_ANS,emissible,2059
A85.1,I,I/A85.1.md,Encéphalite à adénovirus ,true,false,true,false,true,0,codable,OWL_ANS,emissible,1991
A85.2,I,I/A85.2.md,"Encéphalite virale transmise par des arthropodes, sans précision",true,false,true,false,false,0,codable,OWL_ANS,emissible,1876
A85.8,I,I/A85.8.md,Autres encéphalites virales précisées,true,false,true,false,true,0,codable,OWL_ANS,emissible,2524
A86,I,I/A86.md,"Encéphalite virale, sans précision",true,false,true,false,true,0,codable,OWL_ANS,emissible,1844
A87.0,I,I/A87.0.md,Méningite à entérovirus,true,false,true,false,false,0,codable,OWL_ANS,emissible,1631
A87.1,I,I/A87.1.md,Méningite à adénovirus ,true,false,true,false,true,0,codable,OWL_ANS,emissible,1620
A87.2,I,I/A87.2.md,Chorioméningite lymphocytaire,true,false,true,false,true,0,codable,OWL_ANS,emissible,2092
A87.8,I,I/A87.8.md,Autres méningites virales,true,false,true,false,true,0,codable,OWL_ANS,emissible,1798
A87.9,I,I/A87.9.md,"Méningite virale, sans précision",true,false,true,false,true,0,codable,OWL_ANS,emissible,1696
A88.0,I,I/A88.0.md,Fièvre exanthémateuse à entérovirus [exanthème de Boston],true,false,true,false,true,0,codable,OWL_ANS,emissible,1620
A88.1,I,I/A88.1.md,Vertige épidémique,true,false,true,false,true,0,codable,OWL_ANS,emissible,1573
A88.8,I,I/A88.8.md,Autres infections virales précisées du système nerveux central,true,false,true,false,true,0,codable,OWL_ANS,emissible,1691
A89,I,I/A89.md,"Infection virale du système nerveux central, sans précision",true,false,true,false,false,0,codable,OWL_ANS,emissible,1359
A92.0,I,I/A92.0.md,Fièvre de chikungunya,true,false,true,false,true,0,codable,OWL_ANS,emissible,1450
A92.1,I,I/A92.1.md,Fièvre due au virus O'nyong-nyong,true,false,true,false,false,0,codable,OWL_ANS,emissible,1340
A92.2,I,I/A92.2.md,Fièvre équine vénézuélienne,true,false,true,false,true,0,codable,OWL_ANS,emissible,1543
A92.3,I,I/A92.3.md,Infection due au virus West Nile,true,false,true,false,true,0,codable,OWL_ANS,emissible,1473
A92.4,I,I/A92.4.md,Fièvre de la vallée du Rift,true,false,true,false,false,0,codable,OWL_ANS,emissible,1334
A92.5,I,I/A92.5.md,Maladie due au virus Zika,true,false,true,false,false,0,codable,OWL_ANS,emissible,1496
A92.8,I,I/A92.8.md,"Autres fièvres virales précisées, transmises par des moustiques",true,false,true,false,false,0,codable,OWL_ANS,emissible,1654
A92.9,I,I/A92.9.md,"Fièvre virale transmise par des moustiques, sans précision",true,false,true,false,true,0,codable,OWL_ANS,emissible,1418
A93.0,I,I/A93.0.md,Fièvre d'Oropouche,true,false,true,false,true,0,codable,OWL_ANS,emissible,1283
A93.1,I,I/A93.1.md,Fièvre à phlébotome,true,false,true,false,true,0,codable,OWL_ANS,emissible,1370
A93.2,I,I/A93.2.md,Fièvre à tiques du Colorado,true,false,true,false,false,0,codable,OWL_ANS,emissible,1233
A93.8,I,I/A93.8.md,"Autres fièvres virales précisées, transmises par des arthropodes",true,false,true,false,true,0,codable,OWL_ANS,emissible,1606
A94,I,I/A94.md,"Fièvre virale transmise par des arthropodes, sans précision",true,false,true,false,true,0,codable,OWL_ANS,emissible,1562
A95.0,I,I/A95.0.md,Fièvre jaune sylvatique,true,false,true,false,false,0,codable,OWL_ANS,emissible,1301
A95.1,I,I/A95.1.md,Fièvre jaune citadine,true,false,true,false,false,0,codable,OWL_ANS,emissible,1227
A95.9,I,I/A95.9.md,"Fièvre jaune, sans précision",true,false,true,false,true,0,codable,OWL_ANS,emissible,1337
A96.0,I,I/A96.0.md,Fièvre hémorragique de Junin,true,false,true,false,false,0,codable,OWL_ANS,emissible,1289
A96.1,I,I/A96.1.md,Fièvre hémorragique de Machupo,true,false,true,false,false,0,codable,OWL_ANS,emissible,1290
A96.2,I,I/A96.2.md,Fièvre de Lassa,true,false,true,false,true,0,codable,OWL_ANS,emissible,1279
A96.8,I,I/A96.8.md,Autres fièvres hémorragiques à arénavirus,true,false,true,false,false,0,codable,OWL_ANS,emissible,1400
A96.9,I,I/A96.9.md,"Fièvre hémorragique à arénavirus, sans précision",true,false,true,false,true,0,codable,OWL_ANS,emissible,1353
A97.0,I,I/A97.0.md,Dengue sans signe d'alerte,true,false,true,false,false,0,codable,OWL_ANS,emissible,1333
A97.1,I,I/A97.1.md,Dengue avec signes d'alerte,true,false,true,false,false,0,codable,OWL_ANS,emissible,1696
A97.2,I,I/A97.2.md,Dengue sévère,true,false,true,false,false,0,codable,OWL_ANS,emissible,1681
A97.9,I,I/A97.9.md,"Dengue, sans précision",true,false,true,false,false,0,codable,OWL_ANS,emissible,1228
A98.0,I,I/A98.0.md,Fièvre hémorragique de Crimée-Congo,true,false,true,false,false,0,codable,OWL_ANS,emissible,1450
A98.1,I,I/A98.1.md,Fièvre hémorragique d'Omsk,true,false,true,false,false,0,codable,OWL_ANS,emissible,1382
A98.2,I,I/A98.2.md,Maladie de la forêt de Kyasanur,true,false,true,false,true,0,codable,OWL_ANS,emissible,1511
A98.3,I,I/A98.3.md,Maladie de Marburg,true,false,true,false,true,0,codable,OWL_ANS,emissible,1435
A98.4,I,I/A98.4.md,Maladie à virus Ebola,true,false,true,false,true,0,codable,OWL_ANS,emissible,1439
A98.5,I,I/A98.5.md,Fièvre hémorragique avec syndrome rénal,true,false,true,false,true,0,codable,OWL_ANS,emissible,1856
A98.8,I,I/A98.8.md,Autres fièvres hémorragiques virales précisées,true,false,true,false,true,0,codable,OWL_ANS,emissible,1750
A99,I,I/A99.md,"Fièvre hémorragique virale, sans précision",true,false,true,false,true,0,codable,OWL_ANS,emissible,1484
B00.0,I,I/B00.0.md,Exéma [Eczéma] herpétique,true,false,true,false,true,0,codable,OWL_ANS,emissible,1749
B00.1,I,I/B00.1.md,Dermite vésiculaire due au virus de l'herpès,true,false,true,false,true,0,codable,OWL_ANS,emissible,2133
B00.2,I,I/B00.2.md,Gingivostomatite et pharyngoamygdalite due au virus de l'herpès,true,false,true,false,true,0,codable,OWL_ANS,emissible,1871
B00.3,I,I/B00.3.md,Méningite due au virus de l'herpès ,true,false,true,false,true,0,codable,OWL_ANS,emissible,1562
B00.4,I,I/B00.4.md,Encéphalite due au virus de l'herpès ,true,false,true,false,true,0,codable,OWL_ANS,emissible,2013
B00.5,I,I/B00.5.md,Affections oculaires dues au virus de l'herpès,true,false,true,false,true,0,codable,OWL_ANS,emissible,2100
B00.7,I,I/B00.7.md,Maladie disséminée due au virus de l'herpès,true,false,true,false,true,0,codable,OWL_ANS,emissible,1795
B00.8,I,I/B00.8.md,Autres formes d'infection due au virus de l'herpès,true,false,true,false,true,0,codable,OWL_ANS,emissible,2353
B00.9,I,I/B00.9.md,"Infection due au virus de l'herpès, sans précision",true,false,true,false,true,0,codable,OWL_ANS,emissible,1842
B01.0,I,I/B01.0.md,Méningite varicelleuse ,true,false,true,false,true,0,codable,OWL_ANS,emissible,1368
B01.1,I,I/B01.1.md,Encéphalite varicelleuse ,true,false,true,false,true,0,codable,OWL_ANS,emissible,1594
B01.2,I,I/B01.2.md,Pneumopathie varicelleuse ,true,false,true,false,true,0,codable,OWL_ANS,emissible,1418
B01.8,I,I/B01.8.md,Varicelle avec autres complications,true,false,true,false,true,0,codable,OWL_ANS,emissible,1579
B01.9,I,I/B01.9.md,Varicelle sans complication,true,false,true,false,true,0,codable,OWL_ANS,emissible,1453
B02.0,I,I/B02.0.md,Encéphalite zostérienne ,true,false,true,false,true,0,codable,OWL_ANS,emissible,1609
B02.1,I,I/B02.1.md,Méningite zostérienne ,true,false,true,false,true,0,codable,OWL_ANS,emissible,1295
B02.2,I,I/B02.2.md,Zona accompagné d'autres manifestations neurologiques,true,false,true,false,true,0,codable,OWL_ANS,emissible,1756
B02.3,I,I/B02.3.md,Zona ophtalmique,true,false,true,false,true,0,codable,OWL_ANS,emissible,1688
B02.7,I,I/B02.7.md,Zona disséminé,true,false,true,false,true,0,codable,OWL_ANS,emissible,1355
B02.8,I,I/B02.8.md,Zona avec autres complications,true,false,true,false,true,0,codable,OWL_ANS,emissible,1741
B02.9,I,I/B02.9.md,Zona sans complication,true,false,true,false,true,0,codable,OWL_ANS,emissible,1507
B03,I,I/B03.md,Variole,true,false,true,false,true,0,codable,OWL_ANS,emissible,1270
B04,I,I/B04.md,Monkeypox,true,false,true,false,true,0,codable,OWL_ANS,emissible,1249
B05.0,I,I/B05.0.md,Rougeole compliquée d'une encéphalite ,true,false,true,false,true,0,codable,OWL_ANS,emissible,1650
B05.1,I,I/B05.1.md,Rougeole compliquée d'une méningite ,true,false,true,false,true,0,codable,OWL_ANS,emissible,1459
B05.2,I,I/B05.2.md,Rougeole compliquée d'une pneumopathie ,true,false,true,false,true,0,codable,OWL_ANS,emissible,1581
B05.3,I,I/B05.3.md,Rougeole compliquée d'une otite moyenne ,true,false,true,false,false,0,codable,OWL_ANS,emissible,1398
B05.4,I,I/B05.4.md,Rougeole avec complications intestinales,true,false,true,false,false,0,codable,OWL_ANS,emissible,1344
B05.8,I,I/B05.8.md,Rougeole avec autres complications,true,false,true,false,true,0,codable,OWL_ANS,emissible,1793
B05.9,I,I/B05.9.md,Rougeole sans complication,true,false,true,false,true,0,codable,OWL_ANS,emissible,1452
B06.0,I,I/B06.0.md,Rubéole avec complications neurologiques,true,false,true,false,true,0,codable,OWL_ANS,emissible,1580
B06.8,I,I/B06.8.md,Rubéole avec autres complications,true,false,true,false,false,0,codable,OWL_ANS,emissible,1484
B06.9,I,I/B06.9.md,Rubéole sans complication,true,false,true,false,true,0,codable,OWL_ANS,emissible,1431
B07,I,I/B07.md,Verrues d'origine virale,true,false,true,false,true,0,codable,OWL_ANS,emissible,1732
B08.0,I,I/B08.0.md,Autres infections à orthopoxvirus,true,false,true,false,true,0,codable,OWL_ANS,emissible,1914
B08.1,I,I/B08.1.md,Molluscum contagiosum,true,false,true,false,true,0,codable,OWL_ANS,emissible,1466
B08.2,I,I/B08.2.md,Exanthème subit [sixième maladie] [roséole infantile],true,false,true,false,true,0,codable,OWL_ANS,emissible,1517
B08.3,I,I/B08.3.md,Érythème infectieux [cinquième maladie] [mégalérythème épidémique],true,false,true,false,true,0,codable,OWL_ANS,emissible,1648
B08.4,I,I/B08.4.md,"Stomatite vésiculaire avec exanthème, due à un entérovirus",true,false,true,false,true,0,codable,OWL_ANS,emissible,1505
B08.5,I,I/B08.5.md,Pharyngite vésiculaire due à un entérovirus,true,false,true,false,true,0,codable,OWL_ANS,emissible,1520
B08.8,I,I/B08.8.md,"Autres infections virales précisées, caractérisées par des lésions cutanéomuqueuses",true,false,true,false,true,0,codable,OWL_ANS,emissible,2116
B09,I,I/B09.md,"Infection virale caractérisée par des lésions cutanéomuqueuses, sans précision",true,false,true,false,true,0,codable,OWL_ANS,emissible,1543
B15.0,I,I/B15.0.md,Hépatite A avec coma hépatique,true,false,true,false,false,0,codable,OWL_ANS,emissible,1338
B15.9,I,I/B15.9.md,Hépatite A sans coma hépatique,true,false,true,false,true,0,codable,OWL_ANS,emissible,1670
B16.0,I,I/B16.0.md,"Hépatite aigüe B avec agent delta, avec coma hépatique",true,false,true,false,false,0,codable,OWL_ANS,emissible,1362
B16.1,I,I/B16.1.md,"Hépatite aigüe B avec agent delta, sans coma hépatique",true,false,true,false,true,0,codable,OWL_ANS,emissible,1506
B16.2,I,I/B16.2.md,"Hépatite aigüe B sans agent delta, avec coma hépatique",true,false,true,false,false,0,codable,OWL_ANS,emissible,1362
B16.9,I,I/B16.9.md,"Hépatite aigüe B, sans agent delta et sans coma hépatique",true,false,true,false,true,0,codable,OWL_ANS,emissible,1795
B17.0,I,I/B17.0.md,(Sur)infection aigüe par agent delta au cours de l'hépatite B chronique,true,false,true,false,true,0,codable,OWL_ANS,emissible,1558
B17.1,I,I/B17.1.md,Hépatite aigüe C,true,false,true,false,true,0,codable,OWL_ANS,emissible,1641
B17.2,I,I/B17.2.md,Hépatite aigüe E,true,false,true,false,true,0,codable,OWL_ANS,emissible,1477
B17.8,I,I/B17.8.md,Autres hépatites virales aigües précisées,true,false,true,false,true,0,codable,OWL_ANS,emissible,1744
B17.9,I,I/B17.9.md,"Hépatite virale aigüe, sans précision",true,false,true,false,true,0,codable,OWL_ANS,emissible,1698
B18.0,I,I/B18.0.md,Hépatite virale chronique B avec agent delta,true,false,true,false,true,0,codable,OWL_ANS,emissible,1806
B18.00,I,I/B18.00.md,"Hépatite virale chronique B avec agent delta - "" phase d'immunotolérance """,true,false,true,false,false,0,codable,OWL_ANS,emissible,1589
B18.09,I,I/B18.09.md,"Hépatite virale chronique B avec agent delta - "" phase autre et non spécifiée """,true,false,true,false,false,0,codable,OWL_ANS,emissible,1594
B18.1,I,I/B18.1.md,Hépatite virale chronique B sans agent delta,true,false,true,false,true,0,codable,OWL_ANS,emissible,1926
B18.10,I,I/B18.10.md,"Hépatite virale chronique B sans agent delta - "" phase d'immunotolérance """,true,false,true,false,false,0,codable,OWL_ANS,emissible,1660
B18.19,I,I/B18.19.md,"Hépatite virale chronique B sans agent delta - "" phase autre et non spécifiée """,true,false,true,false,false,0,codable,OWL_ANS,emissible,1665
B18.2,I,I/B18.2.md,Hépatite virale chronique C,true,false,true,false,true,0,codable,OWL_ANS,emissible,1690
B18.8,I,I/B18.8.md,Autres hépatites virales chroniques,true,false,true,false,true,0,codable,OWL_ANS,emissible,1734
B18.9,I,I/B18.9.md,"Hépatite virale chronique, sans précision",true,false,true,false,true,0,codable,OWL_ANS,emissible,1660
B19.0,I,I/B19.0.md,"Hépatite virale, sans précision, avec coma hépatique",true,false,true,false,false,0,codable,OWL_ANS,emissible,1360
B19.9,I,I/B19.9.md,"Hépatite virale, sans précision, sans coma hépatique",true,false,true,false,true,0,codable,OWL_ANS,emissible,1734
B20.0,I,I/B20.0.md,Maladie par VIH à l'origine d'une infection mycobactérienne,true,false,true,true,true,0,codable,OWL_ANS,emissible,2016
B20.1,I,I/B20.1.md,Maladie par VIH à l'origine d'autres infections bactériennes,true,false,true,true,false,0,codable,OWL_ANS,emissible,1842
B20.2,I,I/B20.2.md,Maladie par VIH à l'origine d'infections à cytomégalovirus,true,false,true,true,false,0,codable,OWL_ANS,emissible,1840
B20.3,I,I/B20.3.md,Maladie par VIH à l'origine d'autres infections virales,true,false,true,true,false,0,codable,OWL_ANS,emissible,1837
B20.4,I,I/B20.4.md,Maladie par VIH à l'origine de candidose,true,false,true,true,true,0,codable,OWL_ANS,emissible,1927
B20.5,I,I/B20.5.md,Maladie par VIH à l'origine d'autres mycoses,true,false,true,true,true,0,codable,OWL_ANS,emissible,1901
B20.6,I,I/B20.6.md,Maladie par VIH à l'origine de pneumopathie à Pneumocystis carinii,true,false,true,true,true,0,codable,OWL_ANS,emissible,2026
B20.7,I,I/B20.7.md,Maladie par VIH à l'origine d'infections multiples,true,false,true,true,true,0,codable,OWL_ANS,emissible,1902
B20.8,I,I/B20.8.md,Maladie par VIH à l'origine d'autres maladies infectieuses et parasitaires,true,false,true,true,true,0,codable,OWL_ANS,emissible,2538
B20.9,I,I/B20.9.md,Maladie par VIH à l'origine d'une maladie infectieuse ou parasitaire non précisée,true,false,true,true,true,0,codable,OWL_ANS,emissible,2076
B21.0,I,I/B21.0.md,Maladie par VIH à l'origine d'un sarcome de Kaposi,true,false,true,true,true,0,codable,OWL_ANS,emissible,1853
B21.1,I,I/B21.1.md,Maladie par VIH à l'origine d'un lymphome de Burkitt,true,false,true,true,true,0,codable,OWL_ANS,emissible,1783
B21.2,I,I/B21.2.md,Maladie par VIH à l'origine d'autres lymphomes non hodgkiniens,true,false,true,true,true,0,codable,OWL_ANS,emissible,1889
B21.3,I,I/B21.3.md,"Maladie par VIH à l'origine d'autres tumeurs malignes des tissus lymphoïde, hématopoïétique et apparentés",true,false,true,true,false,0,codable,OWL_ANS,emissible,1776
B21.7,I,I/B21.7.md,Maladie par VIH à l'origine de tumeurs malignes multiples,true,false,true,true,false,0,codable,OWL_ANS,emissible,1728
B21.8,I,I/B21.8.md,Maladie par VIH à l'origine d'autres tumeurs malignes,true,false,true,true,false,0,codable,OWL_ANS,emissible,2156
B21.9,I,I/B21.9.md,"Maladie par VIH à l'origine d'une tumeur maligne, sans précision",true,false,true,true,true,0,codable,OWL_ANS,emissible,1872
B22.0,I,I/B22.0.md,Maladie par VIH à l'origine d'une encéphalopathie,true,false,true,true,true,0,codable,OWL_ANS,emissible,1964
B22.1,I,I/B22.1.md,Maladie par VIH à l'origine d'une pneumopathie lymphoïde interstitielle,true,false,true,true,false,0,codable,OWL_ANS,emissible,1742
B22.2,I,I/B22.2.md,Maladie par VIH à l'origine d'un syndrome cachectique,true,false,true,true,true,0,codable,OWL_ANS,emissible,2097
B22.7,I,I/B22.7.md,Maladie par VIH à l'origine de maladies multiples classées ailleurs,true,false,true,true,true,0,codable,OWL_ANS,emissible,2005
B23.0,I,I/B23.0.md,Syndrome d'infection aigüe par VIH,true,false,true,true,false,0,codable,OWL_ANS,emissible,1705
B23.1,I,I/B23.1.md,Maladie par VIH à l'origine d'adénopathies généralisées (persistantes),true,false,true,true,true,0,codable,OWL_ANS,emissible,1824
B23.2,I,I/B23.2.md,"Maladie par VIH à l'origine d'anomalies hématologiques et immunologiques, non classées ailleurs",true,false,true,true,true,0,codable,OWL_ANS,emissible,1825
B23.8,I,I/B23.8.md,Maladie par VIH à l'origine d'autres états précisés,true,false,true,true,true,0,codable,OWL_ANS,emissible,2221
B24.+0,I,I/B24.+0.md,"Pré-SIDA [ARC], sans précision",true,false,true,true,false,0,codable,OWL_ANS,emissible,1830
B24.+1,I,I/B24.+1.md,"SIDA avéré, sans précision",true,false,true,true,false,0,codable,OWL_ANS,emissible,1826
B24.+9,I,I/B24.+9.md,"Infection par le VIH, sans précision",true,false,true,true,false,0,codable,OWL_ANS,emissible,1836
B25.0,I,I/B25.0.md,Pneumopathie à cytomégalovirus,true,false,true,false,true,0,codable,OWL_ANS,emissible,1585
B25.1,I,I/B25.1.md,Hépatite à cytomégalovirus,true,false,true,false,true,0,codable,OWL_ANS,emissible,1552
B25.2,I,I/B25.2.md,Pancréatite à cytomégalovirus,true,false,true,false,true,0,codable,OWL_ANS,emissible,1425
B25.8,I,I/B25.8.md,Autres maladies à cytomégalovirus,true,false,true,false,true,0,codable,OWL_ANS,emissible,1876
B25.9,I,I/B25.9.md,"Maladie à cytomégalovirus, sans précision",true,false,true,false,true,0,codable,OWL_ANS,emissible,1794
B26.0,I,I/B26.0.md,Orchite ourlienne ,true,false,true,false,true,0,codable,OWL_ANS,emissible,1417
B26.1,I,I/B26.1.md,Méningite ourlienne ,true,false,true,false,true,0,codable,OWL_ANS,emissible,1368
B26.2,I,I/B26.2.md,Encéphalite ourlienne ,true,false,true,false,true,0,codable,OWL_ANS,emissible,1432
B26.3,I,I/B26.3.md,Pancréatite ourlienne ,true,false,true,false,true,0,codable,OWL_ANS,emissible,1372
B26.8,I,I/B26.8.md,Oreillons avec autres complications,true,false,true,false,true,0,codable,OWL_ANS,emissible,1663
B26.9,I,I/B26.9.md,Oreillons sans complication,true,false,true,false,true,0,codable,OWL_ANS,emissible,1709
B27.0,I,I/B27.0.md,Mononucléose due à herpèsvirus gamma,true,false,true,false,true,0,codable,OWL_ANS,emissible,1603
B27.1,I,I/B27.1.md,Mononucléose à cytomégalovirus,true,false,true,false,false,0,codable,OWL_ANS,emissible,1347
B27.8,I,I/B27.8.md,Autres mononucléoses infectieuses,true,false,true,false,false,0,codable,OWL_ANS,emissible,1483
B27.9,I,I/B27.9.md,"Mononucléose infectieuse, sans précision",true,false,true,false,true,0,codable,OWL_ANS,emissible,1453
B30.0,I,I/B30.0.md,Kératoconjonctivite due à un adénovirus ,true,false,true,false,true,0,codable,OWL_ANS,emissible,1473
B30.1,I,I/B30.1.md,Conjonctivite due à un adénovirus,true,false,true,false,true,0,codable,OWL_ANS,emissible,1558
B30.2,I,I/B30.2.md,Pharyngoconjonctivite virale,true,false,true,false,true,0,codable,OWL_ANS,emissible,1415
B30.3,I,I/B30.3.md,Conjonctivite hémorragique aigüe épidémique (entérovirale),true,false,true,false,true,0,codable,OWL_ANS,emissible,1636
B30.8,I,I/B30.8.md,Autres conjonctivites virales ,true,false,true,false,true,0,codable,OWL_ANS,emissible,1769
B30.9,I,I/B30.9.md,"Conjonctivite virale, sans précision",true,false,true,false,true,0,codable,OWL_ANS,emissible,1390
B33.0,I,I/B33.0.md,Myalgie épidémique,true,false,true,false,true,0,codable,OWL_ANS,emissible,1357
B33.1,I,I/B33.1.md,Maladie de la Ross River,true,false,true,false,true,0,codable,OWL_ANS,emissible,1389
B33.2,I,I/B33.2.md,Cardite virale,true,false,true,false,true,0,codable,OWL_ANS,emissible,1448
B33.3,I,I/B33.3.md,"Infections à rétrovirus, non classées ailleurs",true,false,true,false,true,0,codable,OWL_ANS,emissible,1496
B33.4,I,I/B33.4.md,Syndrome (cardio)pulmonaire à virus Hanta [hantavirus] [SPH] [SCPH] ,true,false,true,false,false,0,codable,OWL_ANS,emissible,1420
B33.8,I,I/B33.8.md,Autres maladies à virus précisées,true,false,true,false,true,0,codable,OWL_ANS,emissible,1769
B34.0,I,I/B34.0.md,"Infection adénovirale, siège non précisé",true,false,true,false,true,0,codable,OWL_ANS,emissible,1750
B34.1,I,I/B34.1.md,"Infection entérovirale, siège non précisé",true,false,true,false,true,0,codable,OWL_ANS,emissible,1743
B34.2,I,I/B34.2.md,"Infection coronavirale, siège non précisé",true,false,true,false,true,0,codable,OWL_ANS,emissible,1637
B34.3,I,I/B34.3.md,"Infection parvovirale, siège non précisé",true,false,true,false,true,0,codable,OWL_ANS,emissible,1519
B34.4,I,I/B34.4.md,"Infection papovavirale, siège non précisé",true,false,true,false,true,0,codable,OWL_ANS,emissible,1522
B34.8,I,I/B34.8.md,"Autres infections virales, siège non précisé",true,false,true,false,true,0,codable,OWL_ANS,emissible,2008
B34.9,I,I/B34.9.md,"Infection virale, sans précision",true,false,true,false,true,0,codable,OWL_ANS,emissible,1836
B35.0,I,I/B35.0.md,Teigne de la barbe et du cuir chevelu,true,false,true,false,true,0,codable,OWL_ANS,emissible,2013
B35.1,I,I/B35.1.md,Teigne de l'ongle,true,false,true,false,true,0,codable,OWL_ANS,emissible,1876
B35.2,I,I/B35.2.md,Teigne de la main,true,false,true,false,true,0,codable,OWL_ANS,emissible,1812
B35.3,I,I/B35.3.md,Teigne du pied,true,false,true,false,true,0,codable,OWL_ANS,emissible,1926
B35.4,I,I/B35.4.md,Teigne de la peau glabre,true,false,true,false,true,0,codable,OWL_ANS,emissible,1892
B35.5,I,I/B35.5.md,Teigne imbriquée,true,false,true,false,false,0,codable,OWL_ANS,emissible,1716
B35.6,I,I/B35.6.md,Dermatophytose inguinocrurale [Tinea cruris],true,false,true,false,true,0,codable,OWL_ANS,emissible,1910
B35.8,I,I/B35.8.md,Autres dermatophytoses,true,false,true,false,true,0,codable,OWL_ANS,emissible,2396
B35.9,I,I/B35.9.md,"Dermatophytose, sans précision",true,false,true,false,true,0,codable,OWL_ANS,emissible,1880
B36.0,I,I/B36.0.md,Pityriasis versicolor,true,false,true,false,true,0,codable,OWL_ANS,emissible,1523
B36.1,I,I/B36.1.md,Tinea nigra,true,false,true,false,true,0,codable,OWL_ANS,emissible,1458
B36.2,I,I/B36.2.md,Piedra blanche,true,false,true,false,true,0,codable,OWL_ANS,emissible,1580
B36.3,I,I/B36.3.md,Piedra noire,true,false,true,false,true,0,codable,OWL_ANS,emissible,1401
B36.8,I,I/B36.8.md,Autres mycoses superficielles précisées,true,false,true,false,true,0,codable,OWL_ANS,emissible,1719
B36.9,I,I/B36.9.md,"Mycose superficielle, sans précision",true,false,true,false,true,0,codable,OWL_ANS,emissible,1452
B37.0,I,I/B37.0.md,Stomatite à Candida,true,false,true,false,true,0,codable,OWL_ANS,emissible,1943
B37.1,I,I/B37.1.md,Candidose pulmonaire,true,false,true,false,true,0,codable,OWL_ANS,emissible,1959
B37.2,I,I/B37.2.md,Candidose de la peau et des ongles,true,false,true,false,true,0,codable,OWL_ANS,emissible,2050
B37.3,I,I/B37.3.md,Candidose de la vulve et du vagin ,true,false,true,false,true,0,codable,OWL_ANS,emissible,1769
B37.4,I,I/B37.4.md,Candidose d'autres localisations urogénitales,true,false,true,false,true,0,codable,OWL_ANS,emissible,1974
B37.5,I,I/B37.5.md,Méningite à Candida ,true,false,true,false,true,0,codable,OWL_ANS,emissible,1725
B37.6,I,I/B37.6.md,Endocardite à Candida ,true,false,true,false,true,0,codable,OWL_ANS,emissible,1876
B37.7,I,I/B37.7.md,Sepsis à Candida,true,false,true,true,true,0,codable,OWL_ANS,emissible,2484
B37.8,I,I/B37.8.md,Autres localisations de candidose,true,false,true,false,true,0,codable,OWL_ANS,emissible,2503
B37.9,I,I/B37.9.md,"Candidose, sans précision",true,false,true,false,true,0,codable,OWL_ANS,emissible,1942
B38.0,I,I/B38.0.md,Coccidioïdomycose pulmonaire aigüe,true,false,true,false,true,0,codable,OWL_ANS,emissible,1387
B38.1,I,I/B38.1.md,Coccidioïdomycose pulmonaire chronique,true,false,true,false,false,0,codable,OWL_ANS,emissible,1329
B38.2,I,I/B38.2.md,"Coccidioïdomycose pulmonaire, sans précision",true,false,true,false,false,0,codable,OWL_ANS,emissible,1335
B38.3,I,I/B38.3.md,Coccidioïdomycose cutanée,true,false,true,false,false,0,codable,OWL_ANS,emissible,1316
B38.4,I,I/B38.4.md,Méningite à coccidioïdomycose ,true,false,true,false,true,0,codable,OWL_ANS,emissible,1393
B38.7,I,I/B38.7.md,Coccidioïdomycose disséminée,true,false,true,false,true,0,codable,OWL_ANS,emissible,1501
B38.8,I,I/B38.8.md,Autres formes de coccidioïdomycose,true,false,true,false,true,0,codable,OWL_ANS,emissible,1708
B38.9,I,I/B38.9.md,"Coccidioïdomycose, sans précision",true,false,true,false,true,0,codable,OWL_ANS,emissible,1427
B39.0,I,I/B39.0.md,Histoplasmose pulmonaire aigüe à Histoplasma capsulatum,true,false,true,false,false,0,codable,OWL_ANS,emissible,1346
B39.1,I,I/B39.1.md,Histoplasmose pulmonaire chronique à Histoplasma capsulatum,true,false,true,false,false,0,codable,OWL_ANS,emissible,1350
B39.2,I,I/B39.2.md,"Histoplasmose pulmonaire à Histoplasma capsulatum, sans précision",true,false,true,false,true,0,codable,OWL_ANS,emissible,1450
B39.3,I,I/B39.3.md,Histoplasmose disséminée à Histoplasma capsulatum,true,false,true,false,true,0,codable,OWL_ANS,emissible,1481
B39.4,I,I/B39.4.md,"Histoplasmose à Histoplasma capsulatum, sans précision",true,false,true,false,true,0,codable,OWL_ANS,emissible,1493
B39.5,I,I/B39.5.md,Histoplasmose à Histoplasma duboisii,true,false,true,false,true,0,codable,OWL_ANS,emissible,1475
B39.9,I,I/B39.9.md,"Histoplasmose, sans précision",true,false,true,false,true,0,codable,OWL_ANS,emissible,1583
B40.0,I,I/B40.0.md,Blastomycose pulmonaire aigüe,true,false,true,false,false,0,codable,OWL_ANS,emissible,1451
B40.1,I,I/B40.1.md,Blastomycose pulmonaire chronique,true,false,true,false,false,0,codable,OWL_ANS,emissible,1455
B40.2,I,I/B40.2.md,"Blastomycose pulmonaire, sans précision",true,false,true,false,true,0,codable,OWL_ANS,emissible,1527
B40.3,I,I/B40.3.md,Blastomycose cutanée,true,false,true,false,true,0,codable,OWL_ANS,emissible,1505
B40.7,I,I/B40.7.md,Blastomycose disséminée,true,false,true,false,true,0,codable,OWL_ANS,emissible,1559
B40.8,I,I/B40.8.md,Autres formes de blastomycose,true,false,true,false,true,0,codable,OWL_ANS,emissible,1796
B40.9,I,I/B40.9.md,"Blastomycose, sans précision",true,false,true,false,true,0,codable,OWL_ANS,emissible,1579
B41.0,I,I/B41.0.md,Paracoccidioïdomycose pulmonaire,true,false,true,false,false,0,codable,OWL_ANS,emissible,1454
B41.7,I,I/B41.7.md,Paracoccidioïdomycose disséminée,true,false,true,false,false,0,codable,OWL_ANS,emissible,1511
B41.8,I,I/B41.8.md,Autres formes de paracoccidioïdomycose,true,false,true,false,true,0,codable,OWL_ANS,emissible,1661
B41.9,I,I/B41.9.md,"Paracoccidioïdomycose, sans précision",true,false,true,false,true,0,codable,OWL_ANS,emissible,1550
B42.0,I,I/B42.0.md,Sporotrichose pulmonaire ,true,false,true,false,true,0,codable,OWL_ANS,emissible,1383
B42.1,I,I/B42.1.md,Sporotrichose lymphocutanée,true,false,true,false,true,0,codable,OWL_ANS,emissible,1410
B42.7,I,I/B42.7.md,Sporotrichose disséminée,true,false,true,false,true,0,codable,OWL_ANS,emissible,1466
B42.8,I,I/B42.8.md,Autres formes de sporotrichose,true,false,true,false,true,0,codable,OWL_ANS,emissible,1628
B42.9,I,I/B42.9.md,"Sporotrichose, sans précision",true,false,true,false,true,0,codable,OWL_ANS,emissible,1376
B43.0,I,I/B43.0.md,Chromomycose cutanée,true,false,true,false,true,0,codable,OWL_ANS,emissible,1486
B43.1,I,I/B43.1.md,Abcès phæohyphomycosique du cerveau,true,false,true,false,true,0,codable,OWL_ANS,emissible,1437
B43.2,I,I/B43.2.md,Abcès et kyste phæohyphomycosiques souscutanés,true,false,true,false,true,0,codable,OWL_ANS,emissible,1464
B43.8,I,I/B43.8.md,Autres formes de chromomycose,true,false,true,false,true,0,codable,OWL_ANS,emissible,1609
B43.9,I,I/B43.9.md,"Chromomycose, sans précision",true,false,true,false,true,0,codable,OWL_ANS,emissible,1434
B44.0,I,I/B44.0.md,Aspergillose pulmonaire invasive,true,false,true,false,true,0,codable,OWL_ANS,emissible,1793
B44.1,I,I/B44.1.md,Autres aspergilloses pulmonaires,true,false,true,false,true,0,codable,OWL_ANS,emissible,1799
B44.2,I,I/B44.2.md,Aspergillose amygdalienne,true,false,true,false,true,0,codable,OWL_ANS,emissible,1442
B44.7,I,I/B44.7.md,Aspergillose disséminée,true,false,true,false,true,0,codable,OWL_ANS,emissible,1637
B44.8,I,I/B44.8.md,Autres formes d'aspergillose,true,false,true,false,true,0,codable,OWL_ANS,emissible,1942
B44.9,I,I/B44.9.md,"Aspergillose, sans précision",true,false,true,false,true,0,codable,OWL_ANS,emissible,1735
B45.0,I,I/B45.0.md,Cryptococcose pulmonaire,true,false,true,false,true,0,codable,OWL_ANS,emissible,1545
B45.1,I,I/B45.1.md,Cryptococcose cérébrale,true,false,true,false,true,0,codable,OWL_ANS,emissible,1814
B45.2,I,I/B45.2.md,Cryptococcose cutanée,true,false,true,false,true,0,codable,OWL_ANS,emissible,1376
B45.3,I,I/B45.3.md,Cryptococcose osseuse,true,false,true,false,true,0,codable,OWL_ANS,emissible,1467
B45.7,I,I/B45.7.md,Cryptococcose disséminée,true,false,true,false,true,0,codable,OWL_ANS,emissible,1538
B45.8,I,I/B45.8.md,Autres formes de cryptococcose,true,false,true,false,true,0,codable,OWL_ANS,emissible,1725
B45.9,I,I/B45.9.md,"Cryptococcose, sans précision",true,false,true,false,true,0,codable,OWL_ANS,emissible,1493
B46.0,I,I/B46.0.md,Mucormycose pulmonaire,true,false,true,false,true,0,codable,OWL_ANS,emissible,1595
B46.1,I,I/B46.1.md,Mucormycose rhinocérébrale,true,false,true,false,true,0,codable,OWL_ANS,emissible,1588
B46.2,I,I/B46.2.md,Mucormycose gastro-intestinale,true,false,true,false,true,0,codable,OWL_ANS,emissible,1472
B46.3,I,I/B46.3.md,Mucormycose cutanée,true,false,true,false,true,0,codable,OWL_ANS,emissible,1498
B46.4,I,I/B46.4.md,Mucormycose disséminée,true,false,true,false,true,0,codable,OWL_ANS,emissible,1442
B46.5,I,I/B46.5.md,"Mucormycose, sans précision",true,false,true,false,true,0,codable,OWL_ANS,emissible,1453
B46.8,I,I/B46.8.md,Autres zygomycoses,true,false,true,false,true,0,codable,OWL_ANS,emissible,1807
B46.9,I,I/B46.9.md,"Zygomycose, sans précision",true,false,true,false,true,0,codable,OWL_ANS,emissible,1438
B47.0,I,I/B47.0.md,Eumycétome,true,false,true,false,true,0,codable,OWL_ANS,emissible,1747
B47.1,I,I/B47.1.md,Actinomycétome,true,false,true,false,true,0,codable,OWL_ANS,emissible,1378
B47.9,I,I/B47.9.md,"Mycétome, sans précision",true,false,true,false,true,0,codable,OWL_ANS,emissible,1492
B48.0,I,I/B48.0.md,Lobomycose,true,false,true,false,true,0,codable,OWL_ANS,emissible,1493
B48.1,I,I/B48.1.md,Rhinosporidose,true,false,true,false,true,0,codable,OWL_ANS,emissible,1398
B48.2,I,I/B48.2.md,Allescheriase,true,false,true,false,true,0,codable,OWL_ANS,emissible,1595
B48.3,I,I/B48.3.md,Géotrichose,true,false,true,false,true,0,codable,OWL_ANS,emissible,1556
B48.4,I,I/B48.4.md,Pénicilliose,true,false,true,false,true,0,codable,OWL_ANS,emissible,1381
B48.5,I,I/B48.5.md,Pneumocystose,true,false,true,false,false,0,codable,OWL_ANS,emissible,1405
B48.7,I,I/B48.7.md,Mycoses opportunistes,true,false,true,false,true,0,codable,OWL_ANS,emissible,2625
B48.8,I,I/B48.8.md,Autres mycoses précisées,true,false,true,false,true,0,codable,OWL_ANS,emissible,1767
B49,I,I/B49.md,"Mycose, sans précision",true,false,true,false,true,1,interdit_dp_dr,OWL_ANS,emissible,1762
B50.0,I,I/B50.0.md,Paludisme à Plasmodium falciparum avec complications cérébrales,true,false,true,false,true,0,codable,OWL_ANS,emissible,1746
B50.8,I,I/B50.8.md,Autres formes sévères et compliquées de paludisme à Plasmodium falciparum,true,false,true,false,true,0,codable,OWL_ANS,emissible,1808
B50.9,I,I/B50.9.md,"Paludisme à Plasmodium falciparum, sans précision",true,false,true,false,true,0,codable,OWL_ANS,emissible,1785
B51.0,I,I/B51.0.md,"Paludisme à Plasmodium vivax, avec rupture de la rate",true,false,true,false,false,0,codable,OWL_ANS,emissible,1620
B51.8,I,I/B51.8.md,"Paludisme à Plasmodium vivax, avec autres complications",true,false,true,false,false,0,codable,OWL_ANS,emissible,1729
B51.9,I,I/B51.9.md,"Paludisme à Plasmodium vivax, sans complication",true,false,true,false,true,0,codable,OWL_ANS,emissible,1700
B52.0,I,I/B52.0.md,"Paludisme à Plasmodium malariae, avec atteinte rénale",true,false,true,false,false,0,codable,OWL_ANS,emissible,1669
B52.8,I,I/B52.8.md,"Paludisme à Plasmodium malariae, avec autres complications",true,false,true,false,false,0,codable,OWL_ANS,emissible,1781
B52.9,I,I/B52.9.md,"Paludisme à Plasmodium malariae, sans complication",true,false,true,false,true,0,codable,OWL_ANS,emissible,1774
B53.0,I,I/B53.0.md,Paludisme à Plasmodium ovale,true,false,true,false,true,0,codable,OWL_ANS,emissible,1573
B53.1,I,I/B53.1.md,Paludisme à plasmodies simiennes,true,false,true,false,true,0,codable,OWL_ANS,emissible,1551
B53.8,I,I/B53.8.md,"Autres paludismes, confirmés par examen parasitologique, non classés ailleurs",true,false,true,false,false,0,codable,OWL_ANS,emissible,1569
B54,I,I/B54.md,"Paludisme, sans précision",true,false,true,false,true,0,codable,OWL_ANS,emissible,1683
B55.0,I,I/B55.0.md,Leishmaniose viscérale,true,false,true,false,true,0,codable,OWL_ANS,emissible,1793
B55.1,I,I/B55.1.md,Leishmaniose cutanée,true,false,true,false,true,0,codable,OWL_ANS,emissible,1447
B55.2,I,I/B55.2.md,Leishmaniose cutanéomuqueuse,true,false,true,false,true,0,codable,OWL_ANS,emissible,1377
B55.9,I,I/B55.9.md,"Leishmaniose, sans précision",true,false,true,false,true,0,codable,OWL_ANS,emissible,1421
B56.0,I,I/B56.0.md,Trypanosomiase à Trypanosoma gambiense,true,false,true,false,false,0,codable,OWL_ANS,emissible,1440
B56.1,I,I/B56.1.md,Trypanosomiase à Trypanosoma rhodesiense,true,false,true,false,false,0,codable,OWL_ANS,emissible,1442
B56.9,I,I/B56.9.md,"Trypanosomiase africaine, sans précision",true,false,true,false,true,0,codable,OWL_ANS,emissible,1602
B57.0,I,I/B57.0.md,"Forme aigüe de la maladie de Chagas, avec atteinte cardiaque",true,false,true,false,false,0,codable,OWL_ANS,emissible,1662
B57.1,I,I/B57.1.md,"Forme aigüe de la maladie de Chagas, sans atteinte cardiaque",true,false,true,false,true,0,codable,OWL_ANS,emissible,1689
B57.2,I,I/B57.2.md,Maladie de Chagas (chronique) avec atteinte cardiaque,true,false,true,false,true,0,codable,OWL_ANS,emissible,1951
B57.3,I,I/B57.3.md,Maladie de Chagas (chronique) avec atteinte de l'appareil digestif,true,false,true,false,true,0,codable,OWL_ANS,emissible,1606
B57.4,I,I/B57.4.md,Maladie de Chagas (chronique) avec atteinte du système nerveux,true,false,true,false,false,0,codable,OWL_ANS,emissible,1515
B57.5,I,I/B57.5.md,Maladie de Chagas (chronique) avec atteinte d'autres organes,true,false,true,false,false,0,codable,OWL_ANS,emissible,1513
B58.0,I,I/B58.0.md,Oculopathie à Toxoplasma,true,false,true,false,true,0,codable,OWL_ANS,emissible,1639
B58.1,I,I/B58.1.md,Hépatite à Toxoplasma ,true,false,true,false,true,0,codable,OWL_ANS,emissible,1585
B58.2,I,I/B58.2.md,Méningoencéphalite à Toxoplasma ,true,false,true,false,true,0,codable,OWL_ANS,emissible,1923
B58.3,I,I/B58.3.md,Toxoplasmose pulmonaire ,true,false,true,false,true,0,codable,OWL_ANS,emissible,1617
B58.8,I,I/B58.8.md,Toxoplasmose avec atteinte d'autres organes,true,false,true,false,true,0,codable,OWL_ANS,emissible,2082
B58.9,I,I/B58.9.md,"Toxoplasmose, sans précision",true,false,true,false,true,0,codable,OWL_ANS,emissible,1670
B60.0,I,I/B60.0.md,Babésiose,true,false,true,false,true,0,codable,OWL_ANS,emissible,1573
B60.1,I,I/B60.1.md,Acanthamœbiose,true,false,true,false,true,0,codable,OWL_ANS,emissible,1713
B60.2,I,I/B60.2.md,Nægleriase,true,false,true,false,true,0,codable,OWL_ANS,emissible,1836
B60.80,I,I/B60.80.md,Microsporidiose extra-intestinale,true,false,true,false,false,0,codable,OWL_ANS,emissible,1538
B60.88,I,I/B60.88.md,Maladie précisée due à d’autres protozoaires,true,false,true,false,false,0,codable,OWL_ANS,emissible,1549
B64,I,I/B64.md,"Maladie due à des protozoaires, sans précision",true,false,true,false,true,1,interdit_dp_dr,OWL_ANS,emissible,1428
B65.0,I,I/B65.0.md,Schistosomiase due à Schistosoma haematobium [schistosomiase urinaire],true,false,true,false,true,0,codable,OWL_ANS,emissible,1497
B65.1,I,I/B65.1.md,Schistosomiase due à Schistosoma mansoni [schistosomiase intestinale],true,false,true,false,true,0,codable,OWL_ANS,emissible,1370
B65.2,I,I/B65.2.md,Schistosomiase due à Schistosoma japonicum,true,false,true,false,true,0,codable,OWL_ANS,emissible,1365
B65.3,I,I/B65.3.md,Dermite cercarienne,true,false,true,false,true,0,codable,OWL_ANS,emissible,1437
B65.8,I,I/B65.8.md,Autres formes de schistosomiase,true,false,true,false,true,0,codable,OWL_ANS,emissible,1753
B65.9,I,I/B65.9.md,"Schistosomiase, sans précision",true,false,true,false,true,0,codable,OWL_ANS,emissible,1312
B66.0,I,I/B66.0.md,Opisthorchiase,true,false,true,false,true,0,codable,OWL_ANS,emissible,1373
B66.1,I,I/B66.1.md,Clonorchiase,true,false,true,false,true,0,codable,OWL_ANS,emissible,1454
B66.2,I,I/B66.2.md,Dicrocœliase,true,false,true,false,true,0,codable,OWL_ANS,emissible,1399
B66.3,I,I/B66.3.md,Fasciolase,true,false,true,false,true,0,codable,OWL_ANS,emissible,1532
B66.4,I,I/B66.4.md,Paragonimiase,true,false,true,false,true,0,codable,OWL_ANS,emissible,1393
B66.5,I,I/B66.5.md,Fasciolopsiase,true,false,true,false,true,0,codable,OWL_ANS,emissible,1372
B66.8,I,I/B66.8.md,Autres infections par douves précisées,true,false,true,false,true,0,codable,OWL_ANS,emissible,1828
B66.9,I,I/B66.9.md,"Infection par douves, sans précision",true,false,true,false,true,0,codable,OWL_ANS,emissible,1296
B67.0,I,I/B67.0.md,Infection hépatique à Echinococcus granulosus,true,false,true,false,true,0,codable,OWL_ANS,emissible,1320
B67.1,I,I/B67.1.md,Infection pulmonaire à Echinococcus granulosus,true,false,true,false,false,0,codable,OWL_ANS,emissible,1242
B67.2,I,I/B67.2.md,Infection osseuse à Echinococcus granulosus,true,false,true,false,false,0,codable,OWL_ANS,emissible,1239
B67.3,I,I/B67.3.md,"Infections à Echinococcus granulosus, autres et à localisations multiples",true,false,true,false,false,0,codable,OWL_ANS,emissible,1269
B67.4,I,I/B67.4.md,"Infection à Echinococcus granulosus, sans précision",true,false,true,false,false,0,codable,OWL_ANS,emissible,1302
B67.5,I,I/B67.5.md,Infection hépatique à Echinococcus multilocularis,true,false,true,false,true,0,codable,OWL_ANS,emissible,1379
B67.6,I,I/B67.6.md,"Infections à Echinococcus multilocularis, autres et à localisations multiples",true,false,true,false,false,0,codable,OWL_ANS,emissible,1273
B67.7,I,I/B67.7.md,"Infection à Echinococcus multilocularis, sans précision",true,false,true,false,true,0,codable,OWL_ANS,emissible,1395
B67.8,I,I/B67.8.md,"Infection hépatique à Echinococcus, sans précision",true,false,true,false,true,0,codable,OWL_ANS,emissible,2039
B67.9,I,I/B67.9.md,"Infections à Echinococcus, autres et sans précision",true,false,true,false,true,0,codable,OWL_ANS,emissible,1600
B68.0,I,I/B68.0.md,Infection à Taenia solium,true,false,true,false,true,0,codable,OWL_ANS,emissible,1399
B68.1,I,I/B68.1.md,Infection à Taenia saginata,true,false,true,false,true,0,codable,OWL_ANS,emissible,1452
B68.9,I,I/B68.9.md,"Infection à Taenia, sans précision",true,false,true,false,true,0,codable,OWL_ANS,emissible,1335
B69.0,I,I/B69.0.md,Cysticercose du système nerveux central,true,false,true,false,true,0,codable,OWL_ANS,emissible,1411
B69.1,I,I/B69.1.md,Cysticercose de l'œil,true,false,true,false,true,0,codable,OWL_ANS,emissible,1308
B69.8,I,I/B69.8.md,"Cysticercose, autres localisations",true,false,true,false,true,0,codable,OWL_ANS,emissible,1448
B69.9,I,I/B69.9.md,"Cysticercose, sans précision",true,false,true,false,true,0,codable,OWL_ANS,emissible,1336
B70.0,I,I/B70.0.md,Diphyllobothriase,true,false,true,false,true,0,codable,OWL_ANS,emissible,1589
B70.1,I,I/B70.1.md,Sparganose,true,false,true,false,true,0,codable,OWL_ANS,emissible,1356
B71.0,I,I/B71.0.md,Hyménolépiase,true,false,true,false,true,0,codable,OWL_ANS,emissible,1356
B71.1,I,I/B71.1.md,Infection à Dipylidium,true,false,true,false,true,0,codable,OWL_ANS,emissible,1304
B71.8,I,I/B71.8.md,"Autres infections par cestodes, précisées",true,false,true,false,true,0,codable,OWL_ANS,emissible,1447
B71.9,I,I/B71.9.md,"Infection par cestodes, sans précision",true,false,true,false,true,0,codable,OWL_ANS,emissible,1306
B72,I,I/B72.md,Dracunculose,true,false,true,false,true,0,codable,OWL_ANS,emissible,1504
B73,I,I/B73.md,Onchocercose,true,false,true,false,true,0,codable,OWL_ANS,emissible,1571
B74.0,I,I/B74.0.md,Filariose à Wuchereria bancrofti,true,false,true,false,true,0,codable,OWL_ANS,emissible,1675
B74.1,I,I/B74.1.md,Filariose à Brugia malayi,true,false,true,false,true,0,codable,OWL_ANS,emissible,1458
B74.2,I,I/B74.2.md,Filariose à Brugia timori,true,false,true,false,false,0,codable,OWL_ANS,emissible,1298
B74.3,I,I/B74.3.md,Loase,true,false,true,false,true,0,codable,OWL_ANS,emissible,1465
B74.4,I,I/B74.4.md,Mansonellose,true,false,true,false,true,0,codable,OWL_ANS,emissible,1694
B74.8,I,I/B74.8.md,Autres filarioses,true,false,true,false,true,0,codable,OWL_ANS,emissible,1620
B74.9,I,I/B74.9.md,"Filariose, sans précision",true,false,true,false,true,0,codable,OWL_ANS,emissible,1355
B75,I,I/B75.md,Trichinose,true,false,true,false,true,0,codable,OWL_ANS,emissible,1363
B76.0,I,I/B76.0.md,Ankylostomose,true,false,true,false,true,0,codable,OWL_ANS,emissible,1412
B76.1,I,I/B76.1.md,Nécatorose,true,false,true,false,true,0,codable,OWL_ANS,emissible,1419
B76.8,I,I/B76.8.md,Autres ankylostomiases,true,false,true,false,false,0,codable,OWL_ANS,emissible,1309
B76.9,I,I/B76.9.md,"Ankylostomiase, sans précision",true,false,true,false,true,0,codable,OWL_ANS,emissible,1512
B77.0,I,I/B77.0.md,Ascaridiase avec complications intestinales,true,false,true,false,true,0,codable,OWL_ANS,emissible,1357
B77.8,I,I/B77.8.md,Ascaridiase avec autres complications,true,false,true,false,true,0,codable,OWL_ANS,emissible,1452
B77.9,I,I/B77.9.md,"Ascaridiase, sans précision",true,false,true,false,true,0,codable,OWL_ANS,emissible,1344
B78.0,I,I/B78.0.md,Anguillulose intestinale,true,false,true,false,true,0,codable,OWL_ANS,emissible,1460
B78.1,I,I/B78.1.md,Anguillulose cutanée,true,false,true,false,true,0,codable,OWL_ANS,emissible,1317
B78.7,I,I/B78.7.md,Anguillulose disséminée,true,false,true,false,true,0,codable,OWL_ANS,emissible,1374
B78.9,I,I/B78.9.md,"Anguillulose, sans précision",true,false,true,false,true,0,codable,OWL_ANS,emissible,1373
B79,I,I/B79.md,Infection à Trichuris trichiuria,true,false,true,false,true,0,codable,OWL_ANS,emissible,1423
B80,I,I/B80.md,Oxyurose,true,false,true,false,true,0,codable,OWL_ANS,emissible,1600
B81.0,I,I/B81.0.md,Anisakiase,true,false,true,false,true,0,codable,OWL_ANS,emissible,1503
B81.1,I,I/B81.1.md,Capillariose intestinale,true,false,true,false,true,0,codable,OWL_ANS,emissible,1568
B81.2,I,I/B81.2.md,Trichostrongylose,true,false,true,false,true,0,codable,OWL_ANS,emissible,1450
B81.3,I,I/B81.3.md,Angiostrongyloïdose [angiostrongylose] intestinale,true,false,true,false,false,0,codable,OWL_ANS,emissible,1457
B81.4,I,I/B81.4.md,Helminthiases intestinales mixtes,true,false,true,false,false,0,codable,OWL_ANS,emissible,1492
B81.8,I,I/B81.8.md,Autres helminthiases intestinales précisées,true,false,true,false,true,0,codable,OWL_ANS,emissible,1979
B82.0,I,I/B82.0.md,"Helminthiase intestinale, sans précision",true,false,true,false,true,0,codable,OWL_ANS,emissible,1243
B82.9,I,I/B82.9.md,"Parasitose intestinale, sans précision",true,false,true,false,true,0,codable,OWL_ANS,emissible,1244
B83.0,I,I/B83.0.md,Larva migrans viscérale,true,false,true,false,true,0,codable,OWL_ANS,emissible,1521
B83.1,I,I/B83.1.md,Gnathostomiase,true,false,true,false,true,0,codable,OWL_ANS,emissible,1469
B83.2,I,I/B83.2.md,Angiostrongyloïdose à Parastrongylus cantonensis,true,false,true,false,true,0,codable,OWL_ANS,emissible,1638
B83.3,I,I/B83.3.md,Syngamose,true,false,true,false,true,0,codable,OWL_ANS,emissible,1323
B83.4,I,I/B83.4.md,Hirudiniase interne,true,false,true,false,true,0,codable,OWL_ANS,emissible,1410
B83.8,I,I/B83.8.md,Autres helminthiases précisées,true,false,true,false,true,0,codable,OWL_ANS,emissible,1774
B83.9,I,I/B83.9.md,"Helminthiase, sans précision",true,false,true,false,true,0,codable,OWL_ANS,emissible,1476
B85.0,I,I/B85.0.md,Pédiculose due à Pediculus humanus capitis,true,false,true,false,true,0,codable,OWL_ANS,emissible,1368
B85.1,I,I/B85.1.md,Pédiculose due à Pediculus humanus corporis,true,false,true,false,true,0,codable,OWL_ANS,emissible,1332
B85.2,I,I/B85.2.md,"Pédiculose, sans précision",true,false,true,false,true,0,codable,OWL_ANS,emissible,1368
B85.3,I,I/B85.3.md,Phtiriase,true,false,true,false,true,0,codable,OWL_ANS,emissible,1484
B85.4,I,I/B85.4.md,"Infestation mixte, pédiculose et phtiriase",true,false,true,false,true,0,codable,OWL_ANS,emissible,1372
B86,I,I/B86.md,Gale,true,false,true,false,true,0,codable,OWL_ANS,emissible,1602
B87.0,I,I/B87.0.md,Myiase cutanée,true,false,true,false,true,0,codable,OWL_ANS,emissible,1393
B87.1,I,I/B87.1.md,Myiase des plaies cutanées,true,false,true,false,true,0,codable,OWL_ANS,emissible,1406
B87.2,I,I/B87.2.md,Myiase oculaire,true,false,true,false,true,0,codable,OWL_ANS,emissible,1363
B87.3,I,I/B87.3.md,Myiase rhinopharyngée,true,false,true,false,true,0,codable,OWL_ANS,emissible,1391
B87.4,I,I/B87.4.md,Myiase auriculaire,true,false,true,false,true,0,codable,OWL_ANS,emissible,1350
B87.8,I,I/B87.8.md,Myiase d'autres localisations,true,false,true,false,true,0,codable,OWL_ANS,emissible,1631
B87.9,I,I/B87.9.md,"Myiase, sans précision",true,false,true,false,true,0,codable,OWL_ANS,emissible,1341
B88.0,I,I/B88.0.md,Autres acariases,true,false,true,false,true,0,codable,OWL_ANS,emissible,1663
B88.1,I,I/B88.1.md,Tungose [infestation par puce-chique],true,false,true,false,true,0,codable,OWL_ANS,emissible,1448
B88.2,I,I/B88.2.md,Autres infestations par arthropodes,true,false,true,false,false,0,codable,OWL_ANS,emissible,1239
B88.3,I,I/B88.3.md,Hirudiniase externe,true,false,true,false,true,0,codable,OWL_ANS,emissible,1393
B88.8,I,I/B88.8.md,Autres infestations précisées,true,false,true,false,true,0,codable,OWL_ANS,emissible,1660
B88.9,I,I/B88.9.md,"Infestation, sans précision",true,false,true,false,true,1,interdit_dp_dr,OWL_ANS,emissible,1462
B89,I,I/B89.md,"Parasitose, sans précision",true,false,true,false,true,1,interdit_dp_dr,OWL_ANS,emissible,1482
B90.0,I,I/B90.0.md,Séquelles de tuberculose du système nerveux central,true,false,true,true,true,4,interdit_dp,OWL_ANS,emissible,2349
B90.1,I,I/B90.1.md,Séquelles de tuberculose génito-urinaire,true,false,true,true,true,4,interdit_dp,OWL_ANS,emissible,2305
B90.2,I,I/B90.2.md,Séquelles de tuberculose des os et des articulations,true,false,true,true,true,4,interdit_dp,OWL_ANS,emissible,2334
B90.8,I,I/B90.8.md,Séquelles de tuberculose d'autres organes,true,false,true,true,true,4,interdit_dp,OWL_ANS,emissible,2596
B90.9,I,I/B90.9.md,Séquelles de tuberculose des voies respiratoires et sans précision,true,false,true,true,true,4,interdit_dp,OWL_ANS,emissible,2456
B91,I,I/B91.md,Séquelles de poliomyélite,true,false,true,true,true,4,interdit_dp,OWL_ANS,emissible,2342
B92,I,I/B92.md,Séquelles de lèpre,true,false,true,true,true,4,interdit_dp,OWL_ANS,emissible,2107
B94.0,I,I/B94.0.md,Séquelles du trachome,true,false,true,true,false,4,interdit_dp,OWL_ANS,emissible,1979
B94.1,I,I/B94.1.md,Séquelles d'encéphalite virale,true,false,true,true,true,4,interdit_dp,OWL_ANS,emissible,2377
B94.2,I,I/B94.2.md,Séquelles d'hépatite virale,true,false,true,true,true,4,interdit_dp,OWL_ANS,emissible,2079
B94.8,I,I/B94.8.md,Séquelles d'autres maladies infectieuses et parasitaires précisées,true,false,true,true,true,4,interdit_dp,OWL_ANS,emissible,2539
B94.9,I,I/B94.9.md,"Séquelles de maladie infectieuse ou parasitaire, sans précision",true,false,true,true,true,4,interdit_dp,OWL_ANS,emissible,2365
B95.0,I,I/B95.0.md,"Streptocoques, groupe A, cause de maladies classées dans d'autres chapitres",true,false,true,true,true,1,interdit_dp_dr,OWL_ANS,emissible,1844
B95.1,I,I/B95.1.md,"Streptocoques, groupe B, cause de maladies classées dans d'autres chapitres",true,false,true,true,true,1,interdit_dp_dr,OWL_ANS,emissible,1869
B95.2,I,I/B95.2.md,"Streptocoques, groupe D, et entérocoques, cause de maladies classées dans d'autres chapitres",true,false,true,true,true,1,interdit_dp_dr,OWL_ANS,emissible,2038
B95.3,I,I/B95.3.md,"Streptococcus pneumoniae, cause de maladies classées dans d'autres chapitres",true,false,true,true,true,1,interdit_dp_dr,OWL_ANS,emissible,1830
B95.4,I,I/B95.4.md,"Autres streptocoques, cause de maladies classées dans d'autres chapitres",true,false,true,true,true,1,interdit_dp_dr,OWL_ANS,emissible,2006
B95.5,I,I/B95.5.md,"Streptocoques non précisés, cause de maladies classées dans d'autres chapitres",true,false,true,true,true,1,interdit_dp_dr,OWL_ANS,emissible,1858
B95.6,I,I/B95.6.md,"Staphylococcus aureus, cause de maladies classées dans d'autres chapitres",true,false,true,true,true,1,interdit_dp_dr,OWL_ANS,emissible,1920
B95.7,I,I/B95.7.md,"Autres staphylocoques, cause de maladies classées dans d'autres chapitres",true,false,true,true,true,1,interdit_dp_dr,OWL_ANS,emissible,1889
B95.8,I,I/B95.8.md,"Staphylocoques non précisés, cause de maladies classées dans d'autres chapitres",true,false,true,true,true,1,interdit_dp_dr,OWL_ANS,emissible,2648
B96.0,I,I/B96.0.md,"Mycoplasma pneumoniae, cause de maladies classées dans d'autres chapitres",true,false,true,true,true,1,interdit_dp_dr,OWL_ANS,emissible,1844
B96.1,I,I/B96.1.md,"Klebsiella pneumoniae [subsp. pneumoniae], cause de maladies classées dans d'autres chapitres",true,false,true,true,true,1,interdit_dp_dr,OWL_ANS,emissible,1830
B96.2,I,I/B96.2.md,"Escherichia coli, cause de maladies classées dans d'autres chapitres",true,false,true,true,true,1,interdit_dp_dr,OWL_ANS,emissible,1816
B96.3,I,I/B96.3.md,"Haemophilus influenzae, cause de maladies classées dans d'autres chapitres",true,false,true,true,true,1,interdit_dp_dr,OWL_ANS,emissible,1785
B96.4,I,I/B96.4.md,"Proteus (P. mirabilis) (P. morganii), cause de maladies classées dans d'autres chapitres",true,false,true,true,true,1,interdit_dp_dr,OWL_ANS,emissible,1906
B96.5,I,I/B96.5.md,"Pseudomonas (P. aeruginosa), cause de maladies classées dans d'autres chapitres",true,false,true,true,true,1,interdit_dp_dr,OWL_ANS,emissible,1936
B96.6,I,I/B96.6.md,"Bacillus fragilis, cause de maladies classées dans d'autres chapitres",true,false,true,true,true,1,interdit_dp_dr,OWL_ANS,emissible,1788
B96.7,I,I/B96.7.md,"Clostridium perfringens, cause de maladies classées dans d'autres chapitres",true,false,true,true,true,1,interdit_dp_dr,OWL_ANS,emissible,1810
B96.80,I,I/B96.80.md,"Acinetobacter (A. baumannii), cause de maladies classées dans d'autres chapitres",true,false,true,true,false,1,interdit_dp_dr,OWL_ANS,emissible,1728
B96.81,I,I/B96.81.md,"Citrobacter, cause de maladies classées dans d'autres chapitres",true,false,true,true,false,1,interdit_dp_dr,OWL_ANS,emissible,1711
B96.88,I,I/B96.88.md,"Autres agents bactériens précisés, cause de maladies classées dans d'autres chapitres",true,false,true,true,true,1,interdit_dp_dr,OWL_ANS,emissible,1793
B97.0,I,I/B97.0.md,"Adénovirus, cause de maladies classées dans d'autres chapitres",true,false,true,true,true,1,interdit_dp_dr,OWL_ANS,emissible,1788
B97.1,I,I/B97.1.md,"Entérovirus, cause de maladies classées dans d'autres chapitres",true,false,true,true,true,1,interdit_dp_dr,OWL_ANS,emissible,1893
B97.2,I,I/B97.2.md,"Coronavirus, cause de maladies classées dans d'autres chapitres",true,false,true,true,false,1,interdit_dp_dr,OWL_ANS,emissible,1709
B97.3,I,I/B97.3.md,"Rétrovirus, cause de maladies classées dans d'autres chapitres",true,false,true,true,true,1,interdit_dp_dr,OWL_ANS,emissible,1822
B97.4,I,I/B97.4.md,"Virus respiratoire syncytial, cause de maladies classées dans d'autres chapitres",true,false,true,true,true,1,interdit_dp_dr,OWL_ANS,emissible,1837
B97.5,I,I/B97.5.md,"Réovirus, cause de maladies classées dans d'autres chapitres",true,false,true,true,false,1,interdit_dp_dr,OWL_ANS,emissible,1706
B97.6,I,I/B97.6.md,"Parvovirus, cause de maladies classées dans d'autres chapitres",true,false,true,true,true,1,interdit_dp_dr,OWL_ANS,emissible,1805
B97.7,I,I/B97.7.md,"Papillovirus, cause de maladies classées dans d'autres chapitres",true,false,true,true,true,1,interdit_dp_dr,OWL_ANS,emissible,1825
B97.8,I,I/B97.8.md,"Autres virus, cause de maladies classées dans d'autres chapitres",true,false,true,true,true,1,interdit_dp_dr,OWL_ANS,emissible,2585
B98.0,I,I/B98.0.md,"Helicobacter pylori [H. pylori], cause de maladies classées dans d'autres chapitres",true,false,true,true,true,1,interdit_dp_dr,OWL_ANS,emissible,1806
B98.1,I,I/B98.1.md,"Vibrio vulnificus, cause de maladies classées dans d'autres chapitres",true,false,true,true,false,1,interdit_dp_dr,OWL_ANS,emissible,1715
B99.+0,I,I/B99.+0.md,Autres maladies infectieuses précisées,true,false,true,false,false,0,codable,OWL_ANS,emissible,1195
B99.+1,I,I/B99.+1.md,Syndrome infectieux sans cause trouvée,true,false,true,false,false,0,codable,OWL_ANS,emissible,1195
C00.0,II,II/C00.0.md,"Tumeur maligne de la lèvre supérieure, bord libre",true,false,true,false,true,0,codable,OWL_ANS,emissible,1188
C00.1,II,II/C00.1.md,"Tumeur maligne de la lèvre inférieure, bord libre",true,false,true,false,true,0,codable,OWL_ANS,emissible,1183
C00.2,II,II/C00.2.md,"Tumeur maligne de la lèvre, sans précision, bord libre",true,false,true,false,false,0,codable,OWL_ANS,emissible,715
C00.3,II,II/C00.3.md,"Tumeur maligne de la lèvre supérieure, face interne",true,false,true,false,false,0,codable,OWL_ANS,emissible,800
C00.4,II,II/C00.4.md,"Tumeur maligne de la lèvre inférieure, face interne",true,false,true,false,false,0,codable,OWL_ANS,emissible,800
C00.5,II,II/C00.5.md,"Tumeur maligne de la lèvre, sans précision, face interne",true,false,true,false,false,0,codable,OWL_ANS,emissible,941
C00.6,II,II/C00.6.md,Tumeur maligne de la commissure des lèvres,false,false,true,false,true,0,codable,OWL_ANS,emissible,765
C00.8,II,II/C00.8.md,Tumeur maligne à localisations contiguës de la lèvre,false,false,true,false,false,0,codable,OWL_ANS,emissible,696
C00.9,II,II/C00.9.md,"Tumeur maligne de la lèvre, sans précision",false,false,true,false,true,0,codable,OWL_ANS,emissible,913
C01,II,II/C01.md,Tumeur maligne de la base de la langue,true,false,false,false,true,0,codable,OWL_ANS,emissible,1002
C02.0,II,II/C02.0.md,Tumeur maligne de la face dorsale de la langue,true,false,true,false,true,0,codable,OWL_ANS,emissible,781
C02.1,II,II/C02.1.md,Tumeur maligne de la point et du bord latéral de la langue,false,false,false,false,true,0,codable,OWL_ANS,emissible,883
C02.2,II,II/C02.2.md,Tumeur maligne de la face antérieure de la langue,true,false,false,false,true,0,codable,OWL_ANS,emissible,1020
C02.3,II,II/C02.3.md,"Tumeur maligne des deux tiers antérieurs de la langue, sans précision",true,false,false,false,true,0,codable,OWL_ANS,emissible,881
C02.4,II,II/C02.4.md,Tumeur maligne d'une amygdale linguale,false,false,true,false,true,0,codable,OWL_ANS,emissible,632
C02.8,II,II/C02.8.md,Tumeur maligne à localisations contiguës de la langue,true,false,false,false,true,0,codable,OWL_ANS,emissible,1150
C02.9,II,II/C02.9.md,"Tumeur maligne de la langue, sans précision",false,false,false,false,true,0,codable,OWL_ANS,emissible,801
C03.0,II,II/C03.0.md,Tumeur maligne de la gencive supérieure,true,false,true,false,true,0,codable,OWL_ANS,emissible,1176
C03.1,II,II/C03.1.md,Tumeur maligne de la gencive inférieure,true,false,true,false,true,0,codable,OWL_ANS,emissible,1168
C03.9,II,II/C03.9.md,"Tumeur maligne de la gencive, sans précision",true,false,true,false,true,0,codable,OWL_ANS,emissible,1078
C04.0,II,II/C04.0.md,Tumeur maligne du plancher antérieur de la bouche,true,false,false,false,true,0,codable,OWL_ANS,emissible,1020
C04.1,II,II/C04.1.md,Tumeur maligne du plancher latéral de la bouche,false,false,false,false,true,0,codable,OWL_ANS,emissible,684
C04.8,II,II/C04.8.md,Tumeur maligne à localisations contiguës du plancher de la bouche,false,false,false,false,true,0,codable,OWL_ANS,emissible,864
C04.9,II,II/C04.9.md,"Tumeur maligne du plancher de la bouche, sans précision",false,false,false,false,true,0,codable,OWL_ANS,emissible,870
C05.0,II,II/C05.0.md,Tumeur maligne de la voûte palatine,false,false,false,false,true,0,codable,OWL_ANS,emissible,840
C05.1,II,II/C05.1.md,Tumeur maligne du voile du palais,false,false,true,false,true,0,codable,OWL_ANS,emissible,951
C05.2,II,II/C05.2.md,Tumeur maligne de la luette,false,false,false,false,true,0,codable,OWL_ANS,emissible,639
C05.8,II,II/C05.8.md,Tumeur maligne à localisations contiguës du palais,false,false,false,false,true,0,codable,OWL_ANS,emissible,684
C05.9,II,II/C05.9.md,"Tumeur maligne du palais, sans précision",true,false,false,false,true,0,codable,OWL_ANS,emissible,881
C06.0,II,II/C06.0.md,Tumeur maligne de la muqueuse de la joue,true,false,false,false,true,0,codable,OWL_ANS,emissible,944
C06.1,II,II/C06.1.md,Tumeur maligne du vestibule de la bouche,true,false,false,false,true,0,codable,OWL_ANS,emissible,938
C06.2,II,II/C06.2.md,Tumeur maligne de la région rétromolaire,false,false,false,false,true,0,codable,OWL_ANS,emissible,850
C06.8,II,II/C06.8.md,"Tumeur maligne à localisations contiguës de la bouche, parties autres et non précisées",false,false,false,false,true,0,codable,OWL_ANS,emissible,950
C06.9,II,II/C06.9.md,"Tumeur maligne de la bouche, sans précision",true,false,false,false,true,0,codable,OWL_ANS,emissible,984
C07,II,II/C07.md,Tumeur maligne de la glande parotide,false,false,false,false,true,0,codable,OWL_ANS,emissible,809
C08.0,II,II/C08.0.md,Tumeur maligne de la glande sousmaxillaire,false,false,true,false,true,0,codable,OWL_ANS,emissible,1191
C08.1,II,II/C08.1.md,Tumeur maligne de la glande sublinguale,false,false,true,false,true,0,codable,OWL_ANS,emissible,840
C08.8,II,II/C08.8.md,Tumeur maligne à localisations contiguës des glandes salivaires principales,true,false,true,false,true,0,codable,OWL_ANS,emissible,1325
C08.9,II,II/C08.9.md,"Tumeur maligne de la glande salivaire principale, sans précision",true,false,true,false,true,0,codable,OWL_ANS,emissible,1247
C09.0,II,II/C09.0.md,Tumeur maligne de la fosse amygdalienne,false,false,true,false,false,0,codable,OWL_ANS,emissible,634
C09.1,II,II/C09.1.md,Tumeur maligne du pilier de l'amygdale (antérieur) (postérieur),false,false,true,false,true,0,codable,OWL_ANS,emissible,1041
C09.8,II,II/C09.8.md,Tumeur maligne à localisations contiguës de l'amygdale,false,false,true,false,false,0,codable,OWL_ANS,emissible,712
C09.9,II,II/C09.9.md,"Tumeur maligne de l'amygdale, sans précision",true,false,true,false,true,0,codable,OWL_ANS,emissible,1049
C10.0,II,II/C10.0.md,Tumeur maligne du sillon glossoépiglottique,false,false,true,false,true,0,codable,OWL_ANS,emissible,969
C10.1,II,II/C10.1.md,Tumeur maligne de la face antérieure de l'épiglotte,true,false,true,false,true,0,codable,OWL_ANS,emissible,1225
C10.2,II,II/C10.2.md,Tumeur maligne de la paroi latérale de l'oropharynx,false,false,true,false,true,0,codable,OWL_ANS,emissible,1008
C10.3,II,II/C10.3.md,Tumeur maligne de la paroi postérieure de l'oropharynx,false,false,true,false,true,0,codable,OWL_ANS,emissible,848
C10.4,II,II/C10.4.md,Tumeur maligne de la fente branchiale,true,false,true,false,false,0,codable,OWL_ANS,emissible,684
C10.8,II,II/C10.8.md,Tumeur maligne à localisations contiguës de l'oropharynx,true,false,true,false,true,0,codable,OWL_ANS,emissible,1232
C10.9,II,II/C10.9.md,"Tumeur maligne de l'oropharynx, sans précision",false,false,true,false,true,0,codable,OWL_ANS,emissible,950
C11.0,II,II/C11.0.md,Tumeur maligne de la paroi supérieure du rhinopharynx,true,false,false,false,true,0,codable,OWL_ANS,emissible,713
C11.1,II,II/C11.1.md,Tumeur maligne de la paroi postérieure du rhinopharynx,true,false,false,false,true,0,codable,OWL_ANS,emissible,753
C11.2,II,II/C11.2.md,Tumeur maligne de la paroi latérale du rhinopharynx,true,false,false,false,true,0,codable,OWL_ANS,emissible,705
C11.3,II,II/C11.3.md,Tumeur maligne de la paroi antérieure du rhinopharynx,true,false,false,false,false,0,codable,OWL_ANS,emissible,719
C11.8,II,II/C11.8.md,Tumeur maligne à localisations contiguës de rhinopharynx,false,false,false,false,false,0,codable,OWL_ANS,emissible,569
C11.9,II,II/C11.9.md,"Tumeur maligne du rhinopharynx, sans précision",true,false,false,false,true,0,codable,OWL_ANS,emissible,921
C12,II,II/C12.md,Tumeur maligne du sinus piriforme,true,false,false,false,true,0,codable,OWL_ANS,emissible,877
C13.0,II,II/C13.0.md,Tumeur maligne de la région rétrocricoïdienne,false,false,true,false,true,0,codable,OWL_ANS,emissible,926
C13.1,II,II/C13.1.md,"Tumeur maligne du repli aryépiglottique, versant hypopharyngé",true,false,true,false,true,0,codable,OWL_ANS,emissible,1251
C13.2,II,II/C13.2.md,Tumeur maligne de la paroi postérieure de l'hypopharynx,false,false,true,false,true,0,codable,OWL_ANS,emissible,823
C13.8,II,II/C13.8.md,Tumeur maligne à localisations contiguës de l'hypopharynx,false,false,true,false,true,0,codable,OWL_ANS,emissible,857
C13.9,II,II/C13.9.md,"Tumeur maligne de l'hypopharynx, sans précision",true,false,true,false,true,0,codable,OWL_ANS,emissible,1020
C14.0,II,II/C14.0.md,"Tumeur maligne du pharynx, sans précision",false,false,true,false,true,0,codable,OWL_ANS,emissible,995
C14.2,II,II/C14.2.md,Tumeur maligne de l'anneau de Waldeyer,false,false,true,false,true,0,codable,OWL_ANS,emissible,669
C14.8,II,II/C14.8.md,"Tumeur maligne à localisations contiguës de la lèvre, de la cavité buccale et du pharynx",true,false,true,false,true,0,codable,OWL_ANS,emissible,1436
C15.0,II,II/C15.0.md,Tumeur maligne de l'oesophage cervical,false,false,false,false,true,0,codable,OWL_ANS,emissible,818
C15.1,II,II/C15.1.md,Tumeur maligne de l'oesophage thoracique,false,false,false,false,true,0,codable,OWL_ANS,emissible,637
C15.2,II,II/C15.2.md,Tumeur maligne de l'oesophage abdominal,false,false,false,false,true,0,codable,OWL_ANS,emissible,556
C15.3,II,II/C15.3.md,Tumeur maligne du tiers supérieur de l'oesophage,false,false,false,false,true,0,codable,OWL_ANS,emissible,887
C15.4,II,II/C15.4.md,Tumeur maligne du tiers moyen de l'oesophage,false,false,false,false,true,0,codable,OWL_ANS,emissible,868
C15.5,II,II/C15.5.md,Tumeur maligne du tiers inférieur de l'oesophage,false,false,false,false,true,0,codable,OWL_ANS,emissible,904
C15.8,II,II/C15.8.md,Tumeur maligne à localisations contiguës de l'oesophage,false,false,false,false,true,0,codable,OWL_ANS,emissible,980
C15.9,II,II/C15.9.md,"Tumeur maligne de l'oesophage, sans précision",false,false,false,false,true,0,codable,OWL_ANS,emissible,821
C16.0,II,II/C16.0.md,Tumeur maligne du cardia,true,false,false,false,true,0,codable,OWL_ANS,emissible,951
C16.1,II,II/C16.1.md,Tumeur maligne du fundus,false,false,false,false,true,0,codable,OWL_ANS,emissible,761
C16.2,II,II/C16.2.md,Tumeur maligne du corps de l'estomac,false,false,false,false,true,0,codable,OWL_ANS,emissible,597
C16.3,II,II/C16.3.md,Tumeur maligne de l'antre pylorique,true,false,false,false,true,0,codable,OWL_ANS,emissible,859
C16.4,II,II/C16.4.md,Tumeur maligne du pylore,true,false,false,false,true,0,codable,OWL_ANS,emissible,832
C16.5,II,II/C16.5.md,"Tumeur maligne de la petite courbure de l'estomac, sans précision",true,false,false,false,true,0,codable,OWL_ANS,emissible,922
C16.6,II,II/C16.6.md,"Tumeur maligne de la grande courbure de l'estomac, sans précision",true,false,false,false,true,0,codable,OWL_ANS,emissible,793
C16.8,II,II/C16.8.md,Tumeur maligne à localisations contiguës de l'estomac,false,false,false,false,true,0,codable,OWL_ANS,emissible,924
C16.9,II,II/C16.9.md,"Tumeur maligne de l'estomac, sans précision",true,false,false,false,true,0,codable,OWL_ANS,emissible,940
C16.9+0,II,II/C16.9+0.md,"Tumeur maligne de l'estomac, familiale liée au gène CDH 1",true,false,false,false,false,0,codable,OWL_ANS,emissible,584
C16.9+8,II,II/C16.9+8.md,"Tumeurs malignes de l'estomac, autres et non précisées",true,false,false,false,false,0,codable,OWL_ANS,emissible,581
C17.0,II,II/C17.0.md,Tumeur maligne du duodénum,false,false,false,false,true,0,codable,OWL_ANS,emissible,762
C17.1,II,II/C17.1.md,Tumeur maligne du jéjunum,false,false,false,false,true,0,codable,OWL_ANS,emissible,764
C17.2,II,II/C17.2.md,Tumeur maligne de l'iléon,false,false,true,false,true,0,codable,OWL_ANS,emissible,818
C17.3,II,II/C17.3.md,Tumeur maligne du diverticule de Meckel,false,false,false,false,true,0,codable,OWL_ANS,emissible,614
C17.8,II,II/C17.8.md,Tumeur maligne à localisations contiguës de l'intestin grêle,false,false,false,false,true,0,codable,OWL_ANS,emissible,935
C17.9,II,II/C17.9.md,"Tumeur maligne de l'intestin grêle, sans précision",false,false,false,false,true,0,codable,OWL_ANS,emissible,791
C18.0,II,II/C18.0.md,Tumeur maligne du cæcum,true,false,false,false,true,0,codable,OWL_ANS,emissible,874
C18.1,II,II/C18.1.md,Tumeur maligne de l'appendice,false,false,false,false,true,0,codable,OWL_ANS,emissible,806
C18.2,II,II/C18.2.md,Tumeur maligne du côlon ascendant,false,false,false,false,true,0,codable,OWL_ANS,emissible,830
C18.3,II,II/C18.3.md,Tumeur maligne de l'angle droit du côlon,false,false,false,false,true,0,codable,OWL_ANS,emissible,822
C18.4,II,II/C18.4.md,Tumeur maligne du côlon transverse,false,false,false,false,true,0,codable,OWL_ANS,emissible,844
C18.5,II,II/C18.5.md,Tumeur maligne de l'angle gauche du côlon,false,false,false,false,true,0,codable,OWL_ANS,emissible,801
C18.6,II,II/C18.6.md,Tumeur maligne du côlon descendant,false,false,false,false,true,0,codable,OWL_ANS,emissible,851
C18.7,II,II/C18.7.md,Tumeur maligne du côlon sigmoïde,true,false,true,false,true,0,codable,OWL_ANS,emissible,994
C18.8,II,II/C18.8.md,Tumeur maligne à localisations contiguës du côlon,false,false,false,false,true,0,codable,OWL_ANS,emissible,882
C18.9,II,II/C18.9.md,"Tumeur maligne du côlon, sans précision",true,false,false,false,true,0,codable,OWL_ANS,emissible,899
C18.9+0,II,II/C18.9+0.md,Syndrome de Lynch,true,false,false,false,false,0,codable,OWL_ANS,emissible,541
C18.9+8,II,II/C18.9+8.md,"Tumeurs malignes du côlon, autres et non précisées",true,false,false,false,false,0,codable,OWL_ANS,emissible,574
C19,II,II/C19.md,Tumeur maligne de la jonction rectosigmoïdienne,true,false,false,false,true,0,codable,OWL_ANS,emissible,918
C20,II,II/C20.md,Tumeur maligne du rectum,true,false,false,false,true,0,codable,OWL_ANS,emissible,849
C21.0,II,II/C21.0.md,"Tumeur maligne de l'anus, sans précision",false,false,true,false,true,0,codable,OWL_ANS,emissible,881
C21.1,II,II/C21.1.md,Tumeur maligne du canal anal,true,false,false,false,true,0,codable,OWL_ANS,emissible,950
C21.2,II,II/C21.2.md,Tumeur maligne de la zone cloacale,false,false,false,false,true,0,codable,OWL_ANS,emissible,570
C21.8,II,II/C21.8.md,"Tumeur maligne à localisations contiguës du rectum, de l'anus et du canal anal",true,false,false,false,true,0,codable,OWL_ANS,emissible,1122
C22.0,II,II/C22.0.md,Carcinome hépatocellulaire,true,false,true,false,true,0,codable,OWL_ANS,emissible,1175
C22.1,II,II/C22.1.md,Carcinome du canal biliaire intrahépatique,true,false,true,false,true,0,codable,OWL_ANS,emissible,1201
C22.2,II,II/C22.2.md,Hépatoblastome,false,false,true,false,true,0,codable,OWL_ANS,emissible,765
C22.3,II,II/C22.3.md,Angiosarcome du foie,true,false,true,false,true,0,codable,OWL_ANS,emissible,894
C22.4,II,II/C22.4.md,Autres sarcomes du foie,false,false,true,false,true,0,codable,OWL_ANS,emissible,946
C22.7,II,II/C22.7.md,Autres carcinomes du foie précisés,false,false,true,false,true,0,codable,OWL_ANS,emissible,1028
C22.9,II,II/C22.9.md,"Tumeur maligne du foie, sans précision",false,false,true,false,true,0,codable,OWL_ANS,emissible,927
C23,II,II/C23.md,Tumeur maligne de la vésicule biliaire,false,false,false,false,true,0,codable,OWL_ANS,emissible,846
C24.0,II,II/C24.0.md,Tumeur maligne du canal biliaire extrahépatique,true,false,true,false,true,0,codable,OWL_ANS,emissible,1128
C24.1,II,II/C24.1.md,Tumeur maligne de l'ampoule de Vater,false,false,true,false,true,0,codable,OWL_ANS,emissible,885
C24.8,II,II/C24.8.md,Tumeur maligne à localisations contiguës des voies biliaires,true,false,true,false,true,0,codable,OWL_ANS,emissible,1550
C24.9,II,II/C24.9.md,"Tumeur maligne des voies biliaires, sans précision",false,false,true,false,true,0,codable,OWL_ANS,emissible,952
C25.0,II,II/C25.0.md,Tumeur maligne de la tête du pancréas,false,false,false,false,true,0,codable,OWL_ANS,emissible,844
C25.1,II,II/C25.1.md,Tumeur maligne du corps du pancréas,false,false,false,false,true,0,codable,OWL_ANS,emissible,618
C25.2,II,II/C25.2.md,Tumeur maligne de la queue du pancréas,false,false,false,false,true,0,codable,OWL_ANS,emissible,832
C25.3,II,II/C25.3.md,Tumeur maligne du canal pancréatique,false,false,false,false,true,0,codable,OWL_ANS,emissible,841
C25.4,II,II/C25.4.md,Tumeur maligne du pancréas endocrine,true,false,false,false,true,0,codable,OWL_ANS,emissible,856
C25.4+0,II,II/C25.4+0.md,Tumeur maligne du pancréas endocrine avec néoplasie endocrine multiple de type I [NEM 1],true,false,false,false,false,0,codable,OWL_ANS,emissible,614
C25.4+8,II,II/C25.4+8.md,"Tumeur maligne du pancréas endocrine, autre et non précisée",true,false,false,false,false,0,codable,OWL_ANS,emissible,585
C25.7,II,II/C25.7.md,Tumeur maligne d'autres parties du pancréas,true,false,false,false,true,0,codable,OWL_ANS,emissible,750
C25.8,II,II/C25.8.md,Tumeur maligne à localisations contiguës du pancréas,false,false,false,false,true,0,codable,OWL_ANS,emissible,935
C25.9,II,II/C25.9.md,"Tumeur maligne du pancréas, sans précision",false,false,false,false,true,0,codable,OWL_ANS,emissible,881
C25.9+0,II,II/C25.9+0.md,"Tumeur maligne du pancréas, familiale",false,false,false,false,false,0,codable,OWL_ANS,emissible,465
C25.9+8,II,II/C25.9+8.md,"Tumeur maligne du pancréas, autre et non précisée",false,false,false,false,false,0,codable,OWL_ANS,emissible,477
C26.0,II,II/C26.0.md,"Tumeur maligne du tractus intestinal, partie non précisée",true,false,true,false,true,0,codable,OWL_ANS,emissible,1032
C26.1,II,II/C26.1.md,Tumeur maligne de la rate,false,false,true,false,true,0,codable,OWL_ANS,emissible,1056
C26.8,II,II/C26.8.md,Tumeur maligne à localisations contiguës de l'appareil digestif,true,false,true,false,true,0,codable,OWL_ANS,emissible,1493
C26.9,II,II/C26.9.md,Tumeur maligne de sièges mal définis de l'appareil digestif,true,false,true,false,true,1,interdit_dp_dr,OWL_ANS,emissible,1083
C30.0,II,II/C30.0.md,Tumeur maligne des fosses nasales,true,false,true,false,true,0,codable,OWL_ANS,emissible,1401
C30.1,II,II/C30.1.md,Tumeur maligne de l'oreille moyenne,true,false,true,false,true,0,codable,OWL_ANS,emissible,1265
C31.0,II,II/C31.0.md,Tumeur maligne du sinus maxillaire,true,false,true,false,true,0,codable,OWL_ANS,emissible,1210
C31.1,II,II/C31.1.md,Tumeur maligne du sinus ethmoïdal,true,false,true,false,true,0,codable,OWL_ANS,emissible,990
C31.2,II,II/C31.2.md,Tumeur maligne du sinus frontal,true,false,true,false,true,0,codable,OWL_ANS,emissible,926
C31.3,II,II/C31.3.md,Tumeur maligne du sinus sphénoïdal,true,false,true,false,true,0,codable,OWL_ANS,emissible,1000
C31.8,II,II/C31.8.md,Tumeur maligne à localisations contiguës des sinus de la face,true,false,true,false,true,0,codable,OWL_ANS,emissible,1170
C31.9,II,II/C31.9.md,"Tumeur maligne des sinus de la face, sans précision",true,false,true,false,true,0,codable,OWL_ANS,emissible,963
C32.0,II,II/C32.0.md,Tumeur maligne de la glotte,true,false,true,false,true,0,codable,OWL_ANS,emissible,1102
C32.1,II,II/C32.1.md,Tumeur maligne de l'étage susglottique,true,false,true,false,true,0,codable,OWL_ANS,emissible,1527
C32.2,II,II/C32.2.md,Tumeur maligne de l'étage sousglottique,true,false,true,false,true,0,codable,OWL_ANS,emissible,1062
C32.3,II,II/C32.3.md,Tumeur maligne du cartilage laryngé,true,false,true,false,true,0,codable,OWL_ANS,emissible,1030
C32.8,II,II/C32.8.md,Tumeur maligne à localisations contiguës du larynx,true,false,true,false,true,0,codable,OWL_ANS,emissible,1112
C32.9,II,II/C32.9.md,"Tumeur maligne du larynx, sans précision",true,false,true,false,true,0,codable,OWL_ANS,emissible,1005
C33,II,II/C33.md,Tumeur maligne de la trachée,true,false,true,false,true,0,codable,OWL_ANS,emissible,1010
C34.0,II,II/C34.0.md,Tumeur maligne de la bronche souche,true,false,true,false,true,0,codable,OWL_ANS,emissible,1090
C34.1,II,II/C34.1.md,"Tumeur maligne du lobe supérieur, bronches ou poumon",true,false,true,false,true,0,codable,OWL_ANS,emissible,1142
C34.2,II,II/C34.2.md,"Tumeur maligne du lobe moyen, bronches ou poumon",true,false,true,false,true,0,codable,OWL_ANS,emissible,1070
C34.3,II,II/C34.3.md,"Tumeur maligne du lobe inférieur, bronches ou poumon",true,false,true,false,true,0,codable,OWL_ANS,emissible,1080
C34.8,II,II/C34.8.md,Tumeur maligne à localisations contiguës des bronches et du poumon,true,false,true,false,true,0,codable,OWL_ANS,emissible,1206
C34.9,II,II/C34.9.md,"Tumeur maligne de bronche ou du poumon, sans précision",true,false,true,false,true,0,codable,OWL_ANS,emissible,1136
C37,II,II/C37.md,Tumeur maligne du thymus,true,false,true,false,true,0,codable,OWL_ANS,emissible,1024
C38.0,II,II/C38.0.md,Tumeur maligne du coeur,true,false,true,false,true,0,codable,OWL_ANS,emissible,1109
C38.1,II,II/C38.1.md,Tumeur maligne du médiastin antérieur,true,false,true,false,true,0,codable,OWL_ANS,emissible,924
C38.2,II,II/C38.2.md,Tumeur maligne du médiastin postérieur,true,false,true,false,true,0,codable,OWL_ANS,emissible,925
C38.3,II,II/C38.3.md,"Tumeur maligne du médiastin, partie non précisée",true,false,true,false,true,0,codable,OWL_ANS,emissible,1099
C38.4,II,II/C38.4.md,Tumeur maligne de la plèvre,true,false,true,false,true,0,codable,OWL_ANS,emissible,1036
C38.8,II,II/C38.8.md,"Tumeur maligne à localisations contiguës du coeur, du médiastin et de la plèvre",true,false,true,false,true,0,codable,OWL_ANS,emissible,1158
C39.0,II,II/C39.0.md,"Tumeur maligne des voies respiratoires supérieures, partie non précisée",true,false,true,false,true,0,codable,OWL_ANS,emissible,1164
C39.8,II,II/C39.8.md,Tumeur maligne à localisations contiguës des organes respiratoires et intrathoraciques,true,false,true,false,true,0,codable,OWL_ANS,emissible,1699
C39.9,II,II/C39.9.md,Tumeur maligne de sièges mal définis de l'appareil respiratoire,true,false,true,false,true,1,interdit_dp_dr,OWL_ANS,emissible,1167
C40.0,II,II/C40.0.md,Tumeur maligne de l'omoplate et des os longs du membre supérieur,false,false,true,false,true,0,codable,OWL_ANS,emissible,935
C40.1,II,II/C40.1.md,Tumeur maligne des os courts du membre supérieur,false,false,true,false,true,0,codable,OWL_ANS,emissible,744
C40.2,II,II/C40.2.md,Tumeur maligne des os longs du membre inférieur,false,false,true,false,true,0,codable,OWL_ANS,emissible,939
C40.3,II,II/C40.3.md,Tumeur maligne des os courts du membre inférieur,false,false,true,false,true,0,codable,OWL_ANS,emissible,884
C40.8,II,II/C40.8.md,Tumeur maligne à localisations contiguës des os et du cartilage articulaire des membres,false,false,true,false,true,0,codable,OWL_ANS,emissible,788
C40.9,II,II/C40.9.md,"Tumeur maligne des os et du cartilage articulaire d'un membre, sans précision",false,false,true,false,true,0,codable,OWL_ANS,emissible,894
C41.0,II,II/C41.0.md,Tumeur maligne des os du crâne et de la face,true,false,true,false,true,0,codable,OWL_ANS,emissible,1441
C41.1,II,II/C41.1.md,Tumeur maligne de la mandibule,true,false,true,false,true,0,codable,OWL_ANS,emissible,1439
C41.2,II,II/C41.2.md,Tumeur maligne du rachis,false,false,true,false,true,0,codable,OWL_ANS,emissible,1135
C41.3,II,II/C41.3.md,"Tumeur maligne des côtes, du sternum et de la clavicule",false,false,true,false,true,0,codable,OWL_ANS,emissible,1112
C41.4,II,II/C41.4.md,"Tumeur maligne des os du pelvis, du sacrum et du coccyx",false,false,true,false,true,0,codable,OWL_ANS,emissible,1115
C41.8,II,II/C41.8.md,Tumeur maligne à localisations contiguës des os et du cartilage articulaire,true,false,true,false,true,0,codable,OWL_ANS,emissible,1622
C41.9,II,II/C41.9.md,"Tumeur maligne des os et du cartilage articulaire, sans précision",false,false,true,false,true,0,codable,OWL_ANS,emissible,1064
C43.0,II,II/C43.0.md,Mélanome malin de la lèvre,true,false,true,false,true,0,codable,OWL_ANS,emissible,1027
C43.1,II,II/C43.1.md,"Mélanome malin de la paupière, y compris le canthus",true,false,true,false,true,0,codable,OWL_ANS,emissible,1194
C43.2,II,II/C43.2.md,Mélanome malin de l'oreille et du conduit auditif externe,true,false,true,false,true,0,codable,OWL_ANS,emissible,1156
C43.3,II,II/C43.3.md,"Mélanome malin de la face, parties autres et non précisées",true,false,true,false,true,0,codable,OWL_ANS,emissible,1161
C43.4,II,II/C43.4.md,Mélanome malin du cuir chevelu et du cou,true,false,true,false,true,0,codable,OWL_ANS,emissible,1137
C43.5,II,II/C43.5.md,Mélanome malin du tronc,true,false,true,false,true,0,codable,OWL_ANS,emissible,1254
C43.6,II,II/C43.6.md,"Mélanome malin du membre supérieur, y compris l'épaule",true,false,true,false,true,0,codable,OWL_ANS,emissible,1151
C43.7,II,II/C43.7.md,"Mélanome malin du membre inférieur, y compris la hanche",true,false,true,false,true,0,codable,OWL_ANS,emissible,1131
C43.8,II,II/C43.8.md,Lésion à localisations contiguës d'un mélanome malin de la peau,true,false,true,false,true,0,codable,OWL_ANS,emissible,1087
C43.9,II,II/C43.9.md,"Mélanome (malin) de la peau, sans précision",true,false,true,false,true,0,codable,OWL_ANS,emissible,1136
C44.0,II,II/C44.0.md,Tumeur maligne de la face cutanée de la lèvre,true,false,true,false,true,0,codable,OWL_ANS,emissible,1444
C44.1,II,II/C44.1.md,"Tumeur maligne de la peau de la paupière, y compris le canthus",true,false,true,false,true,0,codable,OWL_ANS,emissible,1353
C44.2,II,II/C44.2.md,Tumeur maligne de la peau de l'oreille et du conduit auditif externe,true,false,true,false,true,0,codable,OWL_ANS,emissible,1408
C44.3,II,II/C44.3.md,"Tumeur maligne de la peau de la face, parties autres et non précisées",true,false,true,false,true,0,codable,OWL_ANS,emissible,1276
C44.4,II,II/C44.4.md,Tumeur maligne de la peau du cuir chevelu et du cou,true,false,true,false,true,0,codable,OWL_ANS,emissible,1296
C44.5,II,II/C44.5.md,Tumeur maligne de la peau du tronc,true,false,true,false,true,0,codable,OWL_ANS,emissible,1424
C44.6,II,II/C44.6.md,"Tumeur maligne de la peau du membre supérieur, y compris l'épaule",true,false,true,false,true,0,codable,OWL_ANS,emissible,1291
C44.7,II,II/C44.7.md,"Tumeur maligne de la peau du membre inférieur, y compris la hanche",true,false,true,false,true,0,codable,OWL_ANS,emissible,1239
C44.8,II,II/C44.8.md,Tumeur maligne à localisations contiguës de la peau,true,false,true,false,true,0,codable,OWL_ANS,emissible,1370
C44.9,II,II/C44.9.md,"Tumeur maligne de la peau, sans précision",true,false,true,false,true,0,codable,OWL_ANS,emissible,1470
C45.0,II,II/C45.0.md,Mésothéliome de la plèvre,true,false,true,false,true,0,codable,OWL_ANS,emissible,1089
C45.1,II,II/C45.1.md,Mésothéliome du péritoine,true,false,true,false,true,0,codable,OWL_ANS,emissible,1119
C45.2,II,II/C45.2.md,Mésothéliome du péricarde,true,false,true,false,true,0,codable,OWL_ANS,emissible,794
C45.7,II,II/C45.7.md,Mésothéliome d'autres sièges,true,false,false,false,true,0,codable,OWL_ANS,emissible,935
C45.9,II,II/C45.9.md,"Mésothéliome, sans précision",true,false,false,false,true,0,codable,OWL_ANS,emissible,1009
C46.0,II,II/C46.0.md,Sarcome de Kaposi de la peau,true,false,false,false,true,0,codable,OWL_ANS,emissible,875
C46.1,II,II/C46.1.md,Sarcome de Kaposi des tissus mous,true,false,false,false,false,0,codable,OWL_ANS,emissible,608
C46.2,II,II/C46.2.md,Sarcome de Kaposi du palais,true,false,false,false,true,0,codable,OWL_ANS,emissible,664
C46.3,II,II/C46.3.md,Sarcome de Kaposi des ganglions lymphatiques,true,false,false,false,true,0,codable,OWL_ANS,emissible,682
C46.70,II,II/C46.70.md,Sarcome de Kaposi de la sphère O.R.L.,true,false,false,false,false,0,codable,OWL_ANS,emissible,614
C46.71,II,II/C46.71.md,Sarcome de Kaposi digestif,true,false,false,false,false,0,codable,OWL_ANS,emissible,603
C46.72,II,II/C46.72.md,Sarcome de Kaposi pulmonaire,true,false,false,false,false,0,codable,OWL_ANS,emissible,605
C46.78,II,II/C46.78.md,Sarcome de Kaposi d'autres localisations,true,false,false,false,false,0,codable,OWL_ANS,emissible,617
C46.8,II,II/C46.8.md,Sarcome de Kaposi d'organes multiples,true,false,false,false,true,0,codable,OWL_ANS,emissible,913
C46.9,II,II/C46.9.md,"Sarcome de Kaposi, sans précision",true,false,false,false,true,0,codable,OWL_ANS,emissible,908
C47.0,II,II/C47.0.md,"Tumeur maligne des nerfs périphériques de la tête, de la face et du cou",true,false,true,false,true,0,codable,OWL_ANS,emissible,1073
C47.1,II,II/C47.1.md,"Tumeur maligne des nerfs périphériques du membre supérieur, y compris l'épaule",true,false,false,false,true,0,codable,OWL_ANS,emissible,975
C47.2,II,II/C47.2.md,"Tumeur maligne des nerfs périphériques du membre inférieur, y compris la hanche",true,false,false,false,true,0,codable,OWL_ANS,emissible,970
C47.3,II,II/C47.3.md,Tumeur maligne des nerfs périphériques du thorax,true,false,false,false,true,0,codable,OWL_ANS,emissible,957
C47.4,II,II/C47.4.md,Tumeur maligne des nerfs périphériques de l'abdomen,true,false,false,false,true,0,codable,OWL_ANS,emissible,917
C47.5,II,II/C47.5.md,Tumeur maligne des nerfs périphériques du pelvis,true,false,false,false,true,0,codable,OWL_ANS,emissible,967
C47.6,II,II/C47.6.md,"Tumeur maligne des nerfs périphériques du tronc, sans précision",true,false,false,false,true,0,codable,OWL_ANS,emissible,843
C47.8,II,II/C47.8.md,Tumeur maligne à localisations contiguës des nerfs périphériques et du système nerveux autonome,true,false,false,false,true,0,codable,OWL_ANS,emissible,904
C47.9,II,II/C47.9.md,"Tumeur maligne des nerfs périphériques et du système nerveux autonome, sans précision",true,false,false,false,true,0,codable,OWL_ANS,emissible,1034
C48.0,II,II/C48.0.md,Tumeur maligne du rétropéritoine,false,false,true,false,true,0,codable,OWL_ANS,emissible,1005
C48.1,II,II/C48.1.md,Tumeur maligne des parties précisées du péritoine,true,false,true,false,true,0,codable,OWL_ANS,emissible,1110
C48.2,II,II/C48.2.md,"Tumeur maligne du péritoine, sans précision",false,false,true,false,true,0,codable,OWL_ANS,emissible,996
C48.8,II,II/C48.8.md,Tumeur maligne à localisations contiguës du rétropéritoine et du péritoine,false,false,true,false,true,0,codable,OWL_ANS,emissible,908
C49.0,II,II/C49.0.md,"Tumeur maligne du tissu conjonctif et des autres tissus mous de la tête, de la face et du cou",true,false,true,false,true,0,codable,OWL_ANS,emissible,1797
C49.1,II,II/C49.1.md,"Tumeur maligne du tissu conjonctif et des autres tissus mous du membre supérieur, y compris l'épaule",true,false,true,false,true,0,codable,OWL_ANS,emissible,1616
C49.2,II,II/C49.2.md,"Tumeur maligne du tissu conjonctif et des autres tissus mous du membre inférieur, y compris la hanche",true,false,true,false,true,0,codable,OWL_ANS,emissible,1587
C49.30,II,II/C49.30.md,Tumeur maligne des vaisseaux (sanguins) (lymphatiques) du thorax,true,false,true,false,false,0,codable,OWL_ANS,emissible,1294
C49.38,II,II/C49.38.md,Autres tumeurs malignes du tissu conjonctif et autres tissus mous du thorax,true,false,true,false,false,0,codable,OWL_ANS,emissible,1407
C49.40,II,II/C49.40.md,Tumeur maligne des vaisseaux (sanguins) (lymphatiques) de l'abdomen,true,false,true,false,false,0,codable,OWL_ANS,emissible,1297
C49.48,II,II/C49.48.md,Autres tumeurs malignes du tissu conjonctif et autres tissus mous de l'abdomen,true,false,true,false,false,0,codable,OWL_ANS,emissible,1316
C49.50,II,II/C49.50.md,Tumeur maligne des vaisseaux (sanguins) (lymphatiques) du bassin,true,false,true,false,false,0,codable,OWL_ANS,emissible,1249
C49.58,II,II/C49.58.md,Autres tumeurs malignes du tissu conjonctif et autres tissus mous du bassin,true,false,true,false,false,0,codable,OWL_ANS,emissible,1306
C49.6,II,II/C49.6.md,"Tumeur maligne du tissu conjonctif et des autres tissus mous du tronc, sans précision",true,false,true,false,true,0,codable,OWL_ANS,emissible,1612
C49.8,II,II/C49.8.md,Tumeur maligne à localisations contiguës du tissu conjonctif et des autres tissus mous,true,false,true,false,true,0,codable,OWL_ANS,emissible,2055
C49.9,II,II/C49.9.md,"Tumeur maligne du tissu conjonctif et des autres tissus mous, sans précision",true,false,true,false,true,1,interdit_dp_dr,OWL_ANS,emissible,1640
C50.0,II,II/C50.0.md,Tumeur maligne du mamelon et de l'aréole,true,false,true,false,true,0,codable,OWL_ANS,emissible,973
C50.1,II,II/C50.1.md,Tumeur maligne de la partie centrale du sein,true,false,true,false,true,0,codable,OWL_ANS,emissible,867
C50.2,II,II/C50.2.md,Tumeur maligne du quadrant supéro-interne du sein,true,false,true,false,true,0,codable,OWL_ANS,emissible,796
C50.3,II,II/C50.3.md,Tumeur maligne du quadrant inféro-interne du sein,true,false,true,false,true,0,codable,OWL_ANS,emissible,799
C50.4,II,II/C50.4.md,Tumeur maligne du quadrant supéro-externe du sein,true,false,true,false,true,0,codable,OWL_ANS,emissible,806
C50.5,II,II/C50.5.md,Tumeur maligne du quadrant inféro-externe du sein,true,false,true,false,false,0,codable,OWL_ANS,emissible,677
C50.6,II,II/C50.6.md,Tumeur maligne du prolongement axillaire du sein,true,false,true,false,false,0,codable,OWL_ANS,emissible,676
C50.8,II,II/C50.8.md,Tumeur maligne à localisations contiguës du sein,true,false,true,false,true,0,codable,OWL_ANS,emissible,1014
C50.9,II,II/C50.9.md,"Tumeur maligne du sein, sans précision",true,false,true,false,true,0,codable,OWL_ANS,emissible,1040
C51.0,II,II/C51.0.md,Tumeur maligne de la grande lèvre,true,false,false,false,true,0,codable,OWL_ANS,emissible,945
C51.1,II,II/C51.1.md,Tumeur maligne de la petite lèvre,true,false,false,false,true,0,codable,OWL_ANS,emissible,775
C51.2,II,II/C51.2.md,Tumeur maligne du clitoris,true,false,false,false,true,0,codable,OWL_ANS,emissible,887
C51.8,II,II/C51.8.md,Tumeur maligne à localisations contiguës de la vulve,true,false,false,false,true,0,codable,OWL_ANS,emissible,839
C51.9,II,II/C51.9.md,"Tumeur maligne de la vulve, sans précision",true,false,false,false,true,0,codable,OWL_ANS,emissible,1026
C52,II,II/C52.md,Tumeur maligne du vagin,true,false,false,false,true,0,codable,OWL_ANS,emissible,969
C53.0,II,II/C53.0.md,Tumeur maligne de l'endocol,true,false,false,false,true,0,codable,OWL_ANS,emissible,931
C53.1,II,II/C53.1.md,Tumeur maligne de l'exocol,true,false,false,false,true,0,codable,OWL_ANS,emissible,719
C53.8,II,II/C53.8.md,Tumeur maligne à localisations contiguës du col de l'utérus,true,false,false,false,false,0,codable,OWL_ANS,emissible,666
C53.9,II,II/C53.9.md,"Tumeur maligne du col de l'utérus, sans précision",true,false,false,false,true,0,codable,OWL_ANS,emissible,945
C54.0,II,II/C54.0.md,Tumeur maligne de l'isthme de l'utérus,true,false,false,false,true,0,codable,OWL_ANS,emissible,738
C54.1,II,II/C54.1.md,Tumeur maligne de l'endomètre,true,false,false,false,true,0,codable,OWL_ANS,emissible,905
C54.2,II,II/C54.2.md,Tumeur maligne du myomètre,true,false,false,false,true,0,codable,OWL_ANS,emissible,674
C54.3,II,II/C54.3.md,Tumeur maligne du fond de l'utérus,true,false,false,false,true,0,codable,OWL_ANS,emissible,669
C54.8,II,II/C54.8.md,Tumeur maligne à localisations contiguës du corps de l'utérus,true,false,false,false,true,0,codable,OWL_ANS,emissible,782
C54.9,II,II/C54.9.md,"Tumeur maligne du corps de l'utérus, sans précision",true,false,false,false,true,0,codable,OWL_ANS,emissible,946
C55,II,II/C55.md,"Tumeur maligne de l'utérus, partie non précisée",true,false,false,false,true,0,codable,OWL_ANS,emissible,901
C56,II,II/C56.md,Tumeur maligne de l'ovaire,true,false,false,false,true,0,codable,OWL_ANS,emissible,941
C57.0,II,II/C57.0.md,Tumeur maligne d'une trompe de Fallope,true,false,false,false,true,0,codable,OWL_ANS,emissible,951
C57.1,II,II/C57.1.md,Tumeur maligne d'un ligament large,true,false,false,false,true,0,codable,OWL_ANS,emissible,698
C57.2,II,II/C57.2.md,Tumeur maligne d'un ligament rond,true,false,false,false,true,0,codable,OWL_ANS,emissible,641
C57.3,II,II/C57.3.md,Tumeur maligne d'un paramètre,true,false,false,false,true,0,codable,OWL_ANS,emissible,681
C57.4,II,II/C57.4.md,"Tumeur maligne des annexes de l'utérus, sans précision",true,false,false,false,true,0,codable,OWL_ANS,emissible,897
C57.7,II,II/C57.7.md,Tumeur maligne d'autres organes génitaux de la femme précisés,true,false,false,false,true,0,codable,OWL_ANS,emissible,732
C57.8,II,II/C57.8.md,Tumeur maligne à localisations contiguës des organes génitaux de la femme,true,false,false,false,true,0,codable,OWL_ANS,emissible,1422
C57.9,II,II/C57.9.md,"Tumeur maligne d'un organe génital de la femme, sans précision",true,false,false,false,true,0,codable,OWL_ANS,emissible,961
C58,II,II/C58.md,Tumeur maligne du placenta,true,false,true,false,true,0,codable,OWL_ANS,emissible,972
C60.0,II,II/C60.0.md,Tumeur maligne du prépuce,true,false,false,false,true,0,codable,OWL_ANS,emissible,644
C60.1,II,II/C60.1.md,Tumeur maligne du gland,true,false,false,false,true,0,codable,OWL_ANS,emissible,740
C60.2,II,II/C60.2.md,Tumeur maligne du corps de la verge,true,false,false,false,true,0,codable,OWL_ANS,emissible,743
C60.8,II,II/C60.8.md,Tumeur maligne à localisations contiguës de la verge,true,false,false,false,true,0,codable,OWL_ANS,emissible,777
C60.9,II,II/C60.9.md,"Tumeur maligne de la verge, sans précision",true,false,false,false,true,0,codable,OWL_ANS,emissible,973
C61,II,II/C61.md,Tumeur maligne de la prostate,true,false,false,false,true,0,codable,OWL_ANS,emissible,1000
C62.0,II,II/C62.0.md,Tumeur maligne du testicule ectopique,true,false,false,false,true,0,codable,OWL_ANS,emissible,814
C62.1,II,II/C62.1.md,Tumeur maligne du testicule descendu,true,false,false,false,false,0,codable,OWL_ANS,emissible,620
C62.9,II,II/C62.9.md,"Tumeur maligne d'un testicule, sans précision",true,false,false,false,true,0,codable,OWL_ANS,emissible,1104
C63.0,II,II/C63.0.md,Tumeur maligne de l'épididyme,true,false,false,false,true,0,codable,OWL_ANS,emissible,631
C63.1,II,II/C63.1.md,Tumeur maligne du cordon spermatique,true,false,false,false,true,0,codable,OWL_ANS,emissible,803
C63.2,II,II/C63.2.md,Tumeur maligne du scrotum,true,false,false,false,true,0,codable,OWL_ANS,emissible,914
C63.7,II,II/C63.7.md,Tumeur maligne d'autres organes génitaux de l'homme précisés,true,false,false,false,true,0,codable,OWL_ANS,emissible,951
C63.8,II,II/C63.8.md,Tumeur maligne à localisations contiguës des organes génitaux de l'homme,true,false,false,false,true,0,codable,OWL_ANS,emissible,1224
C63.9,II,II/C63.9.md,"Tumeur maligne d'un organe génital de l'homme, sans précision",true,false,false,false,true,0,codable,OWL_ANS,emissible,1002
C64,II,II/C64.md,"Tumeur maligne du rein, à l'exception du bassinet",false,false,true,false,true,0,codable,OWL_ANS,emissible,1185
C65,II,II/C65.md,Tumeur maligne du bassinet,true,false,false,false,true,0,codable,OWL_ANS,emissible,951
C66,II,II/C66.md,Tumeur maligne de l'uretère,false,false,true,false,true,0,codable,OWL_ANS,emissible,917
C67.0,II,II/C67.0.md,Tumeur maligne du trigone de la vessie,false,false,false,false,true,0,codable,OWL_ANS,emissible,816
C67.1,II,II/C67.1.md,Tumeur maligne du dôme de la vessie,false,false,false,false,true,0,codable,OWL_ANS,emissible,721
C67.2,II,II/C67.2.md,Tumeur maligne de la paroi latérale de la vessie,false,false,false,false,true,0,codable,OWL_ANS,emissible,584
C67.3,II,II/C67.3.md,Tumeur maligne de la paroi antérieure de la vessie,false,false,false,false,true,0,codable,OWL_ANS,emissible,547
C67.4,II,II/C67.4.md,Tumeur maligne de la paroi postérieure de la vessie,false,false,false,false,true,0,codable,OWL_ANS,emissible,573
C67.5,II,II/C67.5.md,Tumeur maligne du col vésical,true,false,false,false,true,0,codable,OWL_ANS,emissible,829
C67.6,II,II/C67.6.md,Tumeur maligne de l'orifice urétéral,false,false,false,false,true,0,codable,OWL_ANS,emissible,620
C67.7,II,II/C67.7.md,Tumeur maligne de l'ouraque,false,false,false,false,true,0,codable,OWL_ANS,emissible,535
C67.8,II,II/C67.8.md,Tumeur maligne à localisations contiguës de la vessie,false,false,false,false,true,0,codable,OWL_ANS,emissible,735
C67.9,II,II/C67.9.md,"Tumeur maligne de la vessie, sans précision",false,false,false,false,true,0,codable,OWL_ANS,emissible,884
C68.0,II,II/C68.0.md,Tumeur maligne de l'urètre,false,false,true,false,true,0,codable,OWL_ANS,emissible,958
C68.1,II,II/C68.1.md,Tumeur maligne de la glande urétrale,false,false,true,false,false,0,codable,OWL_ANS,emissible,611
C68.8,II,II/C68.8.md,Tumeur maligne à localisations contiguës des organes urinaires,true,false,true,false,true,0,codable,OWL_ANS,emissible,1320
C68.9,II,II/C68.9.md,"Tumeur maligne d'un organe urinaire, sans précision",true,false,true,false,true,0,codable,OWL_ANS,emissible,1017
C69.0,II,II/C69.0.md,Tumeur maligne de la conjonctive,false,false,true,false,true,0,codable,OWL_ANS,emissible,1020
C69.1,II,II/C69.1.md,Tumeur maligne de la cornée,false,false,true,false,true,0,codable,OWL_ANS,emissible,861
C69.2,II,II/C69.2.md,Tumeur maligne de la rétine,false,false,true,false,true,0,codable,OWL_ANS,emissible,1031
C69.3,II,II/C69.3.md,Tumeur maligne de la choroïde,false,false,true,false,true,0,codable,OWL_ANS,emissible,1035
C69.4,II,II/C69.4.md,Tumeur maligne du corps ciliaire,true,false,true,false,true,0,codable,OWL_ANS,emissible,1048
C69.5,II,II/C69.5.md,Tumeur maligne de la glande lacrymale et du canal lacrymal,true,false,true,false,true,0,codable,OWL_ANS,emissible,1211
C69.6,II,II/C69.6.md,Tumeur maligne de l'orbite,true,false,true,false,true,0,codable,OWL_ANS,emissible,1310
C69.8,II,II/C69.8.md,Tumeur maligne à localisations contiguës de l'oeil et de ses annexes,false,false,true,false,true,0,codable,OWL_ANS,emissible,1088
C69.9,II,II/C69.9.md,"Tumeur maligne de l'oeil, sans précision",true,false,true,false,true,0,codable,OWL_ANS,emissible,1046
C70.0,II,II/C70.0.md,Tumeur maligne des méninges cérébrales,false,false,false,false,true,0,codable,OWL_ANS,emissible,897
C70.1,II,II/C70.1.md,Tumeur maligne des méninges rachidiennes,false,false,false,false,true,0,codable,OWL_ANS,emissible,648
C70.9,II,II/C70.9.md,"Tumeur maligne des méninges, sans précision",false,false,false,false,true,0,codable,OWL_ANS,emissible,861
C71.0,II,II/C71.0.md,"Tumeur maligne du cerveau, sauf lobes et ventricules",true,false,true,false,true,0,codable,OWL_ANS,emissible,1166
C71.1,II,II/C71.1.md,Tumeur maligne du lobe frontal,false,false,true,false,true,0,codable,OWL_ANS,emissible,1024
C71.2,II,II/C71.2.md,Tumeur maligne du lobe temporal,false,false,true,false,true,0,codable,OWL_ANS,emissible,998
C71.3,II,II/C71.3.md,Tumeur maligne du lobe pariétal,false,false,true,false,true,0,codable,OWL_ANS,emissible,983
C71.4,II,II/C71.4.md,Tumeur maligne du lobe occipital,false,false,true,false,true,0,codable,OWL_ANS,emissible,1008
C71.5,II,II/C71.5.md,Tumeur maligne d'un ventricule cérébral,false,false,true,false,true,0,codable,OWL_ANS,emissible,1130
C71.6,II,II/C71.6.md,Tumeur maligne du cervelet,false,false,true,false,true,0,codable,OWL_ANS,emissible,1076
C71.7,II,II/C71.7.md,Tumeur maligne du tronc cérébral,true,false,true,false,true,0,codable,OWL_ANS,emissible,1077
C71.8,II,II/C71.8.md,Tumeur maligne à localisations contiguës de l'encéphale,false,false,true,false,true,0,codable,OWL_ANS,emissible,1181
C71.9,II,II/C71.9.md,"Tumeur maligne de l'encéphale, sans précision",false,false,true,false,true,0,codable,OWL_ANS,emissible,949
C72.0,II,II/C72.0.md,Tumeur maligne de la moelle épinière,false,false,true,false,true,0,codable,OWL_ANS,emissible,1065
C72.1,II,II/C72.1.md,Tumeur maligne de la queue de cheval,false,false,true,false,true,0,codable,OWL_ANS,emissible,932
C72.2,II,II/C72.2.md,Tumeur maligne du nerf olfactif,true,false,true,false,true,0,codable,OWL_ANS,emissible,830
C72.3,II,II/C72.3.md,Tumeur maligne du nerf optique,false,false,true,false,true,0,codable,OWL_ANS,emissible,995
C72.4,II,II/C72.4.md,Tumeur maligne du nerf auditif,false,false,true,false,true,0,codable,OWL_ANS,emissible,735
C72.5,II,II/C72.5.md,"Tumeur maligne des nerfs crâniens, autres et non précisés",true,false,true,false,true,0,codable,OWL_ANS,emissible,982
C72.8,II,II/C72.8.md,Tumeur maligne à localisations contiguës de l'encéphale et d'autres parties du système nerveux central,true,false,true,false,true,0,codable,OWL_ANS,emissible,1605
C72.9,II,II/C72.9.md,"Tumeur maligne du système nerveux central, sans précision",true,false,true,false,true,0,codable,OWL_ANS,emissible,1031
C73,II,II/C73.md,Tumeur maligne de la thyroïde,false,false,false,false,true,0,codable,OWL_ANS,emissible,891
C74.0,II,II/C74.0.md,Tumeur maligne du cortex de la surrénale,false,false,false,false,true,0,codable,OWL_ANS,emissible,815
C74.1,II,II/C74.1.md,Tumeur maligne de la médullosurrénale,false,false,false,false,true,0,codable,OWL_ANS,emissible,760
C74.9,II,II/C74.9.md,"Tumeur maligne de la surrénale, sans précision",false,false,false,false,true,0,codable,OWL_ANS,emissible,818
C75.0,II,II/C75.0.md,Tumeur maligne de la parathyroïde,false,false,true,false,true,0,codable,OWL_ANS,emissible,929
C75.1,II,II/C75.1.md,Tumeur maligne de l'hypophyse,false,false,true,false,true,0,codable,OWL_ANS,emissible,981
C75.2,II,II/C75.2.md,Tumeur maligne du tractus craniopharyngien,false,false,true,false,true,0,codable,OWL_ANS,emissible,749
C75.3,II,II/C75.3.md,Tumeur maligne de l'épiphyse,false,false,true,false,true,0,codable,OWL_ANS,emissible,1036
C75.4,II,II/C75.4.md,Tumeur maligne du corpuscule carotidien,false,false,true,false,true,0,codable,OWL_ANS,emissible,786
C75.5,II,II/C75.5.md,Tumeur maligne du glomus aortique et autres paraganglions,false,false,true,false,true,0,codable,OWL_ANS,emissible,822
C75.8,II,II/C75.8.md,"Tumeur maligne de plusieurs glandes endocrines, sans précision",false,false,true,false,true,0,codable,OWL_ANS,emissible,1164
C75.9,II,II/C75.9.md,"Tumeur maligne d'une glande endocrine, sans précision",false,false,true,false,true,1,interdit_dp_dr,OWL_ANS,emissible,981
C76.0,II,II/C76.0.md,"Tumeur maligne de siège mal défini de la tête, de la face et du cou",true,false,true,false,true,0,codable,OWL_ANS,emissible,1060
C76.1,II,II/C76.1.md,Tumeur maligne de siège mal défini du thorax,true,false,true,false,true,0,codable,OWL_ANS,emissible,1100
C76.2,II,II/C76.2.md,Tumeur maligne de siège mal défini de l'abdomen,false,false,true,false,true,0,codable,OWL_ANS,emissible,991
C76.3,II,II/C76.3.md,Tumeur maligne de siège mal défini du pelvis,true,false,true,false,true,0,codable,OWL_ANS,emissible,1178
C76.4,II,II/C76.4.md,Tumeur maligne de siège mal défini d'un membre supérieur,false,false,true,false,true,0,codable,OWL_ANS,emissible,916
C76.5,II,II/C76.5.md,Tumeur maligne de siège mal défini d'un membre inférieur,false,false,true,false,true,0,codable,OWL_ANS,emissible,921
C76.7,II,II/C76.7.md,Tumeur maligne d'autres sièges mal définis,false,false,true,false,true,0,codable,OWL_ANS,emissible,961
C76.8,II,II/C76.8.md,Tumeur maligne à localisations contiguës de sièges autres et mal définis,false,false,true,false,true,0,codable,OWL_ANS,emissible,1618
C77.0,II,II/C77.0.md,"Tumeur maligne secondaire et non précisée des ganglions lymphatiques de la tête, de la face et du cou",true,false,true,false,true,0,codable,OWL_ANS,emissible,1070
C77.1,II,II/C77.1.md,Tumeur maligne secondaire et non précisée des ganglions lymphatiques intrathoraciques,false,false,true,false,true,0,codable,OWL_ANS,emissible,964
C77.2,II,II/C77.2.md,Tumeur maligne secondaire et non précisée des ganglions lymphatiques intraabdominaux,false,false,true,false,true,0,codable,OWL_ANS,emissible,1058
C77.3,II,II/C77.3.md,Tumeur maligne secondaire et non précisée des ganglions lymphatiques de l'aisselle et du membre supérieur,true,false,true,false,true,0,codable,OWL_ANS,emissible,1045
C77.4,II,II/C77.4.md,Tumeur maligne secondaire et non précisée des ganglions lymphatiques inguinaux et du membre inférieur,false,false,true,false,true,0,codable,OWL_ANS,emissible,955
C77.5,II,II/C77.5.md,Tumeur maligne secondaire et non précisée des ganglions lymphatiques intrapelviens,false,false,true,false,true,0,codable,OWL_ANS,emissible,974
C77.8,II,II/C77.8.md,Tumeur maligne secondaire et non précisée des ganglions lymphatiques de sièges multiples,false,false,true,false,true,0,codable,OWL_ANS,emissible,1678
C77.9,II,II/C77.9.md,"Tumeur maligne secondaire et non précisée d'un ganglion lymphatique, sans précision",false,false,true,false,true,0,codable,OWL_ANS,emissible,906
C78.0,II,II/C78.0.md,Tumeur maligne secondaire du poumon,false,false,false,false,true,0,codable,OWL_ANS,emissible,716
C78.1,II,II/C78.1.md,Tumeur maligne secondaire du médiastin,false,false,false,false,true,0,codable,OWL_ANS,emissible,703
C78.2,II,II/C78.2.md,Tumeur maligne secondaire de la plèvre,true,false,false,false,true,0,codable,OWL_ANS,emissible,790
C78.3,II,II/C78.3.md,"Tumeur maligne secondaire des organes respiratoires, autres et non précisés",false,false,false,false,true,0,codable,OWL_ANS,emissible,819
C78.4,II,II/C78.4.md,Tumeur maligne secondaire de l'intestin grêle,false,false,false,false,true,0,codable,OWL_ANS,emissible,651
C78.5,II,II/C78.5.md,Tumeur maligne secondaire du gros intestin et du rectum,false,false,false,false,true,0,codable,OWL_ANS,emissible,734
C78.6,II,II/C78.6.md,Tumeur maligne secondaire du rétropéritoine et du péritoine,true,false,false,false,true,0,codable,OWL_ANS,emissible,947
C78.7,II,II/C78.7.md,Tumeur maligne secondaire du foie et des voies biliaires intrahépatiques,false,false,false,false,true,0,codable,OWL_ANS,emissible,748
C78.8,II,II/C78.8.md,"Tumeur maligne secondaire des organes digestifs, autres et non précisés",false,false,true,false,true,0,codable,OWL_ANS,emissible,1428
C79.0,II,II/C79.0.md,Tumeur maligne secondaire du rein et du bassinet,false,false,false,false,true,0,codable,OWL_ANS,emissible,670
C79.1,II,II/C79.1.md,"Tumeur maligne secondaire de la vessie et des organes urinaires, autres et non précisés",false,false,false,false,true,0,codable,OWL_ANS,emissible,744
C79.2,II,II/C79.2.md,Tumeur maligne secondaire de la peau,false,false,false,false,true,0,codable,OWL_ANS,emissible,700
C79.3,II,II/C79.3.md,Tumeur maligne secondaire du cerveau et des méninges cérébrales,false,false,false,false,true,0,codable,OWL_ANS,emissible,849
C79.4,II,II/C79.4.md,"Tumeur maligne secondaire de parties du système nerveux, autres et non précisées",false,false,false,false,true,0,codable,OWL_ANS,emissible,858
C79.5,II,II/C79.5.md,Tumeur maligne secondaire des os et de la moelle osseuse,false,false,false,false,true,0,codable,OWL_ANS,emissible,1263
C79.6,II,II/C79.6.md,Tumeur maligne secondaire de l'ovaire,false,false,false,false,true,0,codable,OWL_ANS,emissible,677
C79.7,II,II/C79.7.md,Tumeur maligne secondaire de la glande surrénale,false,false,false,false,true,0,codable,OWL_ANS,emissible,741
C79.8,II,II/C79.8.md,Tumeur maligne secondaire d'autres sièges précisés,false,false,true,false,true,0,codable,OWL_ANS,emissible,1337
C79.9,II,II/C79.9.md,Tumeur maligne secondaire de siège non précisé,true,false,false,false,true,3,pere_interdit,OWL_ANS,emissible,970
C80.0,II,II/C80.0.md,"Tumeur maligne de siège primitif non précisé, ainsi décrit",true,false,false,false,true,0,codable,OWL_ANS,emissible,775
C80.9,II,II/C80.9.md,Tumeur maligne de siège primitif non précisé,true,false,true,false,true,3,pere_interdit,OWL_ANS,emissible,998
C81.0,II,II/C81.0.md,"Lymphome de Hodgkin à prédominance lymphocytaire, forme nodulaire",true,false,true,false,true,0,codable,OWL_ANS,emissible,961
C81.1,II,II/C81.1.md,"Lymphome de Hodgkin (classique), sclérose nodulaire",true,false,true,false,true,0,codable,OWL_ANS,emissible,1039
C81.2,II,II/C81.2.md,"Lymphome de Hodgkin (classique), à cellularité mixte",true,false,true,false,true,0,codable,OWL_ANS,emissible,861
C81.3,II,II/C81.3.md,"Lymphome de Hodgkin (classique), à déplétion lymphocytaire",true,false,true,false,true,0,codable,OWL_ANS,emissible,875
C81.4,II,II/C81.4.md,"Lymphome de Hodgkin (classique), riche en lymphocytes",true,false,true,false,false,0,codable,OWL_ANS,emissible,902
C81.7,II,II/C81.7.md,Autres formes de lymphome de Hodgkin (classique),true,false,true,false,true,0,codable,OWL_ANS,emissible,1060
C81.9,II,II/C81.9.md,"Lymphome de Hodgkin, sans précision",true,false,true,false,true,0,codable,OWL_ANS,emissible,1317
C82.0,II,II/C82.0.md,"Lymphome folliculaire, grade I",true,false,true,false,true,0,codable,OWL_ANS,emissible,1068
C82.1,II,II/C82.1.md,"Lymphome folliculaire, grade II",true,false,true,false,true,0,codable,OWL_ANS,emissible,1122
C82.2,II,II/C82.2.md,"Lymphome folliculaire, grade III, non précisé",true,false,true,false,true,0,codable,OWL_ANS,emissible,1247
C82.3,II,II/C82.3.md,"Lymphome folliculaire, grade IIIa",true,false,true,false,false,0,codable,OWL_ANS,emissible,1002
C82.4,II,II/C82.4.md,"Lymphome folliculaire, grade IIIb",true,false,true,false,true,0,codable,OWL_ANS,emissible,1114
C82.5,II,II/C82.5.md,Lymphome centrofolliculaire diffus,true,false,true,false,true,0,codable,OWL_ANS,emissible,1452
C82.6,II,II/C82.6.md,Lymphome centrofolliculaire cutané,true,false,true,false,false,0,codable,OWL_ANS,emissible,1003
C82.7,II,II/C82.7.md,"Autres formes de lymphome, folliculaire",true,false,true,false,true,0,codable,OWL_ANS,emissible,1375
C82.9,II,II/C82.9.md,"Lymphome folliculaire, sans précision",true,false,true,false,true,0,codable,OWL_ANS,emissible,1526
C83.0,II,II/C83.0.md,Lymphome à petites cellules B,true,false,true,false,true,0,codable,OWL_ANS,emissible,1603
C83.1,II,II/C83.1.md,Lymphome à cellules du manteau,true,false,true,false,true,0,codable,OWL_ANS,emissible,1231
C83.3,II,II/C83.3.md,Lymphome diffus à grandes cellules B,true,false,true,false,true,0,codable,OWL_ANS,emissible,1467
C83.5,II,II/C83.5.md,Lymphome lymphoblastique,true,false,true,false,true,0,codable,OWL_ANS,emissible,1356
C83.7,II,II/C83.7.md,Lymphome de Burkitt,true,false,true,false,true,0,codable,OWL_ANS,emissible,1284
C83.8,II,II/C83.8.md,Autres lymphomes non folliculaires,true,false,true,false,true,0,codable,OWL_ANS,emissible,1716
C83.9,II,II/C83.9.md,"Lymphome (diffus) non folliculaire, sans précision",true,false,true,false,true,0,codable,OWL_ANS,emissible,1228
C84.0,II,II/C84.0.md,Mycosis fongoïde,true,false,true,false,true,0,codable,OWL_ANS,emissible,1047
C84.1,II,II/C84.1.md,Réticulose de Sézary,true,false,true,false,true,0,codable,OWL_ANS,emissible,1099
C84.4,II,II/C84.4.md,"Lymphome périphérique à cellules T, non classé ailleurs",true,false,true,false,true,0,codable,OWL_ANS,emissible,1271
C84.5,II,II/C84.5.md,Autres lymphomes à cellules T/NK matures,true,false,true,false,true,0,codable,OWL_ANS,emissible,1731
C84.6,II,II/C84.6.md,Lymphome anaplasique à grandes cellules ALK positives,true,false,true,false,true,0,codable,OWL_ANS,emissible,914
C84.7,II,II/C84.7.md,Lymphome anaplasique à grandes cellules ALK négatives,true,false,true,false,true,0,codable,OWL_ANS,emissible,966
C84.8,II,II/C84.8.md,"Lymphome cutané à cellules T, sans précision",true,false,true,false,true,0,codable,OWL_ANS,emissible,1459
C84.9,II,II/C84.9.md,"Lymphome à cellules T/NK matures, sans précision",true,false,true,false,true,0,codable,OWL_ANS,emissible,1013
C85.1,II,II/C85.1.md,"Lymphomes à cellules B, sans précision",true,false,true,false,true,0,codable,OWL_ANS,emissible,1346
C85.2,II,II/C85.2.md,Lymphome médiastinal (thymique) à grandes cellules B,true,false,true,false,true,0,codable,OWL_ANS,emissible,1207
C85.7,II,II/C85.7.md,Autres types précisés de lymphome non hodgkinien,true,false,true,false,true,0,codable,OWL_ANS,emissible,1402
C85.9,II,II/C85.9.md,"Lymphome non hodgkinien, non précisé",true,false,true,false,true,0,codable,OWL_ANS,emissible,1376
C86.0,II,II/C86.0.md,"Lymphome extranodal à cellules T/NK, type nasal",true,false,true,false,true,0,codable,OWL_ANS,emissible,1164
C86.1,II,II/C86.1.md,Lymphome hépatosplénique à cellules T,true,false,true,false,true,0,codable,OWL_ANS,emissible,1055
C86.2,II,II/C86.2.md,"Lymphome (intestinal) à cellules T, type entéropathique",true,false,true,false,true,0,codable,OWL_ANS,emissible,1068
C86.3,II,II/C86.3.md,Lymphome à cellules T simulant une panniculite,true,false,true,false,false,0,codable,OWL_ANS,emissible,828
C86.4,II,II/C86.4.md,Lymphome à cellules NK blastiques,true,false,true,false,true,0,codable,OWL_ANS,emissible,933
C86.5,II,II/C86.5.md,Lymphome angio-immunoblastique à cellules T,true,false,true,false,true,0,codable,OWL_ANS,emissible,1314
C86.6,II,II/C86.6.md,Syndrome lymphoprolifératif cutané primitif à cellules T CD30 positives,true,false,true,false,true,0,codable,OWL_ANS,emissible,1100
C88.0,II,II/C88.0.md,Macroglobulinémie de Waldenström,true,false,true,false,true,0,codable,OWL_ANS,emissible,1422
C88.2,II,II/C88.2.md,Maladie d'autres chaines lourdes,true,false,true,false,true,0,codable,OWL_ANS,emissible,951
C88.3,II,II/C88.3.md,Maladie immunoproliférative de l'intestin grêle,true,false,true,false,true,0,codable,OWL_ANS,emissible,929
C88.4,II,II/C88.4.md,Lymphome de la zone marginale à cellules B des tissus lymphoïdes associés aux muqueuses [lymphome MALT],true,false,true,false,true,0,codable,OWL_ANS,emissible,1357
C88.7,II,II/C88.7.md,Autres maladies immunoprolifératives malignes,true,false,true,false,false,0,codable,OWL_ANS,emissible,771
C88.9,II,II/C88.9.md,"Maladie immunoproliférative (maligne), sans précision",true,false,true,false,true,0,codable,OWL_ANS,emissible,1064
C90.0,II,II/C90.0.md,Myélome multiple,true,false,true,false,true,0,codable,OWL_ANS,emissible,1261
C90.1,II,II/C90.1.md,Leucémie à plasmocytes,true,false,true,false,true,0,codable,OWL_ANS,emissible,1200
C90.2,II,II/C90.2.md,Plasmocytome extra-médullaire,true,false,true,false,true,0,codable,OWL_ANS,emissible,1203
C90.3,II,II/C90.3.md,Plasmocytome solitaire,true,false,true,false,true,0,codable,OWL_ANS,emissible,1187
C91.0,II,II/C91.0.md,Leucémie lymphoblastique aigüe [LLA],true,false,true,false,true,0,codable,OWL_ANS,emissible,1250
C91.1,II,II/C91.1.md,Leucémie lymphoïde chronique à cellules B,true,false,true,false,true,0,codable,OWL_ANS,emissible,1271
C91.3,II,II/C91.3.md,Leucémie à prolymphocytes à cellules B,true,false,true,false,true,0,codable,OWL_ANS,emissible,1267
C91.4,II,II/C91.4.md,Leucémie à tricholeucocytes,true,false,true,false,true,0,codable,OWL_ANS,emissible,1229
C91.5,II,II/C91.5.md,Lymphome/leucémie de l'adulte à cellules T (associé(e) à HTLV-1),true,false,true,false,true,0,codable,OWL_ANS,emissible,1312
C91.6,II,II/C91.6.md,Leucémie à prolymphocytes à cellules T,true,false,true,false,true,0,codable,OWL_ANS,emissible,953
C91.7,II,II/C91.7.md,Autres leucémies lymphoïdes,true,false,true,false,true,0,codable,OWL_ANS,emissible,1238
C91.8,II,II/C91.8.md,"Leucémie à cellules B matures, de type Burkitt",true,false,true,false,false,0,codable,OWL_ANS,emissible,1301
C91.9,II,II/C91.9.md,"Leucémie lymphoïde, sans précision",true,false,true,false,true,0,codable,OWL_ANS,emissible,1185
C92.0,II,II/C92.0.md,Leucémie myéloblastique aigüe [LAM],true,false,true,false,true,0,codable,OWL_ANS,emissible,1666
C92.1,II,II/C92.1.md,Leucémie myéloïde chronique [LMC] ABL-BCR positif,true,false,true,false,true,0,codable,OWL_ANS,emissible,1710
C92.2,II,II/C92.2.md,"Leucémie myéloïde chronique atypique, ABL-BCR négatif",true,false,true,false,true,0,codable,OWL_ANS,emissible,944
C92.3,II,II/C92.3.md,Sarcome myéloïde,true,false,true,false,true,0,codable,OWL_ANS,emissible,1349
C92.4,II,II/C92.4.md,Leucémie promyélocytaire aigüe [PML],true,false,true,false,true,0,codable,OWL_ANS,emissible,1278
C92.5,II,II/C92.5.md,Leucémie myélomonocytaire aiguë,true,false,true,false,true,0,codable,OWL_ANS,emissible,1273
C92.6,II,II/C92.6.md,Leucémie myéloïde aigüe avec anomalies 11q23,true,false,true,false,false,0,codable,OWL_ANS,emissible,950
C92.7,II,II/C92.7.md,Autres leucémies myéloïdes,true,false,true,false,true,0,codable,OWL_ANS,emissible,1429
C92.8,II,II/C92.8.md,Leucémie myéloïde aigüe avec dysplasie de plusieurs lignées cellulaires,true,false,true,false,false,0,codable,OWL_ANS,emissible,1474
C92.9,II,II/C92.9.md,"Leucémie myéloïde, sans précision",true,false,true,false,true,0,codable,OWL_ANS,emissible,1317
C93.0,II,II/C93.0.md,Leucémie monoblastique/monocytaire aigüe,true,false,true,false,true,0,codable,OWL_ANS,emissible,1181
C93.1,II,II/C93.1.md,Leucémie myélomonocytaire chronique,true,false,true,false,true,0,codable,OWL_ANS,emissible,1370
C93.3,II,II/C93.3.md,Leucémie myélomonocytaire juvénile,true,false,true,false,true,0,codable,OWL_ANS,emissible,871
C93.7,II,II/C93.7.md,Autres leucémies monocytaires,true,false,true,false,false,0,codable,OWL_ANS,emissible,778
C93.9,II,II/C93.9.md,"Leucémie monocytaire, sans précision",true,false,true,false,true,0,codable,OWL_ANS,emissible,1212
C94.0,II,II/C94.0.md,Leucémie érythroïde aigüe,true,false,true,false,true,0,codable,OWL_ANS,emissible,1383
C94.2,II,II/C94.2.md,Leucémie (aiguë) à mégacaryocytes,true,false,true,false,true,0,codable,OWL_ANS,emissible,1397
C94.3,II,II/C94.3.md,Leucémie à mastocytes,true,false,true,false,true,0,codable,OWL_ANS,emissible,1037
C94.4,II,II/C94.4.md,Panmyélose aigüe avec myélofibrose,true,false,true,false,true,0,codable,OWL_ANS,emissible,1124
C94.6,II,II/C94.6.md,"Maladie myélodysplasique et myéloproliférative, non classée ailleurs",true,false,true,false,true,0,codable,OWL_ANS,emissible,1036
C94.7,II,II/C94.7.md,Autres leucémies précisées,true,false,true,false,true,0,codable,OWL_ANS,emissible,1399
C95.0,II,II/C95.0.md,Leucémie aiguë à cellules non précisées,true,false,true,false,true,0,codable,OWL_ANS,emissible,1349
C95.1,II,II/C95.1.md,Leucémie chronique à cellules non précisées,true,false,true,false,true,0,codable,OWL_ANS,emissible,1110
C95.7,II,II/C95.7.md,Autres leucémies à cellules non précisées,true,false,true,false,true,0,codable,OWL_ANS,emissible,833
C95.9,II,II/C95.9.md,"Leucémie, sans précision",true,false,true,false,true,0,codable,OWL_ANS,emissible,1183
C96.0,II,II/C96.0.md,Histiocytose à cellules de Langerhans multifocale et multisystémique (disséminée) [Maladie de Letterer-Siwe],true,false,true,false,true,0,codable,OWL_ANS,emissible,1279
C96.2,II,II/C96.2.md,Tumeur maligne à mastocytes,true,false,true,false,true,0,codable,OWL_ANS,emissible,1129
C96.4,II,II/C96.4.md,Sarcome à cellules dendritiques (cellules accessoires),true,false,true,false,true,0,codable,OWL_ANS,emissible,1063
C96.5,II,II/C96.5.md,Histiocytose à cellules de Langerhans multifocale et unisystémique,true,false,true,false,true,0,codable,OWL_ANS,emissible,1066
C96.6,II,II/C96.6.md,Histiocytose à cellules de Langerhans unifocale,true,false,true,false,true,0,codable,OWL_ANS,emissible,1217
C96.7,II,II/C96.7.md,"Autres tumeurs malignes précisées des tissus lymphoïde, hématopoïétique et apparentés",true,false,true,false,true,0,codable,OWL_ANS,emissible,1198
C96.8,II,II/C96.8.md,Sarcome histiocytaire,true,false,true,false,true,0,codable,OWL_ANS,emissible,1698
C96.9,II,II/C96.9.md,"Tumeur maligne des tissus lymphoïde, hématopoïétique et apparentés, sans précision",true,false,true,false,true,1,interdit_dp_dr,OWL_ANS,emissible,1134
C97,II,II/C97.md,Tumeurs malignes de sièges multiples indépendants (primitifs),false,false,false,false,false,1,interdit_dp_dr,OWL_ANS,emissible,495
D00.0,II,II/D00.0.md,"Carcinome in situ de la lèvre, de la cavité buccale et du pharynx",true,false,true,false,true,0,codable,OWL_ANS,emissible,2205
D00.1,II,II/D00.1.md,Carcinome in situ de l'oesophage,true,false,true,false,true,0,codable,OWL_ANS,emissible,1705
D00.2,II,II/D00.2.md,Carcinome in situ de l'estomac,true,false,true,false,true,0,codable,OWL_ANS,emissible,1763
D01.0,II,II/D01.0.md,Carcinome in situ du côlon,true,false,true,false,true,0,codable,OWL_ANS,emissible,1824
D01.1,II,II/D01.1.md,Carcinome in situ de la jonction rectosigmoïdienne,true,false,true,false,false,0,codable,OWL_ANS,emissible,1468
D01.2,II,II/D01.2.md,Carcinome in situ du rectum,true,false,true,false,true,0,codable,OWL_ANS,emissible,1653
D01.3,II,II/D01.3.md,Carcinome in situ de l'anus et du canal anal,true,false,true,false,true,0,codable,OWL_ANS,emissible,1652
D01.4,II,II/D01.4.md,"Carcinome in situ de parties de l'intestin, autres et non précisées",true,false,true,false,false,0,codable,OWL_ANS,emissible,1549
D01.5,II,II/D01.5.md,"Carcinome in situ du foie, de la vésicule et des voies biliaires",true,false,true,false,true,0,codable,OWL_ANS,emissible,1691
D01.7,II,II/D01.7.md,Carcinome in situ d'autres organes digestifs précisés,true,false,true,false,false,0,codable,OWL_ANS,emissible,1503
D01.9,II,II/D01.9.md,"Carcinome in situ d'un organe digestif, sans précision",true,false,true,false,true,1,interdit_dp_dr,OWL_ANS,emissible,1514
D02.0,II,II/D02.0.md,Carcinome in situ du larynx,true,false,true,false,true,0,codable,OWL_ANS,emissible,1859
D02.1,II,II/D02.1.md,Carcinome in situ de la trachée,true,false,true,false,true,0,codable,OWL_ANS,emissible,1518
D02.2,II,II/D02.2.md,Carcinome in situ des bronches et du poumon,true,false,true,false,true,0,codable,OWL_ANS,emissible,1718
D02.3,II,II/D02.3.md,Carcinome in situ d'autres parties de l'appareil respiratoire,true,false,true,false,false,0,codable,OWL_ANS,emissible,1683
D02.4,II,II/D02.4.md,"Carcinome in situ de l'appareil respiratoire, sans précision",true,false,true,false,false,1,interdit_dp_dr,OWL_ANS,emissible,1480
D03.0,II,II/D03.0.md,Mélanome in situ de la lèvre,true,false,false,false,false,0,codable,OWL_ANS,emissible,1511
D03.1,II,II/D03.1.md,"Mélanome in situ de la paupière, y compris le canthus",true,false,false,false,false,0,codable,OWL_ANS,emissible,1536
D03.2,II,II/D03.2.md,Mélanome in situ de l'oreille et du conduit auditif externe,true,false,false,false,false,0,codable,OWL_ANS,emissible,1542
D03.3,II,II/D03.3.md,"Mélanome in situ de parties de la face, autres et non précisées",true,false,false,false,true,0,codable,OWL_ANS,emissible,1825
D03.4,II,II/D03.4.md,Mélanome in situ du cuir chevelu et du cou,true,false,false,false,true,0,codable,OWL_ANS,emissible,1590
D03.5,II,II/D03.5.md,Mélanome in situ du tronc,true,false,false,false,false,0,codable,OWL_ANS,emissible,1599
D03.6,II,II/D03.6.md,"Mélanome in situ du membre supérieur, y compris l'épaule",true,false,false,false,false,0,codable,OWL_ANS,emissible,1539
D03.7,II,II/D03.7.md,"Mélanome in situ du membre inférieur, y compris la hanche",true,false,false,false,true,0,codable,OWL_ANS,emissible,1607
D03.8,II,II/D03.8.md,Mélanome in situ d'autres sièges,true,false,true,false,false,0,codable,OWL_ANS,emissible,2064
D03.9,II,II/D03.9.md,"Mélanome in situ, sans précision",true,false,false,false,true,0,codable,OWL_ANS,emissible,1642
D04.0,II,II/D04.0.md,Carcinome in situ de la peau de la lèvre,true,false,true,false,false,0,codable,OWL_ANS,emissible,1573
D04.1,II,II/D04.1.md,"Carcinome in situ de la peau de la paupière, y compris le canthus",true,false,true,false,false,0,codable,OWL_ANS,emissible,1528
D04.2,II,II/D04.2.md,Carcinome in situ de la peau de l'oreille et du conduit auditif externe,true,false,true,false,false,0,codable,OWL_ANS,emissible,1534
D04.3,II,II/D04.3.md,"Carcinome in situ de la peau des parties de la face, autres et non précisées",true,false,true,false,true,0,codable,OWL_ANS,emissible,1720
D04.4,II,II/D04.4.md,Carcinome in situ de la peau du cuir chevelu et du cou,true,false,true,false,true,0,codable,OWL_ANS,emissible,1586
D04.5,II,II/D04.5.md,Carcinome in situ de la peau du tronc,true,false,true,false,true,0,codable,OWL_ANS,emissible,1804
D04.6,II,II/D04.6.md,"Carcinome in situ de la peau du membre supérieur, y compris l'épaule",true,false,true,false,true,0,codable,OWL_ANS,emissible,1609
D04.7,II,II/D04.7.md,"Carcinome in situ de la peau du membre inférieur, y compris la hanche",true,false,true,false,true,0,codable,OWL_ANS,emissible,1771
D04.8,II,II/D04.8.md,Carcinome in situ de la peau d'autres sièges,true,false,true,false,false,0,codable,OWL_ANS,emissible,2132
D04.9,II,II/D04.9.md,"Carcinome in situ de la peau, sans précision",true,false,true,false,true,0,codable,OWL_ANS,emissible,1755
D05.0,II,II/D05.0.md,Carcinome in situ lobulaire,true,false,true,false,true,0,codable,OWL_ANS,emissible,1617
D05.1,II,II/D05.1.md,Carcinome in situ intracanaliculaire,true,false,true,false,false,0,codable,OWL_ANS,emissible,1514
D05.7,II,II/D05.7.md,Autres carcinomes in situ du sein,true,false,true,false,false,0,codable,OWL_ANS,emissible,1511
D05.9,II,II/D05.9.md,"Carcinome in situ du sein, sans précision",true,false,true,false,true,0,codable,OWL_ANS,emissible,1659
D06.0,II,II/D06.0.md,Carcinome in situ de l'endocol,true,false,true,false,true,0,codable,OWL_ANS,emissible,1733
D06.1,II,II/D06.1.md,Carcinome in situ de l'exocol,true,false,true,false,false,0,codable,OWL_ANS,emissible,1664
D06.7,II,II/D06.7.md,Carcinome in situ d'autres parties du col de l'utérus,true,false,true,false,false,0,codable,OWL_ANS,emissible,1688
D06.9,II,II/D06.9.md,"Carcinome in situ du col de l'utérus, sans précision",true,false,true,false,true,0,codable,OWL_ANS,emissible,1812
D07.0,II,II/D07.0.md,Carcinome in situ de l'endomètre,true,false,true,false,true,0,codable,OWL_ANS,emissible,1520
D07.1,II,II/D07.1.md,Carcinome in situ de la vulve,true,false,true,false,true,0,codable,OWL_ANS,emissible,1786
D07.2,II,II/D07.2.md,Carcinome in situ du vagin,true,false,true,false,true,0,codable,OWL_ANS,emissible,1703
D07.3,II,II/D07.3.md,"Carcinome in situ d'organes génitaux de la femme, autres et non précisés",true,false,true,false,true,0,codable,OWL_ANS,emissible,1657
D07.4,II,II/D07.4.md,Carcinome in situ de la verge,true,false,true,false,true,0,codable,OWL_ANS,emissible,1683
D07.5,II,II/D07.5.md,Carcinome in situ de la prostate,true,false,true,false,true,0,codable,OWL_ANS,emissible,1704
D07.6,II,II/D07.6.md,"Carcinome in situ d'organes génitaux de l'homme, autres et non précisés",true,false,true,false,true,0,codable,OWL_ANS,emissible,1554
D09.0,II,II/D09.0.md,Carcinome in situ de la vessie,true,false,true,false,true,0,codable,OWL_ANS,emissible,1697
D09.1,II,II/D09.1.md,"Carcinome in situ d'organes urinaires, autres et non précisés",true,false,true,false,true,0,codable,OWL_ANS,emissible,1599
D09.2,II,II/D09.2.md,Carcinome in situ de l'oeil,true,false,true,false,true,0,codable,OWL_ANS,emissible,1604
D09.3,II,II/D09.3.md,Carcinome in situ de la thyroïde et autres glandes endocrines,true,false,true,false,false,0,codable,OWL_ANS,emissible,1578
D09.7,II,II/D09.7.md,Carcinome in situ d'autres sièges précisés,true,false,true,false,true,0,codable,OWL_ANS,emissible,1580
D09.9,II,II/D09.9.md,"Carcinome in situ, sans précision",true,false,true,false,true,1,interdit_dp_dr,OWL_ANS,emissible,1562
D10.0,II,II/D10.0.md,Tumeur bénigne de la lèvre,true,false,true,false,true,0,codable,OWL_ANS,emissible,663
D10.1,II,II/D10.1.md,Tumeur bénigne de la langue,true,false,false,false,true,0,codable,OWL_ANS,emissible,524
D10.2,II,II/D10.2.md,Tumeur bénigne du plancher de la bouche,true,false,false,false,true,0,codable,OWL_ANS,emissible,450
D10.3,II,II/D10.3.md,"Tumeur bénigne de parties de la bouche, autres et non précisées",true,false,true,false,true,0,codable,OWL_ANS,emissible,825
D10.4,II,II/D10.4.md,Tumeur bénigne d'une amygdale,true,false,true,false,false,0,codable,OWL_ANS,emissible,588
D10.5,II,II/D10.5.md,Tumeur bénigne d'autres parties de l'oropharynx,true,false,true,false,true,0,codable,OWL_ANS,emissible,762
D10.6,II,II/D10.6.md,Tumeur bénigne du rhinopharynx,true,false,false,false,false,0,codable,OWL_ANS,emissible,468
D10.7,II,II/D10.7.md,Tumeur bénigne de l'hypopharynx,true,false,false,false,false,0,codable,OWL_ANS,emissible,370
D10.9,II,II/D10.9.md,"Tumeur bénigne du pharynx, sans précision",true,false,false,false,false,0,codable,OWL_ANS,emissible,380
D11.0,II,II/D11.0.md,Tumeur bénigne de la glande parotide,true,false,true,false,true,0,codable,OWL_ANS,emissible,897
D11.7,II,II/D11.7.md,Tumeur bénigne d'autres glandes salivaires principales,true,false,true,false,false,0,codable,OWL_ANS,emissible,730
D11.9,II,II/D11.9.md,"Tumeur bénigne de la glande salivaire principale, sans précision",true,false,true,false,true,0,codable,OWL_ANS,emissible,720
D12.0,II,II/D12.0.md,Tumeur bénigne du cæcum,true,false,false,false,true,0,codable,OWL_ANS,emissible,572
D12.1,II,II/D12.1.md,Tumeur bénigne de l'appendice,true,false,false,false,true,0,codable,OWL_ANS,emissible,476
D12.2,II,II/D12.2.md,Tumeur bénigne du côlon ascendant,true,false,false,true,true,0,codable,OWL_ANS,emissible,1115
D12.3,II,II/D12.3.md,Tumeur bénigne du côlon transverse,true,false,false,false,true,0,codable,OWL_ANS,emissible,508
D12.4,II,II/D12.4.md,Tumeur bénigne du côlon descendant,true,false,false,false,true,0,codable,OWL_ANS,emissible,631
D12.5,II,II/D12.5.md,Tumeur bénigne du côlon sigmoïde,true,false,false,false,true,0,codable,OWL_ANS,emissible,559
D12.6,II,II/D12.6.md,"Tumeur bénigne du côlon, sans précision",true,false,false,false,true,0,codable,OWL_ANS,emissible,888
D12.6+0,II,II/D12.6+0.md,Polypose (colique) familiale adénomateuse,true,false,false,true,false,0,codable,OWL_ANS,emissible,1363
D12.6+1,II,II/D12.6+1.md,Polypose (colique) liée au gène APC,true,false,false,true,false,0,codable,OWL_ANS,emissible,1357
D12.6+2,II,II/D12.6+2.md,Polypose (colique) liée au gène MYH,true,false,false,true,false,0,codable,OWL_ANS,emissible,1357
D12.6+3,II,II/D12.6+3.md,Polypose (colique) festonnée,true,false,false,true,false,0,codable,OWL_ANS,emissible,1350
D12.6+4,II,II/D12.6+4.md,Polypose (colique) juvénile,true,false,false,true,false,0,codable,OWL_ANS,emissible,1349
D12.6+5,II,II/D12.6+5.md,Polypose (colique) au cours du syndrome de Peutz–Jeghers,true,false,false,true,false,0,codable,OWL_ANS,emissible,1378
D12.6+6,II,II/D12.6+6.md,Polypose (colique) au cours de la maladie de Cowden,true,false,false,true,false,0,codable,OWL_ANS,emissible,1373
D12.6+8,II,II/D12.6+8.md,"Tumeurs bénignes du côlon, autres et non précisées",true,false,false,true,false,0,codable,OWL_ANS,emissible,1372
D12.7,II,II/D12.7.md,Tumeur bénigne de la jonction rectosigmoïdienne,true,false,false,false,true,0,codable,OWL_ANS,emissible,800
D12.8,II,II/D12.8.md,Tumeur bénigne du rectum,true,false,true,false,true,0,codable,OWL_ANS,emissible,1100
D12.9,II,II/D12.9.md,Tumeur bénigne de l'anus et du canal anal,true,false,true,false,true,0,codable,OWL_ANS,emissible,586
D13.0,II,II/D13.0.md,Tumeur bénigne de l'oesophage,true,false,false,false,true,0,codable,OWL_ANS,emissible,531
D13.1,II,II/D13.1.md,Tumeur bénigne de l'estomac,true,false,false,false,true,0,codable,OWL_ANS,emissible,678
D13.2,II,II/D13.2.md,Tumeur bénigne du duodénum,true,false,false,false,true,0,codable,OWL_ANS,emissible,678
D13.3,II,II/D13.3.md,"Tumeur bénigne de parties de l'intestin grêle, autres et non précisées",true,false,false,false,true,0,codable,OWL_ANS,emissible,562
D13.4,II,II/D13.4.md,Tumeur bénigne du foie,true,false,false,false,true,0,codable,OWL_ANS,emissible,662
D13.5,II,II/D13.5.md,Tumeur bénigne des voies biliaires extrahépatiques,true,false,false,false,true,0,codable,OWL_ANS,emissible,616
D13.6,II,II/D13.6.md,Tumeur bénigne du pancréas,true,false,true,false,true,0,codable,OWL_ANS,emissible,771
D13.7,II,II/D13.7.md,Tumeur bénigne du pancréas endocrine,true,false,false,false,true,0,codable,OWL_ANS,emissible,657
D13.90,II,II/D13.90.md,Tumeur bénigne de la rate,true,false,false,false,false,0,codable,OWL_ANS,emissible,448
D14.0,II,II/D14.0.md,"Tumeur bénigne de l'oreille moyenne, des fosses nasales et du sinus de la face",true,false,true,false,true,0,codable,OWL_ANS,emissible,1241
D14.1,II,II/D14.1.md,Tumeur bénigne du larynx,true,false,true,false,true,0,codable,OWL_ANS,emissible,744
D14.2,II,II/D14.2.md,Tumeur bénigne de la trachée,true,false,false,false,true,0,codable,OWL_ANS,emissible,451
D14.3,II,II/D14.3.md,Tumeur bénigne des bronches et du poumon,true,false,false,false,true,0,codable,OWL_ANS,emissible,689
D14.4,II,II/D14.4.md,"Tumeur bénigne de l'appareil respiratoire, sans précision",true,false,false,false,true,1,interdit_dp_dr,OWL_ANS,emissible,545
D15.0,II,II/D15.0.md,Tumeur bénigne du thymus,true,false,true,false,true,0,codable,OWL_ANS,emissible,762
D15.1,II,II/D15.1.md,Tumeur bénigne du coeur,true,false,true,false,true,0,codable,OWL_ANS,emissible,853
D15.2,II,II/D15.2.md,Tumeur bénigne du médiastin,true,false,true,false,true,0,codable,OWL_ANS,emissible,625
D15.7,II,II/D15.7.md,Tumeur bénigne d'autres organes intrathoraciques précisés,true,false,true,false,true,0,codable,OWL_ANS,emissible,569
D15.9,II,II/D15.9.md,"Tumeur bénigne d'un organe intrathoracique, sans précision",true,false,true,false,false,1,interdit_dp_dr,OWL_ANS,emissible,485
D16.0,II,II/D16.0.md,Tumeur bénigne de l'omoplate et des os longs du membre supérieur,true,false,true,false,true,0,codable,OWL_ANS,emissible,672
D16.1,II,II/D16.1.md,Tumeur bénigne des os courts du membre supérieur,true,false,true,false,false,0,codable,OWL_ANS,emissible,591
D16.2,II,II/D16.2.md,Tumeur bénigne des os longs du membre inférieur,true,false,true,false,true,0,codable,OWL_ANS,emissible,699
D16.3,II,II/D16.3.md,Tumeur bénigne des os courts du membre inférieur,true,false,true,false,true,0,codable,OWL_ANS,emissible,663
D16.4,II,II/D16.4.md,Tumeur bénigne des os du crâne et de la face,true,false,true,false,true,0,codable,OWL_ANS,emissible,1037
D16.5,II,II/D16.5.md,Tumeur bénigne du maxillaire inférieur,true,false,true,false,true,0,codable,OWL_ANS,emissible,1005
D16.6,II,II/D16.6.md,Tumeur bénigne du rachis,true,false,true,false,true,0,codable,OWL_ANS,emissible,818
D16.7,II,II/D16.7.md,"Tumeur bénigne des côtes, du sternum et de la clavicule",true,false,true,false,false,0,codable,OWL_ANS,emissible,598
D16.8,II,II/D16.8.md,"Tumeur bénigne des os du bassin, du sacrum et du coccyx",true,false,true,false,true,0,codable,OWL_ANS,emissible,1203
D16.9,II,II/D16.9.md,"Tumeur bénigne des os et du cartilage articulaire, sans précision",true,false,true,false,true,1,interdit_dp_dr,OWL_ANS,emissible,782
D17.0,II,II/D17.0.md,"Tumeur lipomateuse bénigne de la peau et du tissu sous-cutané de la tête, de la face et du cou",true,false,false,false,true,0,codable,OWL_ANS,emissible,752
D17.1,II,II/D17.1.md,Tumeur lipomateuse bénigne de la peau et du tissu sous-cutané du tronc,true,false,false,false,true,0,codable,OWL_ANS,emissible,656
D17.2,II,II/D17.2.md,Tumeur lipomateuse bénigne de la peau et du tissu sous-cutané des membres,true,false,false,false,true,0,codable,OWL_ANS,emissible,677
D17.3,II,II/D17.3.md,"Tumeur lipomateuse bénigne de la peau et du tissu sous-cutané, de sièges autres et non précisés",true,false,false,false,false,0,codable,OWL_ANS,emissible,613
D17.4,II,II/D17.4.md,Tumeur lipomateuse bénigne des organes intrathoraciques,true,false,false,false,true,0,codable,OWL_ANS,emissible,762
D17.5,II,II/D17.5.md,Tumeur lipomateuse bénigne des organes intra-abdominaux,true,false,true,false,true,0,codable,OWL_ANS,emissible,802
D17.6,II,II/D17.6.md,Tumeur lipomateuse bénigne du cordon spermatique,true,false,false,false,false,0,codable,OWL_ANS,emissible,566
D17.7,II,II/D17.7.md,Tumeur lipomateuse bénigne d'autres sièges,true,false,false,false,true,0,codable,OWL_ANS,emissible,899
D17.9,II,II/D17.9.md,"Tumeur lipomateuse bénigne, sans précision",true,false,false,false,true,0,codable,OWL_ANS,emissible,827
D18.0,II,II/D18.0.md,"Hémangiome, tout siège",true,false,true,true,true,0,codable,OWL_ANS,emissible,1898
D18.1,II,II/D18.1.md,"Lymphangiome, tout siège",true,false,true,true,true,0,codable,OWL_ANS,emissible,1746
D19.0,II,II/D19.0.md,Tumeur bénigne du tissu mésothélial de la plèvre,true,false,false,false,false,0,codable,OWL_ANS,emissible,488
D19.1,II,II/D19.1.md,Tumeur bénigne du tissu mésothélial du péritoine,true,false,false,false,false,0,codable,OWL_ANS,emissible,488
D19.7,II,II/D19.7.md,Tumeur bénigne du tissu mésothélial d'autres sièges,true,false,false,false,true,0,codable,OWL_ANS,emissible,577
D19.9,II,II/D19.9.md,"Tumeur bénigne du tissu mésothélial, sans précision",true,false,false,false,true,1,interdit_dp_dr,OWL_ANS,emissible,600
D20.0,II,II/D20.0.md,Tumeur bénigne du rétropéritoine,true,false,true,false,false,0,codable,OWL_ANS,emissible,555
D20.1,II,II/D20.1.md,Tumeur bénigne du péritoine,true,false,true,false,true,0,codable,OWL_ANS,emissible,721
D21.0,II,II/D21.0.md,"Tumeur bénigne du tissu conjonctif et des autres tissus mous de la tête, de la face et du cou",true,false,true,false,true,0,codable,OWL_ANS,emissible,1793
D21.1,II,II/D21.1.md,"Tumeur bénigne du tissu conjonctif et des autres tissus mous du membre supérieur, y compris l'épaule",true,false,true,false,true,0,codable,OWL_ANS,emissible,1411
D21.2,II,II/D21.2.md,"Tumeur bénigne du tissu conjonctif et des autres tissus mous du membre inférieur, y compris la hanche",true,false,true,false,true,0,codable,OWL_ANS,emissible,1376
D21.30,II,II/D21.30.md,Tumeur bénigne des vaisseaux (sanguins) (lymphatiques) du thorax,true,false,true,false,false,0,codable,OWL_ANS,emissible,1273
D21.38,II,II/D21.38.md,Autres tumeurs bénignes du tissu conjonctif et autres tissus mous du thorax,true,false,true,false,true,0,codable,OWL_ANS,emissible,1495
D21.40,II,II/D21.40.md,Tumeur bénigne des vaisseaux (sanguins) (lymphatiques) de l'abdomen,true,false,true,false,false,0,codable,OWL_ANS,emissible,1276
D21.48,II,II/D21.48.md,Autres tumeurs bénignes du tissu conjonctif et autres tissus mous de l'abdomen,true,false,true,false,true,0,codable,OWL_ANS,emissible,1400
D21.50,II,II/D21.50.md,Tumeur bénigne des vaisseaux (sanguins) (lymphatiques) du bassin,true,false,true,false,false,0,codable,OWL_ANS,emissible,1228
D21.58,II,II/D21.58.md,Autres tumeurs bénignes du tissu conjonctif et autres tissus mous du bassin,true,false,true,false,true,0,codable,OWL_ANS,emissible,1510
D21.6,II,II/D21.6.md,"Tumeur bénigne du tissu conjonctif et des autres tissus mous du tronc, sans précision",true,false,true,false,true,0,codable,OWL_ANS,emissible,1326
D21.9,II,II/D21.9.md,"Tumeur bénigne du tissu conjonctif et des autres tissus mous, sans précision",true,false,true,false,true,0,codable,OWL_ANS,emissible,1608
D22.0,II,II/D22.0.md,Naevus à mélanocytes de la lèvre,true,false,false,false,true,0,codable,OWL_ANS,emissible,724
D22.1,II,II/D22.1.md,"Naevus à mélanocytes de la paupière, y compris le canthus",true,false,false,false,true,0,codable,OWL_ANS,emissible,774
D22.2,II,II/D22.2.md,Naevus à mélanocytes de l'oreille et du conduit auditif externe,true,false,false,false,true,0,codable,OWL_ANS,emissible,778
D22.3,II,II/D22.3.md,"Naevus à mélanocytes des parties de la face, autres et non précisées",true,false,false,false,true,0,codable,OWL_ANS,emissible,886
D22.4,II,II/D22.4.md,Naevus à mélanocytes du cuir chevelu et du cou,true,false,false,false,true,0,codable,OWL_ANS,emissible,770
D22.5,II,II/D22.5.md,Naevus à mélanocytes du tronc,true,false,false,false,true,0,codable,OWL_ANS,emissible,886
D22.6,II,II/D22.6.md,"Naevus à mélanocytes du membre supérieur, y compris l'épaule",true,false,false,false,true,0,codable,OWL_ANS,emissible,796
D22.7,II,II/D22.7.md,"Naevus à mélanocytes du membre inférieur, y compris la hanche",true,false,false,false,true,0,codable,OWL_ANS,emissible,782
D22.9,II,II/D22.9.md,"Naevus à mélanocytes, sans précision",true,false,false,false,true,0,codable,OWL_ANS,emissible,1052
D23.0,II,II/D23.0.md,Tumeur bénigne de la peau de la lèvre,true,false,true,false,false,0,codable,OWL_ANS,emissible,858
D23.1,II,II/D23.1.md,"Tumeur bénigne de la peau de la paupière, y compris le canthus",true,false,true,false,true,0,codable,OWL_ANS,emissible,917
D23.2,II,II/D23.2.md,Tumeur bénigne de la peau de l'oreille et du conduit auditif externe,true,false,true,false,true,0,codable,OWL_ANS,emissible,884
D23.3,II,II/D23.3.md,"Tumeur bénigne de la peau des parties de la face, autres et non précisées",true,false,true,false,true,0,codable,OWL_ANS,emissible,884
D23.4,II,II/D23.4.md,Tumeur bénigne de la peau du cuir chevelu et du cou,true,false,true,false,true,0,codable,OWL_ANS,emissible,861
D23.5,II,II/D23.5.md,Tumeur bénigne de la peau du tronc,true,false,true,false,true,0,codable,OWL_ANS,emissible,1070
D23.6,II,II/D23.6.md,"Tumeur bénigne de la peau du membre supérieur, y compris l'épaule",true,false,true,false,true,0,codable,OWL_ANS,emissible,972
D23.7,II,II/D23.7.md,"Tumeur bénigne de la peau du membre inférieur, y compris la hanche",true,false,true,false,true,0,codable,OWL_ANS,emissible,1010
D23.9,II,II/D23.9.md,"Tumeur bénigne de la peau, sans précision",true,false,true,false,true,0,codable,OWL_ANS,emissible,1178
D24,II,II/D24.md,Tumeur bénigne du sein,true,false,true,false,true,0,codable,OWL_ANS,emissible,1048
D25.0,II,II/D25.0.md,Léiomyome sous-muqueux de l'utérus,true,false,false,false,false,0,codable,OWL_ANS,emissible,647
D25.1,II,II/D25.1.md,Léiomyome intramural de l'utérus,true,false,false,false,false,0,codable,OWL_ANS,emissible,645
D25.2,II,II/D25.2.md,Léiomyome sous-séreux de l'utérus,true,false,false,false,false,0,codable,OWL_ANS,emissible,646
D25.9,II,II/D25.9.md,"Léiomyome de l'utérus, sans précision",true,false,false,false,true,0,codable,OWL_ANS,emissible,871
D26.0,II,II/D26.0.md,Tumeur bénigne du col de l'utérus,true,false,false,false,true,0,codable,OWL_ANS,emissible,442
D26.1,II,II/D26.1.md,Tumeur bénigne du corps de l'utérus,true,false,false,false,true,0,codable,OWL_ANS,emissible,455
D26.7,II,II/D26.7.md,Tumeur bénigne d'autres parties de l'utérus,true,false,false,false,true,0,codable,OWL_ANS,emissible,439
D26.9,II,II/D26.9.md,"Tumeur bénigne de l'utérus, sans précision",true,false,false,false,true,0,codable,OWL_ANS,emissible,492
D27,II,II/D27.md,Tumeur bénigne de l'ovaire,true,false,false,false,true,0,codable,OWL_ANS,emissible,1050
D28.0,II,II/D28.0.md,Tumeur bénigne de la vulve,true,false,false,false,false,0,codable,OWL_ANS,emissible,528
D28.1,II,II/D28.1.md,Tumeur bénigne du vagin,true,false,false,false,false,0,codable,OWL_ANS,emissible,525
D28.2,II,II/D28.2.md,Tumeur bénigne de la trompe et des ligaments de l'utérus,true,false,false,false,false,0,codable,OWL_ANS,emissible,637
D28.7,II,II/D28.7.md,Tumeur bénigne d'autres organes génitaux de la femme précisés,true,false,false,false,false,0,codable,OWL_ANS,emissible,563
D28.9,II,II/D28.9.md,"Tumeur bénigne d'un organe génital de la femme, sans précision",true,false,false,false,true,0,codable,OWL_ANS,emissible,629
D29.0,II,II/D29.0.md,Tumeur bénigne de la verge,true,false,false,false,false,0,codable,OWL_ANS,emissible,447
D29.1,II,II/D29.1.md,Tumeur bénigne de la prostate,true,false,true,false,true,0,codable,OWL_ANS,emissible,965
D29.2,II,II/D29.2.md,Tumeur bénigne du testicule,true,false,false,false,true,0,codable,OWL_ANS,emissible,581
D29.3,II,II/D29.3.md,Tumeur bénigne de l'épididyme,true,false,false,false,false,0,codable,OWL_ANS,emissible,450
D29.4,II,II/D29.4.md,Tumeur bénigne du scrotum,true,false,false,false,false,0,codable,OWL_ANS,emissible,485
D29.7,II,II/D29.7.md,Tumeur bénigne d'autres organes génitaux de l'homme,true,false,false,false,true,0,codable,OWL_ANS,emissible,628
D29.9,II,II/D29.9.md,"Tumeur bénigne d'un organe génital de l'homme, sans précision",true,false,false,false,true,0,codable,OWL_ANS,emissible,547
D30.0,II,II/D30.0.md,Tumeur bénigne du rein,true,false,true,false,true,0,codable,OWL_ANS,emissible,842
D30.1,II,II/D30.1.md,Tumeur bénigne du bassinet rénal,true,false,false,false,true,0,codable,OWL_ANS,emissible,481
D30.2,II,II/D30.2.md,Tumeur bénigne de l'uretère,true,false,true,false,true,0,codable,OWL_ANS,emissible,561
D30.3,II,II/D30.3.md,Tumeur bénigne de la vessie,true,false,false,false,true,0,codable,OWL_ANS,emissible,675
D30.4,II,II/D30.4.md,Tumeur bénigne de l'urètre,true,false,true,false,true,0,codable,OWL_ANS,emissible,522
D30.7,II,II/D30.7.md,Tumeur bénigne d'autres organes urinaires,true,false,false,false,false,0,codable,OWL_ANS,emissible,426
D30.9,II,II/D30.9.md,"Tumeur bénigne d'un organe urinaire, sans précision",true,false,false,false,true,0,codable,OWL_ANS,emissible,584
D31.0,II,II/D31.0.md,Tumeur bénigne de la conjonctive,true,false,true,false,false,0,codable,OWL_ANS,emissible,558
D31.1,II,II/D31.1.md,Tumeur bénigne de la cornée,true,false,true,false,true,0,codable,OWL_ANS,emissible,628
D31.2,II,II/D31.2.md,Tumeur bénigne de la rétine,true,false,true,false,false,0,codable,OWL_ANS,emissible,553
D31.3,II,II/D31.3.md,Tumeur bénigne de la choroïde,true,false,true,false,false,0,codable,OWL_ANS,emissible,555
D31.4,II,II/D31.4.md,Tumeur bénigne du corps ciliaire,true,false,true,false,true,0,codable,OWL_ANS,emissible,669
D31.5,II,II/D31.5.md,Tumeur bénigne de la glande lacrymale et du canal lacrymal,true,false,true,false,true,0,codable,OWL_ANS,emissible,756
D31.6,II,II/D31.6.md,"Tumeur bénigne de l'orbite, sans précision",true,false,true,false,true,0,codable,OWL_ANS,emissible,932
D31.9,II,II/D31.9.md,"Tumeur bénigne de l'oeil, sans précision",true,false,true,false,true,0,codable,OWL_ANS,emissible,684
D32.0,II,II/D32.0.md,Tumeur bénigne des méninges cérébrales,true,false,false,false,true,0,codable,OWL_ANS,emissible,678
D32.1,II,II/D32.1.md,Tumeur bénigne des méninges rachidiennes,true,false,false,false,true,0,codable,OWL_ANS,emissible,691
D32.9,II,II/D32.9.md,"Tumeur bénigne des méninges, sans précision",true,false,false,false,true,0,codable,OWL_ANS,emissible,718
D33.0,II,II/D33.0.md,"Tumeur bénigne de l'encéphale, supratentoriel",true,false,true,false,true,0,codable,OWL_ANS,emissible,1139
D33.1,II,II/D33.1.md,"Tumeur bénigne de l'encéphale, infratentoriel",true,false,true,false,true,0,codable,OWL_ANS,emissible,1031
D33.2,II,II/D33.2.md,"Tumeur bénigne de l'encéphale, sans précision",true,false,true,false,true,0,codable,OWL_ANS,emissible,700
D33.3,II,II/D33.3.md,Tumeur bénigne des nerfs crâniens,true,false,true,false,true,0,codable,OWL_ANS,emissible,975
D33.4,II,II/D33.4.md,Tumeur bénigne de la moelle épinière,true,false,true,false,true,0,codable,OWL_ANS,emissible,854
D33.7,II,II/D33.7.md,Tumeur bénigne d'autres parties précisées du système nerveux central,true,false,true,false,true,0,codable,OWL_ANS,emissible,692
D33.9,II,II/D33.9.md,"Tumeur bénigne du système nerveux central, sans précision",true,false,true,false,true,0,codable,OWL_ANS,emissible,709
D34,II,II/D34.md,Tumeur bénigne de la thyroïde,true,false,false,false,true,0,codable,OWL_ANS,emissible,637
D35.0,II,II/D35.0.md,Tumeur bénigne de la surrénale,true,false,true,false,true,0,codable,OWL_ANS,emissible,1216
D35.1,II,II/D35.1.md,Tumeur bénigne d'une parathyroïde,true,false,true,false,true,0,codable,OWL_ANS,emissible,688
D35.2,II,II/D35.2.md,Tumeur bénigne de l'hypophyse,true,false,true,false,true,0,codable,OWL_ANS,emissible,1117
D35.3,II,II/D35.3.md,Tumeur bénigne du canal craniopharyngien,true,false,true,false,false,0,codable,OWL_ANS,emissible,541
D35.4,II,II/D35.4.md,Tumeur bénigne de l'épiphyse,true,false,true,false,true,0,codable,OWL_ANS,emissible,589
D35.5,II,II/D35.5.md,Tumeur bénigne du corpuscule carotidien,true,false,true,false,false,0,codable,OWL_ANS,emissible,540
D35.6,II,II/D35.6.md,Tumeur bénigne du glomus aortique et autres paraganglions,true,false,true,false,true,0,codable,OWL_ANS,emissible,708
D35.7,II,II/D35.7.md,Tumeur bénigne d'autres glandes endocrines précisées,true,false,true,false,false,0,codable,OWL_ANS,emissible,553
D35.8,II,II/D35.8.md,Tumeur bénigne de plusieurs glandes endocrines,true,false,true,false,false,0,codable,OWL_ANS,emissible,1000
D35.9,II,II/D35.9.md,"Tumeur bénigne d'une glande endocrine, sans précision",true,false,true,false,false,1,interdit_dp_dr,OWL_ANS,emissible,527
D36.0,II,II/D36.0.md,Tumeur bénigne des ganglions lymphatiques,true,false,false,false,true,0,codable,OWL_ANS,emissible,611
D36.1,II,II/D36.1.md,Tumeur bénigne des nerfs périphériques et du système nerveux autonome,true,false,true,false,true,0,codable,OWL_ANS,emissible,993
D36.7,II,II/D36.7.md,Tumeur bénigne d'autres sièges précisés,true,false,false,false,true,0,codable,OWL_ANS,emissible,688
D36.9,II,II/D36.9.md,Tumeur bénigne de siège non précisé,true,false,false,false,true,1,interdit_dp_dr,OWL_ANS,emissible,626
D37.0,II,II/D37.0.md,"Tumeur à évolution imprévisible ou inconnue de la lèvre, de la cavité buccale et du pharynx",true,false,true,true,true,0,codable,OWL_ANS,emissible,2584
D37.1,II,II/D37.1.md,Tumeur à évolution imprévisible ou inconnue de l'estomac,false,false,false,true,true,0,codable,OWL_ANS,emissible,2094
D37.2,II,II/D37.2.md,Tumeur à évolution imprévisible ou inconnue de l'intestin grêle,false,false,false,true,true,0,codable,OWL_ANS,emissible,2116
D37.3,II,II/D37.3.md,Tumeur à évolution imprévisible ou inconnue de l'appendice,false,false,false,true,true,0,codable,OWL_ANS,emissible,2011
D37.4,II,II/D37.4.md,Tumeur à évolution imprévisible ou inconnue du côlon,false,false,false,true,true,0,codable,OWL_ANS,emissible,2135
D37.5,II,II/D37.5.md,Tumeur à évolution imprévisible ou inconnue du rectum,true,false,false,true,true,0,codable,OWL_ANS,emissible,2251
D37.6,II,II/D37.6.md,"Tumeur à évolution imprévisible ou inconnue du foie, de la vésicule et des voies biliaires",true,false,false,true,true,0,codable,OWL_ANS,emissible,2225
D37.7,II,II/D37.7.md,Tumeur à évolution imprévisible ou inconnue d'autres organes digestifs,true,false,true,true,true,0,codable,OWL_ANS,emissible,2443
D37.9,II,II/D37.9.md,"Tumeur à évolution imprévisible ou inconnue de l'appareil digestif, sans précision",false,false,false,true,true,1,interdit_dp_dr,OWL_ANS,emissible,2171
D38.0,II,II/D38.0.md,Tumeur à évolution imprévisible ou inconnue du larynx,true,false,true,true,true,0,codable,OWL_ANS,emissible,2483
D38.1,II,II/D38.1.md,"Tumeur à évolution imprévisible ou inconnue de la trachée, des bronches et du poumon",false,false,true,true,true,0,codable,OWL_ANS,emissible,2370
D38.2,II,II/D38.2.md,Tumeur à évolution imprévisible ou inconnue de la plèvre,false,false,true,true,true,0,codable,OWL_ANS,emissible,2269
D38.3,II,II/D38.3.md,Tumeur à évolution imprévisible ou inconnue du médiastin,false,false,true,true,true,0,codable,OWL_ANS,emissible,2294
D38.4,II,II/D38.4.md,Tumeur à évolution imprévisible ou inconnue du thymus,false,false,true,true,true,0,codable,OWL_ANS,emissible,2075
D38.5,II,II/D38.5.md,Tumeur à évolution imprévisible ou inconnue d'autres organes respiratoires,true,false,true,true,true,0,codable,OWL_ANS,emissible,2480
D38.6,II,II/D38.6.md,"Tumeur à évolution imprévisible ou inconnue de l'appareil respiratoire, sans précision",false,false,true,true,true,1,interdit_dp_dr,OWL_ANS,emissible,2051
D39.0,II,II/D39.0.md,Tumeur à évolution imprévisible ou inconnue de l'utérus,false,false,false,true,true,0,codable,OWL_ANS,emissible,2158
D39.1,II,II/D39.1.md,Tumeur à évolution imprévisible ou inconnue de l'ovaire,false,false,false,true,true,0,codable,OWL_ANS,emissible,2291
D39.2,II,II/D39.2.md,Tumeur à évolution imprévisible ou inconnue du placenta,true,false,true,true,true,0,codable,OWL_ANS,emissible,2278
D39.7,II,II/D39.7.md,Tumeur à évolution imprévisible ou inconnue d'autres organes génitaux de la femme,true,false,false,true,true,0,codable,OWL_ANS,emissible,2210
D39.9,II,II/D39.9.md,"Tumeur à évolution imprévisible ou inconnue d'un organe génital de la femme, sans précision",false,false,false,true,true,0,codable,OWL_ANS,emissible,2037
D40.0,II,II/D40.0.md,Tumeur à évolution imprévisible ou inconnue de la prostate,false,false,false,true,true,0,codable,OWL_ANS,emissible,1901
D40.1,II,II/D40.1.md,Tumeur à évolution imprévisible ou inconnue du testicule,false,false,false,true,true,0,codable,OWL_ANS,emissible,1988
D40.7,II,II/D40.7.md,Tumeur à évolution imprévisible ou inconnue d'autres organes génitaux de l'homme,true,false,false,true,true,0,codable,OWL_ANS,emissible,2197
D40.9,II,II/D40.9.md,"Tumeur à évolution imprévisible ou inconnue d'un organe génital de l'homme, sans précision",false,false,false,true,true,0,codable,OWL_ANS,emissible,1982
D41.0,II,II/D41.0.md,Tumeur à évolution imprévisible ou inconnue du rein,false,false,true,true,true,0,codable,OWL_ANS,emissible,2273
D41.1,II,II/D41.1.md,Tumeur à évolution imprévisible ou inconnue du bassinet,false,false,false,true,true,0,codable,OWL_ANS,emissible,2103
D41.2,II,II/D41.2.md,Tumeur à évolution imprévisible ou inconnue de l'uretère,false,false,false,true,true,0,codable,OWL_ANS,emissible,2134
D41.3,II,II/D41.3.md,Tumeur à évolution imprévisible ou inconnue de l'urètre,false,false,false,true,true,0,codable,OWL_ANS,emissible,1916
D41.4,II,II/D41.4.md,Tumeur à évolution imprévisible ou inconnue de la vessie,false,false,false,true,true,0,codable,OWL_ANS,emissible,2176
D41.7,II,II/D41.7.md,Tumeur à évolution imprévisible ou inconnue d'autres organes urinaires,false,false,false,true,true,0,codable,OWL_ANS,emissible,2183
D41.9,II,II/D41.9.md,"Tumeur à évolution imprévisible ou inconnue d'un organe urinaire, sans précision",false,false,false,true,true,0,codable,OWL_ANS,emissible,2200
D42.0,II,II/D42.0.md,Tumeur à évolution imprévisible ou inconnue des méninges cérébrales,false,false,false,true,true,0,codable,OWL_ANS,emissible,1982
D42.1,II,II/D42.1.md,Tumeur à évolution imprévisible ou inconnue des méninges rachidiennes,false,false,false,true,true,0,codable,OWL_ANS,emissible,1995
D42.9,II,II/D42.9.md,"Tumeur à évolution imprévisible ou inconnue des méninges, sans précision",false,false,false,true,true,0,codable,OWL_ANS,emissible,2099
D43.0,II,II/D43.0.md,"Tumeur à évolution imprévisible ou inconnue de l'encéphale, supratentoriel",true,false,true,true,true,0,codable,OWL_ANS,emissible,2603
D43.1,II,II/D43.1.md,"Tumeur à évolution imprévisible ou inconnue de l'encéphale, infratentoriel",true,false,true,true,true,0,codable,OWL_ANS,emissible,2476
D43.2,II,II/D43.2.md,"Tumeur à évolution imprévisible ou inconnue de l'encéphale, sans précision",false,false,true,true,true,0,codable,OWL_ANS,emissible,2415
D43.3,II,II/D43.3.md,Tumeur à évolution imprévisible ou inconnue des nerfs crâniens,false,false,true,true,true,0,codable,OWL_ANS,emissible,2233
D43.4,II,II/D43.4.md,Tumeur à évolution imprévisible ou inconnue de la moelle épinière,false,false,true,true,true,0,codable,OWL_ANS,emissible,2321
D43.7,II,II/D43.7.md,Tumeur à évolution imprévisible ou inconnue d'autres parties du système nerveux central,false,false,true,true,true,0,codable,OWL_ANS,emissible,2112
D43.9,II,II/D43.9.md,"Tumeur à évolution imprévisible ou inconnue du système nerveux central, sans précision",true,false,true,true,true,0,codable,OWL_ANS,emissible,2395
D44.0,II,II/D44.0.md,Tumeur à évolution imprévisible ou inconnue de la thyroïde,false,false,true,true,true,0,codable,OWL_ANS,emissible,2311
D44.1,II,II/D44.1.md,Tumeur à évolution imprévisible ou inconnue de la surrénale,false,false,true,true,true,0,codable,OWL_ANS,emissible,2458
D44.2,II,II/D44.2.md,Tumeur à évolution imprévisible ou inconnue d'une parathyroïde,false,false,true,true,true,0,codable,OWL_ANS,emissible,2081
D44.3,II,II/D44.3.md,Tumeur à évolution imprévisible ou inconnue de l'hypophyse,false,false,true,true,true,0,codable,OWL_ANS,emissible,2317
D44.40,II,II/D44.40.md,Craniopharyngiome,false,false,true,true,false,0,codable,OWL_ANS,emissible,1950
D44.48,II,II/D44.48.md,Autres tumeur à évolution imprévisible ou inconnue du canal craniopharyngien,false,false,true,true,false,0,codable,OWL_ANS,emissible,2009
D44.5,II,II/D44.5.md,Tumeur à évolution imprévisible ou inconnue de l'épiphyse,false,false,true,true,true,0,codable,OWL_ANS,emissible,2290
D44.6,II,II/D44.6.md,Tumeur à évolution imprévisible ou inconnue du corpuscule carotidien,false,false,true,true,true,0,codable,OWL_ANS,emissible,2099
D44.7,II,II/D44.7.md,Tumeur à évolution imprévisible ou inconnue du glomus aortique et autres paraganglions,false,false,true,true,true,0,codable,OWL_ANS,emissible,2436
D44.8,II,II/D44.8.md,Tumeur à évolution imprévisible ou inconnue de plusieurs glandes endocrines,true,false,true,true,true,0,codable,OWL_ANS,emissible,2972
D44.9,II,II/D44.9.md,"Tumeur à évolution imprévisible ou inconnue d'une glande endocrine, sans précision",false,false,true,true,true,1,interdit_dp_dr,OWL_ANS,emissible,2075
D45,II,II/D45.md,Polyglobulie essentielle,true,false,false,true,true,0,codable,OWL_ANS,emissible,2809
D46.0,II,II/D46.0.md,"Anémie réfractaire sans sidéroblastes en couronne, ainsi précisée",true,false,true,true,false,0,codable,OWL_ANS,emissible,2275
D46.1,II,II/D46.1.md,Anémie réfractaire avec sidéroblastes en couronne,true,false,true,true,true,0,codable,OWL_ANS,emissible,2583
D46.2,II,II/D46.2.md,Anémie réfractaire avec excès de blastes [AREB],true,false,true,true,true,0,codable,OWL_ANS,emissible,2627
D46.4,II,II/D46.4.md,"Anémie réfractaire, non précisée",true,false,true,true,true,0,codable,OWL_ANS,emissible,2579
D46.5,II,II/D46.5.md,Anémie réfractaire avec dysplasie de plusieurs lignées cellulaires,true,false,true,true,true,0,codable,OWL_ANS,emissible,2287
D46.6,II,II/D46.6.md,Syndrome myélodysplasique avec syndrome de délétion isolée du chromosome 5 [del(5q)],true,false,true,true,true,0,codable,OWL_ANS,emissible,2464
D46.7,II,II/D46.7.md,Autres syndromes myélodysplasiques,true,false,true,true,true,0,codable,OWL_ANS,emissible,2530
D46.9,II,II/D46.9.md,"Syndrome myélodysplasique, sans précision",true,false,true,true,true,0,codable,OWL_ANS,emissible,2637
D47.0,II,II/D47.0.md,Tumeurs à histiocytes et mastocytes (à évolution imprévisible et inconnue),true,false,true,true,true,0,codable,OWL_ANS,emissible,2334
D47.1,II,II/D47.1.md,Maladie myéloproliférative (chronique),true,false,true,true,true,0,codable,OWL_ANS,emissible,2878
D47.2,II,II/D47.2.md,Gammapathie monoclonale de signification indéterminée [GMSI],true,false,false,true,true,0,codable,OWL_ANS,emissible,2600
D47.3,II,II/D47.3.md,Thrombocytémie essentielle (hémorragique),true,false,false,true,true,0,codable,OWL_ANS,emissible,2409
D47.4,II,II/D47.4.md,Ostéomyélofibrose,true,false,true,true,true,0,codable,OWL_ANS,emissible,2592
D47.5,II,II/D47.5.md,Leucémie chronique à éosinophiles [syndrome hyperéosinophilique],true,false,false,true,true,0,codable,OWL_ANS,emissible,2047
D47.7,II,II/D47.7.md,"Autres tumeurs précisées à évolution imprévisible et inconnue des tissus lymphoïde, hématopoïétique et apparentés à (évolution imprévisible ou inconnue)",true,false,false,true,true,0,codable,OWL_ANS,emissible,2511
D47.9,II,II/D47.9.md,"Tumeur à évolution imprévisible et inconnue des tissus lymphoïde, hématopoïétique et apparentés (à évolution imprévisible ou inconnue), sans précision",true,false,false,true,true,0,codable,OWL_ANS,emissible,2525
D48.0,II,II/D48.0.md,Tumeur à évolution imprévisible et inconnue des os et du cartilage articulaire,false,false,true,true,true,0,codable,OWL_ANS,emissible,2479
D48.1,II,II/D48.1.md,Tumeur à évolution imprévisible et inconnue du tissu conjonctif et des autres tissus mous,true,false,true,true,true,0,codable,OWL_ANS,emissible,2690
D48.2,II,II/D48.2.md,Tumeur à évolution imprévisible et inconnue des nerfs périphériques et du système nerveux autonome,false,false,true,true,true,0,codable,OWL_ANS,emissible,2382
D48.30,II,II/D48.30.md,Tératome sacro-coccygien [dysembryome],false,false,true,true,false,0,codable,OWL_ANS,emissible,1935
D48.38,II,II/D48.38.md,Autres tumeurs à évolution imprévisible ou inconnue du rétropéritoine,false,false,true,true,false,0,codable,OWL_ANS,emissible,1966
D48.4,II,II/D48.4.md,Tumeur à évolution imprévisible du péritoine,false,false,true,true,true,0,codable,OWL_ANS,emissible,2269
D48.5,II,II/D48.5.md,Tumeur à évolution imprévisible et inconnue de la peau,true,false,true,true,true,0,codable,OWL_ANS,emissible,2566
D48.6,II,II/D48.6.md,Tumeur à évolution imprévisible et inconnue du sein,true,false,true,true,true,0,codable,OWL_ANS,emissible,2431
D48.7,II,II/D48.7.md,Tumeur à évolution imprévisible et inconnue d'autres sièges précisés,true,false,true,true,true,0,codable,OWL_ANS,emissible,2866
D48.9,II,II/D48.9.md,"Tumeur à évolution imprévisible ou inconnue, sans précision",true,false,true,true,true,1,interdit_dp_dr,OWL_ANS,emissible,2268
D50.0,III,III/D50.0.md,Anémie par carence en fer secondaire à une perte de sang (chronique),true,false,true,false,true,0,codable,OWL_ANS,emissible,1893
D50.1,III,III/D50.1.md,Dysphagie sidéropénique,true,false,true,false,true,0,codable,OWL_ANS,emissible,1441
D50.8,III,III/D50.8.md,Autres anémies par carence en fer,true,false,true,false,true,0,codable,OWL_ANS,emissible,1913
D50.9,III,III/D50.9.md,"Anémie par carence en fer, sans précision",true,false,true,false,true,0,codable,OWL_ANS,emissible,1683
D51.0,III,III/D51.0.md,Anémie par carence en vitamine B_12 due à une carence en facteur intrinsèque,true,false,true,false,true,0,codable,OWL_ANS,emissible,1900
D51.1,III,III/D51.1.md,"Anémie par carence en vitamine B_12 due à une malabsorption sélective de la vitamine B_12, avec protéinurie",true,false,true,false,true,0,codable,OWL_ANS,emissible,1524
D51.2,III,III/D51.2.md,Carence en transcobalamine II,false,false,true,false,true,0,codable,OWL_ANS,emissible,1259
D51.3,III,III/D51.3.md,Autres anémies par carence alimentaire en vitamine B_12,true,false,true,false,false,0,codable,OWL_ANS,emissible,1272
D51.8,III,III/D51.8.md,Autres anémies par carence en vitamine B_12,false,false,true,false,true,0,codable,OWL_ANS,emissible,1698
D51.9,III,III/D51.9.md,"Anémie par carence en vitamine B_12, sans précision",false,false,true,false,true,0,codable,OWL_ANS,emissible,1341
D52.0,III,III/D52.0.md,Anémie par carence alimentaire en acide folique,true,false,true,false,true,0,codable,OWL_ANS,emissible,1234
D52.1,III,III/D52.1.md,Anémie par carence en acide folique due à des médicaments,false,false,true,false,false,0,codable,OWL_ANS,emissible,1088
D52.8,III,III/D52.8.md,Autres anémies par carence en acide folique,false,false,true,false,true,0,codable,OWL_ANS,emissible,1337
D52.9,III,III/D52.9.md,"Anémie par carence en acide folique, sans précision",true,false,true,false,true,0,codable,OWL_ANS,emissible,1581
D53.0,III,III/D53.0.md,Anémie par carence en protéines,true,false,true,false,true,0,codable,OWL_ANS,emissible,1599
D53.1,III,III/D53.1.md,"Autres anémies mégaloblastiques, non classées ailleurs",true,false,true,false,true,0,codable,OWL_ANS,emissible,1787
D53.2,III,III/D53.2.md,Anémie scorbutique,true,false,true,false,true,0,codable,OWL_ANS,emissible,1450
D53.8,III,III/D53.8.md,Autres anémies nutritionnelles précisées,true,false,true,false,false,0,codable,OWL_ANS,emissible,1821
D53.9,III,III/D53.9.md,"Anémie nutritionnelle, sans précision",true,false,true,false,true,0,codable,OWL_ANS,emissible,1759
D55.0,III,III/D55.0.md,Anémie due à une carence en glucose-6-phosphate déshydrogénase [G6PD],true,false,true,false,true,0,codable,OWL_ANS,emissible,1516
D55.1,III,III/D55.1.md,Anémie due à d'autres anomalies du métabolisme du glutathion,true,false,true,false,true,0,codable,OWL_ANS,emissible,1505
D55.2,III,III/D55.2.md,Anémie due à des anomalies des enzymes glycolytiques,true,false,true,false,true,0,codable,OWL_ANS,emissible,1551
D55.3,III,III/D55.3.md,Anémie due à des anomalies du métabolisme des nucléotides,false,false,true,false,false,0,codable,OWL_ANS,emissible,1214
D55.8,III,III/D55.8.md,Autres anémies dues à des anomalies enzymatiques,false,false,true,false,false,0,codable,OWL_ANS,emissible,1536
D55.9,III,III/D55.9.md,"Anémie due à des anomalies enzymatiques, sans précision",false,false,true,false,true,0,codable,OWL_ANS,emissible,1249
D56.0,III,III/D56.0.md,Alphathalassémie,false,false,true,false,true,0,codable,OWL_ANS,emissible,1256
D56.1,III,III/D56.1.md,Bêtathalassémie,true,false,true,false,true,0,codable,OWL_ANS,emissible,1799
D56.2,III,III/D56.2.md,Deltabêtathalassémie,false,false,true,false,false,0,codable,OWL_ANS,emissible,1048
D56.3,III,III/D56.3.md,Trait thalassémique,true,false,true,false,true,0,codable,OWL_ANS,emissible,1205
D56.4,III,III/D56.4.md,Persistance héréditaire de l'hémoglobine fœtale [HbF],false,false,true,false,true,0,codable,OWL_ANS,emissible,1131
D56.8,III,III/D56.8.md,Autres thalassémies,false,false,true,false,true,0,codable,OWL_ANS,emissible,1343
D56.9,III,III/D56.9.md,"Thalassémie, sans précision",true,false,true,false,true,0,codable,OWL_ANS,emissible,1556
D57.0,III,III/D57.0.md,Anémie à hématies falciformes [anémie drépanocytaire] avec crises,true,false,true,false,true,0,codable,OWL_ANS,emissible,1728
D57.1,III,III/D57.1.md,Anémie à hématies falciformes sans crises,true,false,true,false,true,0,codable,OWL_ANS,emissible,1724
D57.2,III,III/D57.2.md,Affections à hématies falciformes [drépanocytaires] hétérozygotes doubles,true,false,true,false,true,0,codable,OWL_ANS,emissible,1777
D57.3,III,III/D57.3.md,Trait de la maladie des hématies falciformes [drépanocytaire],true,false,true,false,true,0,codable,OWL_ANS,emissible,1437
D57.8,III,III/D57.8.md,Autres affections à hématies falciformes [drépanocytaires],false,false,true,false,true,0,codable,OWL_ANS,emissible,1760
D58.0,III,III/D58.0.md,Sphérocytose héréditaire,true,false,true,false,true,0,codable,OWL_ANS,emissible,1465
D58.1,III,III/D58.1.md,Elliptocytose héréditaire,true,false,true,false,true,0,codable,OWL_ANS,emissible,1303
D58.2,III,III/D58.2.md,Autres hémoglobinopathies,true,false,true,false,true,0,codable,OWL_ANS,emissible,1961
D58.8,III,III/D58.8.md,Autres anémies hémolytiques héréditaires précisées,true,false,true,false,true,0,codable,OWL_ANS,emissible,1411
D58.9,III,III/D58.9.md,"Anémie hémolytique héréditaire, sans précision",false,false,true,false,true,0,codable,OWL_ANS,emissible,1278
D59.0,III,III/D59.0.md,"Anémie hémolytique auto-immune, due à des médicaments",false,false,true,false,false,0,codable,OWL_ANS,emissible,1081
D59.1,III,III/D59.1.md,Autres anémies hémolytiques auto-immunes,true,false,true,false,true,0,codable,OWL_ANS,emissible,2184
D59.2,III,III/D59.2.md,"Anémie hémolytique non auto-immune, due à des médicaments",true,false,true,false,true,0,codable,OWL_ANS,emissible,1313
D59.3,III,III/D59.3.md,Syndrome hémolytique et urémique,false,false,true,false,true,0,codable,OWL_ANS,emissible,1244
D59.4,III,III/D59.4.md,Autres anémies hémolytiques non auto-immunes,true,false,true,false,true,0,codable,OWL_ANS,emissible,1344
D59.5,III,III/D59.5.md,Hémoglobinurie nocturne paroxystique [Marchiafava–Micheli],false,false,true,false,true,0,codable,OWL_ANS,emissible,1453
D59.6,III,III/D59.6.md,Hémoglobinurie due à une hémolyse relevant d'autres causes externes,true,false,true,false,true,0,codable,OWL_ANS,emissible,1538
D59.8,III,III/D59.8.md,Autres anémies hémolytiques acquises,false,false,true,false,true,0,codable,OWL_ANS,emissible,1815
D59.9,III,III/D59.9.md,"Anémie hémolytique acquise, sans précision",true,false,true,false,true,0,codable,OWL_ANS,emissible,1575
D60.0,III,III/D60.0.md,"Aplasie médullaire acquise pure des globules rouges, chronique",true,false,true,false,true,0,codable,OWL_ANS,emissible,1308
D60.1,III,III/D60.1.md,"Aplasie médullaire acquise pure des globules rouges, transitoire",true,false,true,false,false,0,codable,OWL_ANS,emissible,1239
D60.8,III,III/D60.8.md,Autres aplasies médullaires acquises pures des globules rouges,true,false,true,false,false,0,codable,OWL_ANS,emissible,1430
D60.9,III,III/D60.9.md,"Aplasie médullaire acquise pure des globules rouges, sans précision",true,false,true,false,true,0,codable,OWL_ANS,emissible,1511
D61.0,III,III/D61.0.md,Aplasie médullaire constitutionnelle,true,false,true,false,true,0,codable,OWL_ANS,emissible,2031
D61.1,III,III/D61.1.md,Aplasie médullaire médicamenteuse,false,false,true,false,true,0,codable,OWL_ANS,emissible,1512
D61.2,III,III/D61.2.md,Aplasie médullaire due à d'autres agents externes,false,false,true,false,true,0,codable,OWL_ANS,emissible,1554
D61.3,III,III/D61.3.md,Aplasie médullaire idiopathique,false,false,true,false,true,0,codable,OWL_ANS,emissible,1389
D61.8,III,III/D61.8.md,Autres aplasies médullaires précisées,false,false,true,false,true,0,codable,OWL_ANS,emissible,1751
D61.9,III,III/D61.9.md,"Aplasie médullaire, sans précision",true,false,true,false,true,0,codable,OWL_ANS,emissible,1709
D62,III,III/D62.md,Anémie posthémorragique aigüe,false,false,true,true,true,0,codable,OWL_ANS,emissible,2103
D63.0,III,III/D63.0.md,Anémie au cours de maladies tumorales,false,false,true,false,true,0,codable,OWL_ANS,emissible,1156
D63.8,III,III/D63.8.md,Anémie au cours d'autres maladies chroniques classées ailleurs,true,false,true,false,true,0,codable,OWL_ANS,emissible,1414
D64.0,III,III/D64.0.md,Anémie sidéroblastique héréditaire,true,false,true,false,false,0,codable,OWL_ANS,emissible,1408
D64.1,III,III/D64.1.md,"Anémie sidéroblastique secondaire, due à une maladie",false,false,true,false,false,0,codable,OWL_ANS,emissible,1325
D64.2,III,III/D64.2.md,"Anémie sidéroblastique secondaire, due à des médicaments et des toxines",false,false,true,false,true,0,codable,OWL_ANS,emissible,1432
D64.3,III,III/D64.3.md,Autres anémies sidéroblastiques,true,false,true,false,true,0,codable,OWL_ANS,emissible,1892
D64.4,III,III/D64.4.md,Anémie dysérythropoïétique congénitale,true,false,true,false,true,0,codable,OWL_ANS,emissible,1643
D64.8,III,III/D64.8.md,Autres anémies précisées,true,false,true,false,true,0,codable,OWL_ANS,emissible,2297
D64.9,III,III/D64.9.md,"Anémie, sans précision",false,false,true,false,true,0,codable,OWL_ANS,emissible,1843
D65,III,III/D65.md,Coagulation intravasculaire disséminée [syndrome de défibrination],true,false,true,false,true,0,codable,OWL_ANS,emissible,2158
D66,III,III/D66.md,Carence héréditaire en facteur VIII,true,false,true,false,true,0,codable,OWL_ANS,emissible,1631
D67,III,III/D67.md,Carence héréditaire en facteur IX,true,false,true,false,true,0,codable,OWL_ANS,emissible,1429
D68.0,III,III/D68.0.md,Maladie de von Willebrand,true,false,true,false,true,0,codable,OWL_ANS,emissible,2119
D68.1,III,III/D68.1.md,Carence héréditaire en facteur XI,true,false,true,false,true,0,codable,OWL_ANS,emissible,1569
D68.2,III,III/D68.2.md,Carence héréditaire en autres facteurs de coagulation,true,false,true,false,true,0,codable,OWL_ANS,emissible,2378
D68.3,III,III/D68.3.md,Troubles hémorragiques dus à des anticoagulants circulants,true,false,true,false,true,0,codable,OWL_ANS,emissible,2123
D68.4,III,III/D68.4.md,Carence acquise en facteur de coagulation,true,false,true,false,true,0,codable,OWL_ANS,emissible,1819
D68.5,III,III/D68.5.md,Thrombophilie primaire,true,false,true,false,true,0,codable,OWL_ANS,emissible,1888
D68.6,III,III/D68.6.md,Autres thrombophilies,true,false,true,false,true,0,codable,OWL_ANS,emissible,2125
D68.8,III,III/D68.8.md,Autres anomalies précisées de la coagulation,true,false,true,false,true,0,codable,OWL_ANS,emissible,2256
D68.9,III,III/D68.9.md,"Anomalie de la coagulation, sans précision",false,false,true,false,true,0,codable,OWL_ANS,emissible,1704
D69.0,III,III/D69.0.md,Purpura allergique,true,false,true,false,true,0,codable,OWL_ANS,emissible,2318
D69.1,III,III/D69.1.md,Modifications qualitatives des plaquettes,true,false,true,false,true,0,codable,OWL_ANS,emissible,2067
D69.2,III,III/D69.2.md,Autres purpuras non thrombopéniques,true,false,true,false,true,0,codable,OWL_ANS,emissible,2145
D69.3,III,III/D69.3.md,Purpura thrombopénique idiopathique,true,false,true,false,true,0,codable,OWL_ANS,emissible,1988
D69.4,III,III/D69.4.md,Autres thrombopénies primaires,false,false,true,false,true,0,codable,OWL_ANS,emissible,1908
D69.5,III,III/D69.5.md,Thrombopénie secondaire,false,false,true,false,true,0,codable,OWL_ANS,emissible,1855
D69.6,III,III/D69.6.md,"Thrombopénie, sans précision",false,false,true,false,true,0,codable,OWL_ANS,emissible,1688
D69.8,III,III/D69.8.md,Autres affections hémorragiques précisées,true,false,true,false,true,0,codable,OWL_ANS,emissible,1985
D69.9,III,III/D69.9.md,"Affection hémorragique, sans précision",false,false,true,false,true,1,interdit_dp_dr,OWL_ANS,emissible,1485
D70,III,III/D70.md,Agranulocytose,true,false,true,false,true,0,codable,OWL_ANS,emissible,2106
D71,III,III/D71.md,Anomalies fonctionnelles des granulocytes neutrophiles,true,false,true,false,true,0,codable,OWL_ANS,emissible,1514
D72.0,III,III/D72.0.md,Anomalies génétiques des leucocytes,true,false,true,false,true,0,codable,OWL_ANS,emissible,2101
D72.1,III,III/D72.1.md,Éosinophilie,true,false,true,false,true,0,codable,OWL_ANS,emissible,1741
D72.8,III,III/D72.8.md,Autres anomalies précisées des leucocytes,true,false,true,false,true,0,codable,OWL_ANS,emissible,2259
D72.9,III,III/D72.9.md,"Anomalie des leucocytes, sans précision",false,false,true,false,true,1,interdit_dp_dr,OWL_ANS,emissible,1413
D73.0,III,III/D73.0.md,Hyposplénisme,true,false,true,false,true,0,codable,OWL_ANS,emissible,1511
D73.1,III,III/D73.1.md,Hypersplénisme,false,false,true,false,true,0,codable,OWL_ANS,emissible,1317
D73.2,III,III/D73.2.md,Splénomégalie congestive chronique,false,false,true,false,true,0,codable,OWL_ANS,emissible,1245
D73.3,III,III/D73.3.md,Abcès de la rate,false,false,true,false,true,0,codable,OWL_ANS,emissible,1369
D73.4,III,III/D73.4.md,Kyste de la rate,false,false,true,false,true,0,codable,OWL_ANS,emissible,1195
D73.5,III,III/D73.5.md,Infarctus de la rate,true,false,true,false,true,0,codable,OWL_ANS,emissible,1637
D73.8,III,III/D73.8.md,Autres maladies de la rate,true,false,true,false,true,0,codable,OWL_ANS,emissible,1944
D73.9,III,III/D73.9.md,"Maladie de la rate, sans précision",false,false,true,false,true,1,interdit_dp_dr,OWL_ANS,emissible,1386
D74.0,III,III/D74.0.md,Méthémoglobinémie congénitale,true,false,true,false,true,0,codable,OWL_ANS,emissible,1538
D74.8,III,III/D74.8.md,Autres méthémoglobinémies,true,false,true,false,true,0,codable,OWL_ANS,emissible,1484
D74.9,III,III/D74.9.md,"Méthémoglobinémie, sans précision",false,false,true,false,true,0,codable,OWL_ANS,emissible,1156
D75.0,III,III/D75.0.md,Érythrocytose familiale,true,false,true,false,true,0,codable,OWL_ANS,emissible,1719
D75.1,III,III/D75.1.md,Polycythémie secondaire,true,false,true,false,true,0,codable,OWL_ANS,emissible,2081
D75.8,III,III/D75.8.md,Autres maladies précisées du sang et des organes hématopoïétiques,true,false,true,false,true,0,codable,OWL_ANS,emissible,2223
D75.9,III,III/D75.9.md,"Maladie du sang et des organes hématopoïétiques, sans précision",false,false,true,false,true,1,interdit_dp_dr,OWL_ANS,emissible,1791
D76.1,III,III/D76.1.md,Lymphohistiocytose hémophagocytaire,true,false,true,false,true,0,codable,OWL_ANS,emissible,2214
D76.2,III,III/D76.2.md,Syndrome hémophagocytaire associé à une infection,false,false,true,false,true,0,codable,OWL_ANS,emissible,2094
D76.3,III,III/D76.3.md,Autres syndromes histiocytaires,true,false,true,false,true,0,codable,OWL_ANS,emissible,2192
D77,III,III/D77.md,Autres maladies du sang et des organes hématopoïétiques au cours de maladies classées ailleurs,true,false,true,false,false,0,codable,OWL_ANS,emissible,1263
D80.0,III,III/D80.0.md,Hypogammaglobulinémie héréditaire,true,false,true,false,true,0,codable,OWL_ANS,emissible,2371
D80.1,III,III/D80.1.md,Hypogammaglobulinémie non familiale,true,false,true,false,true,0,codable,OWL_ANS,emissible,2306
D80.2,III,III/D80.2.md,Déficit sélectif en immunoglobuline A [IgA],true,false,true,false,true,0,codable,OWL_ANS,emissible,1910
D80.3,III,III/D80.3.md,Déficit sélectif en sousclasses d'immunoglobulines G [IgG],true,false,true,false,true,0,codable,OWL_ANS,emissible,1894
D80.4,III,III/D80.4.md,Déficit sélectif en immunoglobuline M [IgM],true,false,true,false,true,0,codable,OWL_ANS,emissible,1844
D80.5,III,III/D80.5.md,Déficit immunitaire avec augmentation de l'immunoglobuline M [IgM],true,false,true,false,false,0,codable,OWL_ANS,emissible,1782
D80.6,III,III/D80.6.md,Déficit en anticorps avec immunoglobulines presque normales ou avec hyperimmunoglobinémie,true,false,true,false,true,0,codable,OWL_ANS,emissible,1913
D80.7,III,III/D80.7.md,Hypogammaglobulinémie transitoire du nourrisson,true,false,true,false,true,0,codable,OWL_ANS,emissible,1853
D80.8,III,III/D80.8.md,Autres déficits immunitaires avec déficit prédominant de la production d'anticorps,true,false,true,false,true,0,codable,OWL_ANS,emissible,2517
D80.9,III,III/D80.9.md,"Déficit immunitaire avec déficit prédominant de la production d'anticorps, sans précision",true,false,true,false,true,0,codable,OWL_ANS,emissible,1875
D81.0,III,III/D81.0.md,Déficit immunitaire combiné sévère [DICS] avec dysgénésie réticulaire,true,false,true,false,false,0,codable,OWL_ANS,emissible,1916
D81.1,III,III/D81.1.md,Déficit immunitaire combiné sévère [DICS] avec nombre faible de cellules B et T,true,false,true,false,true,0,codable,OWL_ANS,emissible,2007
D81.2,III,III/D81.2.md,Déficit immunitaire combiné sévère [DICS] avec nombre faible ou normal de cellules B,true,false,true,false,false,0,codable,OWL_ANS,emissible,1931
D81.3,III,III/D81.3.md,Déficit en adénosine-désaminase [ADA],true,false,true,false,true,0,codable,OWL_ANS,emissible,1980
D81.4,III,III/D81.4.md,Syndrome de Nézelof,true,false,true,false,true,0,codable,OWL_ANS,emissible,1928
D81.5,III,III/D81.5.md,Déficit en purine-nucléoside-phosphorylase [PNP],true,false,true,false,true,0,codable,OWL_ANS,emissible,2019
D81.6,III,III/D81.6.md,Déficit en complexe majeur d'histocompatibilité classe I,true,false,true,false,false,0,codable,OWL_ANS,emissible,1955
D81.7,III,III/D81.7.md,Déficit en complexe majeur d'histocompatibilité classe II,true,false,true,false,true,0,codable,OWL_ANS,emissible,1980
D81.8,III,III/D81.8.md,Autres déficits immunitaires combinés,true,false,true,false,true,0,codable,OWL_ANS,emissible,2728
D81.9,III,III/D81.9.md,"Déficit immunitaire combiné, sans précision",true,false,true,false,true,0,codable,OWL_ANS,emissible,2328
D82.0,III,III/D82.0.md,Syndrome de Wiskott–Aldrich,true,false,true,false,true,0,codable,OWL_ANS,emissible,2092
D82.1,III,III/D82.1.md,Syndrome de Di George,true,false,true,false,true,0,codable,OWL_ANS,emissible,2144
D82.2,III,III/D82.2.md,Déficit immunitaire avec micromélie,true,false,true,false,false,0,codable,OWL_ANS,emissible,1863
D82.3,III,III/D82.3.md,Déficit immunitaire avec réponse héréditaire anormale au virus d'Epstein–Barr,true,false,true,false,true,0,codable,OWL_ANS,emissible,2213
D82.4,III,III/D82.4.md,Syndrome d'hyperimmunoglobuline E [IgE],true,false,true,false,true,0,codable,OWL_ANS,emissible,1985
D82.8,III,III/D82.8.md,Déficit immunitaire associé à d'autres anomalies majeures précisées,true,false,true,false,true,0,codable,OWL_ANS,emissible,2255
D82.9,III,III/D82.9.md,"Déficit immunitaire associé à une anomalie majeure, sans précision",true,false,true,false,false,0,codable,OWL_ANS,emissible,1865
D83.0,III,III/D83.0.md,Déficit immunitaire commun variable avec anomalies prédominantes du nombre et de la fonction des lymphocytes B,true,false,true,false,false,0,codable,OWL_ANS,emissible,1826
D83.1,III,III/D83.1.md,Déficit immunitaire commun variable avec anomalies prédominantes des lymphocytes T immunorégulateurs,true,false,true,false,true,0,codable,OWL_ANS,emissible,1872
D83.2,III,III/D83.2.md,Déficit immunitaire commun variable avec autoanticorps antilymphocytes B ou T,true,false,true,false,false,0,codable,OWL_ANS,emissible,1793
D83.8,III,III/D83.8.md,Autres déficits immunitaires communs variables,true,false,true,false,false,0,codable,OWL_ANS,emissible,2129
D83.9,III,III/D83.9.md,"Déficit immunitaire commun variable, sans précision",true,false,true,false,true,0,codable,OWL_ANS,emissible,2087
D84.0,III,III/D84.0.md,Anomalie de la fonction  lymphocytaire associée à l'antigène 1 [lymphocyte function-associated antigen 1] [LFA-1],true,false,true,false,true,0,codable,OWL_ANS,emissible,2006
D84.1,III,III/D84.1.md,Déficit du complément,true,false,true,false,true,0,codable,OWL_ANS,emissible,2362
D84.8,III,III/D84.8.md,Autres déficits immunitaires précisés,true,false,true,false,true,0,codable,OWL_ANS,emissible,2304
D84.9,III,III/D84.9.md,"Déficit immunitaire, sans précision",true,false,true,false,true,0,codable,OWL_ANS,emissible,2146
D86.0,III,III/D86.0.md,Sarcoïdose du poumon,true,false,true,false,true,0,codable,OWL_ANS,emissible,2035
D86.1,III,III/D86.1.md,Sarcoïdose des ganglions lymphatiques,true,false,true,false,true,0,codable,OWL_ANS,emissible,1929
D86.2,III,III/D86.2.md,Sarcoïdose du poumon avec sarcoïdose des ganglions lymphatiques,true,false,true,false,true,0,codable,OWL_ANS,emissible,1872
D86.3,III,III/D86.3.md,Sarcoïdose de la peau,true,false,true,false,true,0,codable,OWL_ANS,emissible,2125
D86.8,III,III/D86.8.md,Sarcoïdose de localisations autres et associées,true,false,true,false,true,0,codable,OWL_ANS,emissible,2985
D86.9,III,III/D86.9.md,"Sarcoïdose, sans précision",true,false,true,false,true,0,codable,OWL_ANS,emissible,2131
D89.0,III,III/D89.0.md,Hypergammaglobulinémie polyclonale,true,false,true,false,true,0,codable,OWL_ANS,emissible,2488
D89.1,III,III/D89.1.md,Cryoglobulinémie,true,false,true,false,true,0,codable,OWL_ANS,emissible,2662
D89.2,III,III/D89.2.md,"Hypergammaglobulinémie, sans précision",true,false,true,false,true,0,codable,OWL_ANS,emissible,2204
D89.3,III,III/D89.3.md,Syndrome de restauration immunitaire,true,false,true,false,true,0,codable,OWL_ANS,emissible,2154
D89.8,III,III/D89.8.md,"Autres anomalies précisées du système immunitaire, non classées ailleurs",true,false,true,false,true,0,codable,OWL_ANS,emissible,2597
D89.9,III,III/D89.9.md,"Anomalie du système immunitaire, sans précision",true,false,true,false,true,1,interdit_dp_dr,OWL_ANS,emissible,2070
E00.0,IV,IV/E00.0.md,Syndrome d'insuffisance thyroïdienne congénitale de type neurologique,true,false,true,false,false,0,codable,OWL_ANS,emissible,1766
E00.1,IV,IV/E00.1.md,Syndrome d'insuffisance thyroïdienne congénitale de type myxœdémateux,true,false,true,false,true,0,codable,OWL_ANS,emissible,1874
E00.2,IV,IV/E00.2.md,Syndrome d'insuffisance thyroïdienne congénitale de type mixte,true,false,true,false,false,0,codable,OWL_ANS,emissible,1752
E00.9,IV,IV/E00.9.md,"Syndrome d'insuffisance thyroïdienne congénitale, sans précision",true,false,true,false,true,0,codable,OWL_ANS,emissible,1834
E01.0,IV,IV/E01.0.md,Goitre diffus (endémique) lié à une carence en iode,false,false,true,false,true,0,codable,OWL_ANS,emissible,949
E01.1,IV,IV/E01.1.md,Goitre multinodulaire (endémique) lié à une carence en iode,true,false,true,false,false,0,codable,OWL_ANS,emissible,988
E01.2,IV,IV/E01.2.md,"Goitre (endémique) lié à une carence en iode, sans précision",true,false,true,false,true,0,codable,OWL_ANS,emissible,1026
E01.8,IV,IV/E01.8.md,Autres affections thyroïdiennes et apparentées liées à une carence en iode,true,false,true,false,false,0,codable,OWL_ANS,emissible,1256
E02,IV,IV/E02.md,Hypothyroïdie par carence inapparente en iode,false,false,true,false,true,0,codable,OWL_ANS,emissible,786
E03.0,IV,IV/E03.0.md,"Hypothyroïdie congénitale, avec goitre diffus",true,false,true,false,true,0,codable,OWL_ANS,emissible,1207
E03.1,IV,IV/E03.1.md,"Hypothyroïdie congénitale, sans goitre",true,false,true,false,true,0,codable,OWL_ANS,emissible,1245
E03.2,IV,IV/E03.2.md,Hypothyroïdie due à des médicaments et à d'autres produits exogènes,false,false,true,false,true,0,codable,OWL_ANS,emissible,1322
E03.3,IV,IV/E03.3.md,Hypothyroïdie postinfectieuse,false,false,true,false,true,0,codable,OWL_ANS,emissible,945
E03.4,IV,IV/E03.4.md,Atrophie de la thyroïde (acquise),false,false,true,false,true,0,codable,OWL_ANS,emissible,1060
E03.5,IV,IV/E03.5.md,Coma myxœdémateux,false,false,true,false,true,0,codable,OWL_ANS,emissible,965
E03.8,IV,IV/E03.8.md,Autres hypothyroïdies précisées,false,false,true,false,true,0,codable,OWL_ANS,emissible,1430
E03.9,IV,IV/E03.9.md,"Hypothyroïdie, sans précision",true,false,true,false,true,0,codable,OWL_ANS,emissible,1229
E04.0,IV,IV/E04.0.md,Goitre diffus non toxique,true,false,true,false,true,0,codable,OWL_ANS,emissible,1076
E04.1,IV,IV/E04.1.md,Nodule thyroïdien simple non toxique,true,false,true,false,true,0,codable,OWL_ANS,emissible,1296
E04.2,IV,IV/E04.2.md,Goitre multinodulaire non toxique,true,false,true,false,true,0,codable,OWL_ANS,emissible,1474
E04.8,IV,IV/E04.8.md,Autres goitres non toxiques précisés,false,false,true,false,false,0,codable,OWL_ANS,emissible,1058
E04.9,IV,IV/E04.9.md,"Goitre non toxique, sans précision",true,false,true,false,true,0,codable,OWL_ANS,emissible,1315
E05.0,IV,IV/E05.0.md,Thyréotoxicose avec goitre diffus,true,false,true,false,true,0,codable,OWL_ANS,emissible,1587
E05.1,IV,IV/E05.1.md,Thyréotoxicose avec nodule thyroïdien simple,true,false,true,false,true,0,codable,OWL_ANS,emissible,1312
E05.2,IV,IV/E05.2.md,Thyréotoxicose avec goitre multinodulaire toxique,true,false,true,false,true,0,codable,OWL_ANS,emissible,1509
E05.3,IV,IV/E05.3.md,Thyréotoxicose due à des nodules thyroïdiens ectopiques,true,false,true,false,false,0,codable,OWL_ANS,emissible,1082
E05.4,IV,IV/E05.4.md,Thyréotoxicose factice,true,false,true,false,true,0,codable,OWL_ANS,emissible,1114
E05.5,IV,IV/E05.5.md,Crise aigüe thyréotoxique,true,false,true,false,true,0,codable,OWL_ANS,emissible,1194
E05.8,IV,IV/E05.8.md,Autres thyréotoxicoses,true,false,true,false,true,0,codable,OWL_ANS,emissible,1916
E05.9,IV,IV/E05.9.md,"Thyréotoxicose, sans précision",true,false,true,false,true,0,codable,OWL_ANS,emissible,1468
E06.0,IV,IV/E06.0.md,Thyroïdite aigüe,true,false,true,false,true,0,codable,OWL_ANS,emissible,1075
E06.1,IV,IV/E06.1.md,Thyroïdite subaigüe,true,false,true,false,true,0,codable,OWL_ANS,emissible,1404
E06.2,IV,IV/E06.2.md,Thyroïdite chronique avec thyréotoxicose transitoire,false,false,true,false,true,0,codable,OWL_ANS,emissible,961
E06.3,IV,IV/E06.3.md,Thyroïdite auto-immune,true,false,true,false,true,0,codable,OWL_ANS,emissible,1606
E06.4,IV,IV/E06.4.md,Thyroïdite médicamenteuse,false,false,true,false,true,0,codable,OWL_ANS,emissible,903
E06.5,IV,IV/E06.5.md,Autres thyroïdites chroniques,true,false,true,false,true,0,codable,OWL_ANS,emissible,1093
E06.9,IV,IV/E06.9.md,"Thyroïdite, sans précision",false,false,true,false,true,0,codable,OWL_ANS,emissible,818
E07.0,IV,IV/E07.0.md,Hypersécrétion de calcitonine,true,false,true,false,false,0,codable,OWL_ANS,emissible,817
E07.1,IV,IV/E07.1.md,Goitre dû à un trouble de l'hormonosynthèse,true,false,true,false,true,0,codable,OWL_ANS,emissible,1192
E07.8,IV,IV/E07.8.md,Autres affections précisées de la thyroïde,true,false,true,false,true,0,codable,OWL_ANS,emissible,1303
E07.9,IV,IV/E07.9.md,"Affection de la thyroïde, sans précision",false,false,true,false,true,1,interdit_dp_dr,OWL_ANS,emissible,1003
E10.0,IV,IV/E10.0.md,"Diabète sucré de type 1 - "" Avec coma """,true,false,true,false,true,0,codable,OWL_ANS,emissible,1660
E10.1,IV,IV/E10.1.md,"Diabète sucré de type 1 - "" Avec acidocétose """,true,false,true,false,true,0,codable,OWL_ANS,emissible,1623
E10.2,IV,IV/E10.2.md,"Diabète sucré de type 1 - "" Avec complications rénales """,true,false,true,false,true,0,codable,OWL_ANS,emissible,1823
E10.3,IV,IV/E10.3.md,"Diabète sucré de type 1 - "" Avec complications oculaires """,true,false,true,false,true,0,codable,OWL_ANS,emissible,1773
E10.4,IV,IV/E10.4.md,"Diabète sucré de type 1 - "" Avec complications neurologiques """,true,false,true,false,true,0,codable,OWL_ANS,emissible,1781
E10.5,IV,IV/E10.5.md,"Diabète sucré de type 1 - "" Avec complications vasculaires périphériques """,true,false,true,false,true,0,codable,OWL_ANS,emissible,1984
E10.6,IV,IV/E10.6.md,"Diabète sucré de type 1 - "" Avec autres complications précisées """,true,false,true,false,true,0,codable,OWL_ANS,emissible,1944
E10.7,IV,IV/E10.7.md,"Diabète sucré de type 1 - "" Avec complications multiples """,true,false,true,false,true,0,codable,OWL_ANS,emissible,2014
E10.8,IV,IV/E10.8.md,"Diabète sucré de type 1 - "" Avec complications non précisées """,true,false,true,false,true,1,interdit_dp_dr,OWL_ANS,emissible,2456
E10.9,IV,IV/E10.9.md,"Diabète sucré de type 1 - "" Sans complication """,true,false,true,false,true,0,codable,OWL_ANS,emissible,1802
E11.00,IV,IV/E11.00.md,"Diabète sucré de type 2 - ""Avec coma"" - ""diabète sucré de type 2 insulinotraité""",true,false,true,true,false,0,codable,OWL_ANS,emissible,2876
E11.08,IV,IV/E11.08.md,"Diabète sucré de type 2 - ""Avec coma"" - ""diabète sucré de type 2 non insulinotraité ou sans précision""",true,false,true,false,false,0,codable,OWL_ANS,emissible,2127
E11.10,IV,IV/E11.10.md,"Diabète sucré de type 2 - ""Avec acidocétose"" - ""diabète sucré de type 2 insulinotraité""",true,false,true,true,false,0,codable,OWL_ANS,emissible,2860
E11.18,IV,IV/E11.18.md,"Diabète sucré de type 2 - ""Avec acidocétose"" - ""diabète sucré de type 2 non insulinotraité ou sans précision""",true,false,true,false,false,0,codable,OWL_ANS,emissible,2111
E11.20,IV,IV/E11.20.md,"Diabète sucré de type 2 - ""Avec complications rénales"" - ""diabète sucré de type 2 insulinotraité""",true,false,true,true,false,0,codable,OWL_ANS,emissible,2895
E11.28,IV,IV/E11.28.md,"Diabète sucré de type 2 - ""Avec complications rénales"" - ""diabète sucré de type 2 non insulinotraité ou sans précision""",true,false,true,false,false,0,codable,OWL_ANS,emissible,2146
E11.30,IV,IV/E11.30.md,"Diabète sucré de type 2 - ""Avec complications oculaires"" - ""diabète sucré de type 2 insulinotraité""",true,false,true,true,false,0,codable,OWL_ANS,emissible,2849
E11.38,IV,IV/E11.38.md,"Diabète sucré de type 2 - ""Avec complications oculaires"" - ""diabète sucré de type 2 non insulinotraité ou sans précision""",true,false,true,false,false,0,codable,OWL_ANS,emissible,2100
E11.40,IV,IV/E11.40.md,"Diabète sucré de type 2 - ""Avec complications neurologiques"" - ""diabète sucré de type 2 insulinotraité""",true,false,true,true,false,0,codable,OWL_ANS,emissible,2966
E11.48,IV,IV/E11.48.md,"Diabète sucré de type 2 - ""Avec complications neurologiques"" - ""diabète sucré de type 2 non insulinotraité ou sans précision""",true,false,true,false,false,0,codable,OWL_ANS,emissible,2217
E11.50,IV,IV/E11.50.md,"Diabète sucré de type 2 - ""Avec complications vasculaires périphériques"" - ""diabète sucré de type 2 insulinotraité""",true,false,true,true,false,0,codable,OWL_ANS,emissible,2886
E11.58,IV,IV/E11.58.md,"Diabète sucré de type 2 - ""Avec complications vasculaires périphériques"" - ""diabète sucré de type 2 non insulinotraité ou sans précision""",true,false,true,false,false,0,codable,OWL_ANS,emissible,2137
E11.60,IV,IV/E11.60.md,"Diabète sucré de type 2 - ""Avec autres complications précisées"" - ""diabète sucré de type 2 insulinotraité""",true,false,true,true,false,0,codable,OWL_ANS,emissible,2843
E11.68,IV,IV/E11.68.md,"Diabète sucré de type 2 - ""Avec autres complications précisées"" - ""diabète sucré de type 2 non insulinotraité ou sans précision""",true,false,true,false,false,0,codable,OWL_ANS,emissible,2094
E11.70,IV,IV/E11.70.md,"Diabète sucré de type 2 - ""Avec complications multiples"" - ""diabète sucré de type 2 insulinotraité""",true,false,true,true,false,0,codable,OWL_ANS,emissible,2780
E11.78,IV,IV/E11.78.md,"Diabète sucré de type 2 - ""Avec complications multiples"" - ""diabète sucré de type 2 non insulinotraité ou sans précision""",true,false,true,false,false,0,codable,OWL_ANS,emissible,2031
E11.80,IV,IV/E11.80.md,"Diabète sucré de type 2 - ""Avec complications non précisées"" - ""diabète sucré de type 2 insulinotraité""",true,false,true,true,false,1,interdit_dp_dr,OWL_ANS,emissible,2786
E11.88,IV,IV/E11.88.md,"Diabète sucré de type 2 - ""Avec complications non précisées"" - ""diabète sucré de type 2 non insulinotraité ou sans précision""",true,false,true,false,false,1,interdit_dp_dr,OWL_ANS,emissible,2037
E11.90,IV,IV/E11.90.md,"Diabète sucré de type 2 - ""Sans complication"" - ""diabète sucré de type 2 insulinotraité""",true,false,true,true,false,0,codable,OWL_ANS,emissible,2769
E11.98,IV,IV/E11.98.md,"Diabète sucré de type 2 - ""Sans complication"" - ""diabète sucré de type 2 non insulinotraité ou sans précision""",true,false,true,false,false,0,codable,OWL_ANS,emissible,2020
E12.0,IV,IV/E12.0.md,"Diabète sucré de malnutrition - "" Avec coma """,true,false,true,false,false,0,codable,OWL_ANS,emissible,1574
E12.1,IV,IV/E12.1.md,"Diabète sucré de malnutrition - "" Avec acidocétose """,true,false,true,false,false,0,codable,OWL_ANS,emissible,1525
E12.2,IV,IV/E12.2.md,"Diabète sucré de malnutrition - "" Avec complications rénales """,true,false,true,false,true,0,codable,OWL_ANS,emissible,1640
E12.3,IV,IV/E12.3.md,"Diabète sucré de malnutrition - "" Avec complications oculaires """,true,false,true,false,false,0,codable,OWL_ANS,emissible,1496
E12.4,IV,IV/E12.4.md,"Diabète sucré de malnutrition - "" Avec complications neurologiques """,true,false,true,false,false,0,codable,OWL_ANS,emissible,1576
E12.5,IV,IV/E12.5.md,"Diabète sucré de malnutrition - "" Avec complications vasculaires périphériques """,true,false,true,false,false,0,codable,OWL_ANS,emissible,1505
E12.6,IV,IV/E12.6.md,"Diabète sucré de malnutrition - "" Avec autres complications précisées """,true,false,true,false,true,0,codable,OWL_ANS,emissible,1676
E12.7,IV,IV/E12.7.md,"Diabète sucré de malnutrition - "" Avec complications multiples """,true,false,true,false,false,0,codable,OWL_ANS,emissible,1426
E12.8,IV,IV/E12.8.md,"Diabète sucré de malnutrition - "" Avec complications non précisées """,true,false,true,false,false,1,interdit_dp_dr,OWL_ANS,emissible,2083
E12.9,IV,IV/E12.9.md,"Diabète sucré de malnutrition - "" Sans complication """,true,false,true,false,true,0,codable,OWL_ANS,emissible,1481
E13.0,IV,IV/E13.0.md,"Autres diabètes sucrés précisés - "" Avec coma """,true,false,true,false,false,0,codable,OWL_ANS,emissible,1439
E13.1,IV,IV/E13.1.md,"Autres diabètes sucrés précisés - "" Avec acidocétose """,true,false,true,false,true,0,codable,OWL_ANS,emissible,1666
E13.2,IV,IV/E13.2.md,"Autres diabètes sucrés précisés - "" Avec complications rénales """,true,false,true,false,true,0,codable,OWL_ANS,emissible,1671
E13.3,IV,IV/E13.3.md,"Autres diabètes sucrés précisés - "" Avec complications oculaires """,true,false,true,false,true,0,codable,OWL_ANS,emissible,1635
E13.4,IV,IV/E13.4.md,"Autres diabètes sucrés précisés - "" Avec complications neurologiques """,true,false,true,false,true,0,codable,OWL_ANS,emissible,1731
E13.5,IV,IV/E13.5.md,"Autres diabètes sucrés précisés - "" Avec complications vasculaires périphériques """,true,false,true,false,true,0,codable,OWL_ANS,emissible,1616
E13.6,IV,IV/E13.6.md,"Autres diabètes sucrés précisés - "" Avec autres complications précisées """,true,false,true,false,true,0,codable,OWL_ANS,emissible,1876
E13.7,IV,IV/E13.7.md,"Autres diabètes sucrés précisés - "" Avec complications multiples """,false,false,true,false,true,0,codable,OWL_ANS,emissible,1534
E13.8,IV,IV/E13.8.md,"Autres diabètes sucrés précisés - "" Avec complications non précisées """,false,false,true,false,true,1,interdit_dp_dr,OWL_ANS,emissible,2255
E13.9,IV,IV/E13.9.md,"Autres diabètes sucrés précisés - "" Sans complication """,false,false,true,false,true,0,codable,OWL_ANS,emissible,1478
E14.0,IV,IV/E14.0.md,"Diabète sucré, sans précision - "" Avec coma """,true,false,true,false,true,0,codable,OWL_ANS,emissible,1904
E14.1,IV,IV/E14.1.md,"Diabète sucré, sans précision - "" Avec acidocétose """,true,false,true,false,true,0,codable,OWL_ANS,emissible,1945
E14.2,IV,IV/E14.2.md,"Diabète sucré, sans précision - "" Avec complications rénales """,true,false,true,false,true,0,codable,OWL_ANS,emissible,1929
E14.3,IV,IV/E14.3.md,"Diabète sucré, sans précision - "" Avec complications oculaires """,true,false,true,false,true,0,codable,OWL_ANS,emissible,1726
E14.4,IV,IV/E14.4.md,"Diabète sucré, sans précision - "" Avec complications neurologiques """,true,false,true,false,true,0,codable,OWL_ANS,emissible,1959
E14.5,IV,IV/E14.5.md,"Diabète sucré, sans précision - "" Avec complications vasculaires périphériques """,true,false,true,false,true,0,codable,OWL_ANS,emissible,1851
E14.6,IV,IV/E14.6.md,"Diabète sucré, sans précision - "" Avec autres complications précisées """,true,false,true,false,true,0,codable,OWL_ANS,emissible,1888
E14.7,IV,IV/E14.7.md,"Diabète sucré, sans précision - "" Avec complications multiples """,true,false,true,false,true,0,codable,OWL_ANS,emissible,1752
E14.8,IV,IV/E14.8.md,"Diabète sucré, sans précision - "" Avec complications non précisées """,true,false,true,false,true,1,interdit_dp_dr,OWL_ANS,emissible,2382
E14.9,IV,IV/E14.9.md,"Diabète sucré, sans précision - "" Sans complication """,true,false,true,false,true,0,codable,OWL_ANS,emissible,1746
E15,IV,IV/E15.md,Coma hypoglycémique non diabétique,true,false,true,false,true,0,codable,OWL_ANS,emissible,1163
E16.0,IV,IV/E16.0.md,"Hypoglycémie médicamenteuse, sans coma",false,false,true,false,true,0,codable,OWL_ANS,emissible,903
E16.1,IV,IV/E16.1.md,Autres hypoglycémies,true,false,true,false,true,0,codable,OWL_ANS,emissible,1376
E16.2,IV,IV/E16.2.md,"Hypoglycémie, sans précision",false,false,true,false,true,0,codable,OWL_ANS,emissible,1029
E16.3,IV,IV/E16.3.md,Hypersécrétion de glucagon,true,false,true,false,false,0,codable,OWL_ANS,emissible,867
E16.4,IV,IV/E16.4.md,Sécrétion anormale de gastrine,true,false,true,false,true,0,codable,OWL_ANS,emissible,957
E16.8,IV,IV/E16.8.md,Autres anomalies précisées de la sécrétion pancréatique interne,true,false,true,false,true,0,codable,OWL_ANS,emissible,1554
E16.9,IV,IV/E16.9.md,"Anomalie de la régulation de la sécrétion pancréatique interne, sans précision",true,false,true,false,true,0,codable,OWL_ANS,emissible,1245
E20.0,IV,IV/E20.0.md,Hypoparathyroïdie idiopathique,false,false,true,false,true,0,codable,OWL_ANS,emissible,1143
E20.1,IV,IV/E20.1.md,Pseudohypoparathyroïdie,false,false,true,false,true,0,codable,OWL_ANS,emissible,1278
E20.8,IV,IV/E20.8.md,Autres hypoparathyroïdies,false,false,true,false,true,0,codable,OWL_ANS,emissible,1275
E20.9,IV,IV/E20.9.md,"Hypoparathyroïdie, sans précision",true,false,true,false,true,0,codable,OWL_ANS,emissible,1233
E21.0,IV,IV/E21.0.md,Hyperparathyroïdie primaire,true,false,true,false,true,0,codable,OWL_ANS,emissible,1527
E21.1,IV,IV/E21.1.md,"Hyperparathyroïdie secondaire, non classée ailleurs",false,false,true,false,true,0,codable,OWL_ANS,emissible,1172
E21.2,IV,IV/E21.2.md,Autres hyperparathyroïdies,true,false,true,false,true,0,codable,OWL_ANS,emissible,1188
E21.3,IV,IV/E21.3.md,"Hyperparathyroïdie, sans précision",false,false,true,false,true,0,codable,OWL_ANS,emissible,1084
E21.4,IV,IV/E21.4.md,Autres maladies précisées de la glande parathyroïde,false,false,true,false,true,0,codable,OWL_ANS,emissible,1050
E21.5,IV,IV/E21.5.md,"Maladie de la glande parathyroïde, sans précision",false,false,true,false,true,1,interdit_dp_dr,OWL_ANS,emissible,1115
E22.0,IV,IV/E22.0.md,Acromégalie et gigantisme hypophysaire,true,false,true,false,true,0,codable,OWL_ANS,emissible,1498
E22.1,IV,IV/E22.1.md,Hyperprolactinémie,false,false,true,false,true,0,codable,OWL_ANS,emissible,1316
E22.2,IV,IV/E22.2.md,Syndrome de sécrétion anormale de l'hormone antidiurétique,false,false,true,false,true,0,codable,OWL_ANS,emissible,1435
E22.8,IV,IV/E22.8.md,Autres hypersécrétions de l'hypophyse,true,false,true,false,true,0,codable,OWL_ANS,emissible,1447
E22.9,IV,IV/E22.9.md,"Hypersécrétion de l'hypophyse, sans précision",false,false,true,false,true,0,codable,OWL_ANS,emissible,1103
E23.0,IV,IV/E23.0.md,Hypopituitarisme,true,false,true,false,true,0,codable,OWL_ANS,emissible,2572
E23.1,IV,IV/E23.1.md,Hypopituitarisme médicamenteux,true,false,true,false,true,0,codable,OWL_ANS,emissible,1232
E23.2,IV,IV/E23.2.md,Diabète insipide,true,false,true,false,true,0,codable,OWL_ANS,emissible,1376
E23.3,IV,IV/E23.3.md,"Anomalie hypothalamique, non classée ailleurs",true,false,true,false,true,0,codable,OWL_ANS,emissible,1640
E23.6,IV,IV/E23.6.md,Autres anomalies de l'hypophyse,true,false,true,false,true,0,codable,OWL_ANS,emissible,1713
E23.7,IV,IV/E23.7.md,"Anomalie de l'hypophyse, sans précision",true,false,true,false,true,1,interdit_dp_dr,OWL_ANS,emissible,1313
E24.0,IV,IV/E24.0.md,Maladie de Cushing hypophysodépendante,true,false,true,false,true,0,codable,OWL_ANS,emissible,1108
E24.1,IV,IV/E24.1.md,Syndrome de Nelson,false,false,true,false,true,0,codable,OWL_ANS,emissible,844
E24.2,IV,IV/E24.2.md,Syndrome de Cushing médicamenteux,false,false,true,false,true,0,codable,OWL_ANS,emissible,1135
E24.3,IV,IV/E24.3.md,Syndrome de sécrétion ectopique d'ACTH,false,false,true,false,true,0,codable,OWL_ANS,emissible,872
E24.4,IV,IV/E24.4.md,Pseudosyndrome de Cushing dû à l'alcool,false,false,true,false,false,0,codable,OWL_ANS,emissible,804
E24.8,IV,IV/E24.8.md,Autres syndromes de Cushing,false,false,true,false,true,0,codable,OWL_ANS,emissible,1448
E24.9,IV,IV/E24.9.md,"Syndrome de Cushing, sans précision",false,false,true,false,true,0,codable,OWL_ANS,emissible,1041
E25.0,IV,IV/E25.0.md,Anomalies génitosurrénaliennes congénitales liées à un déficit enzymatique,true,false,true,false,true,0,codable,OWL_ANS,emissible,2885
E25.8,IV,IV/E25.8.md,Autres anomalies génitosurrénaliennes,true,false,true,false,true,0,codable,OWL_ANS,emissible,2261
E25.9,IV,IV/E25.9.md,"Anomalie génitosurrénalienne, sans précision",true,false,true,false,true,0,codable,OWL_ANS,emissible,2047
E26.0,IV,IV/E26.0.md,Hyperaldostéronisme primaire,true,false,true,false,true,0,codable,OWL_ANS,emissible,1176
E26.1,IV,IV/E26.1.md,Hyperaldostéronisme secondaire,false,false,true,false,true,0,codable,OWL_ANS,emissible,868
E26.8,IV,IV/E26.8.md,Autres hyperaldostéronismes,true,false,true,false,true,0,codable,OWL_ANS,emissible,1107
E26.9,IV,IV/E26.9.md,"Hyperaldostéronisme, sans précision",false,false,true,false,true,0,codable,OWL_ANS,emissible,879
E27.0,IV,IV/E27.0.md,Autres hyperfonctionnements corticosurrénaux,true,false,true,false,true,0,codable,OWL_ANS,emissible,1162
E27.1,IV,IV/E27.1.md,Insuffisance corticosurrénale primaire,true,false,true,false,true,0,codable,OWL_ANS,emissible,1270
E27.2,IV,IV/E27.2.md,Crise addisonienne,true,false,true,false,true,0,codable,OWL_ANS,emissible,998
E27.3,IV,IV/E27.3.md,Insuffisance corticosurrénale médicamenteuse,false,false,true,false,true,0,codable,OWL_ANS,emissible,1236
E27.4,IV,IV/E27.4.md,"Insuffisances corticosurrénales, autres et sans précision",true,false,true,false,true,0,codable,OWL_ANS,emissible,1949
E27.5,IV,IV/E27.5.md,Hyperfonctionnement de la médullosurrénale,true,false,true,false,true,0,codable,OWL_ANS,emissible,1123
E27.8,IV,IV/E27.8.md,Autres maladies précisées de la glande surrénale,true,false,true,false,true,0,codable,OWL_ANS,emissible,1719
E27.9,IV,IV/E27.9.md,"Maladie de la glande surrénale, sans précision",false,false,true,false,true,1,interdit_dp_dr,OWL_ANS,emissible,1164
E28.0,IV,IV/E28.0.md,Hyperœstrogénie,false,false,true,false,true,0,codable,OWL_ANS,emissible,1112
E28.1,IV,IV/E28.1.md,Hyperandrogénie,true,false,true,false,true,0,codable,OWL_ANS,emissible,1124
E28.2,IV,IV/E28.2.md,Syndrome ovarien polykystique,true,false,true,false,true,0,codable,OWL_ANS,emissible,1378
E28.3,IV,IV/E28.3.md,Insuffisance ovarienne primaire,true,false,true,false,true,0,codable,OWL_ANS,emissible,1624
E28.8,IV,IV/E28.8.md,Autres dysfonctions ovariennes,true,false,true,false,true,0,codable,OWL_ANS,emissible,1307
E28.9,IV,IV/E28.9.md,"Dysfonction ovarienne, sans précision",false,false,true,false,false,0,codable,OWL_ANS,emissible,966
E29.0,IV,IV/E29.0.md,Hyperfonction testiculaire,true,false,true,false,true,0,codable,OWL_ANS,emissible,1307
E29.1,IV,IV/E29.1.md,Hypofonction testiculaire,true,false,true,false,true,0,codable,OWL_ANS,emissible,1815
E29.8,IV,IV/E29.8.md,Autres dysfonctions testiculaires,false,false,true,false,false,0,codable,OWL_ANS,emissible,1282
E29.9,IV,IV/E29.9.md,"Dysfonction testiculaire, sans précision",false,false,true,false,false,0,codable,OWL_ANS,emissible,1142
E30.0,IV,IV/E30.0.md,Puberté retardée,true,false,true,false,true,0,codable,OWL_ANS,emissible,1060
E30.1,IV,IV/E30.1.md,Puberté précoce,true,false,true,false,true,0,codable,OWL_ANS,emissible,1430
E30.8,IV,IV/E30.8.md,Autres anomalies de la puberté,true,false,true,false,true,0,codable,OWL_ANS,emissible,1092
E30.9,IV,IV/E30.9.md,"Anomalie de la puberté, sans précision",false,false,true,false,true,0,codable,OWL_ANS,emissible,887
E31.0,IV,IV/E31.0.md,Insuffisance pluriglandulaire auto-immune,true,false,true,false,true,0,codable,OWL_ANS,emissible,1207
E31.1,IV,IV/E31.1.md,Hyperfonctionnement pluriglandulaire,false,false,true,false,false,0,codable,OWL_ANS,emissible,1068
E31.8,IV,IV/E31.8.md,Autres dysfonctionnements pluriglandulaires,false,false,true,false,true,0,codable,OWL_ANS,emissible,1271
E31.9,IV,IV/E31.9.md,"Dysfonctionnement pluriglandulaire, sans précision",false,false,true,false,true,0,codable,OWL_ANS,emissible,1355
E32.0,IV,IV/E32.0.md,Hyperplasie persistante du thymus,true,false,true,false,true,0,codable,OWL_ANS,emissible,1132
E32.1,IV,IV/E32.1.md,Abcès du thymus,false,false,true,false,true,0,codable,OWL_ANS,emissible,980
E32.8,IV,IV/E32.8.md,Autres maladies du thymus,false,false,true,false,true,0,codable,OWL_ANS,emissible,1266
E32.9,IV,IV/E32.9.md,"Maladie du thymus, sans précision",false,false,true,false,true,1,interdit_dp_dr,OWL_ANS,emissible,1079
E34.0,IV,IV/E34.0.md,Syndrome carcinoïde,false,false,true,false,true,0,codable,OWL_ANS,emissible,1014
E34.1,IV,IV/E34.1.md,Autres hypersécrétions d'hormones intestinales,false,false,true,false,false,0,codable,OWL_ANS,emissible,911
E34.2,IV,IV/E34.2.md,"Sécrétion hormonale ectopique, non classée ailleurs",false,false,true,false,true,0,codable,OWL_ANS,emissible,1084
E34.3,IV,IV/E34.3.md,"Insuffisance staturale, non classée ailleurs",true,false,true,false,true,0,codable,OWL_ANS,emissible,1900
E34.4,IV,IV/E34.4.md,Haute stature constitutionnelle,true,false,true,false,true,0,codable,OWL_ANS,emissible,1080
E34.5,IV,IV/E34.5.md,Syndrome de résistance aux androgènes,true,false,true,false,true,0,codable,OWL_ANS,emissible,1480
E34.8,IV,IV/E34.8.md,Autres troubles endocriniens précisés,true,false,true,false,true,0,codable,OWL_ANS,emissible,1817
E34.9,IV,IV/E34.9.md,"Anomalie endocrinienne, sans précision",true,false,true,false,true,1,interdit_dp_dr,OWL_ANS,emissible,1458
E35.0,IV,IV/E35.0.md,Anomalies de la glande thyroïde au cours de maladies classées ailleurs,true,false,true,false,false,0,codable,OWL_ANS,emissible,916
E35.1,IV,IV/E35.1.md,Anomalies de la glande surrénale au cours de maladies classées ailleurs,true,false,true,false,true,0,codable,OWL_ANS,emissible,1095
E35.8,IV,IV/E35.8.md,Anomalies d'autres glandes endocrines au cours de maladies classées ailleurs,false,false,true,false,false,0,codable,OWL_ANS,emissible,1049
E40,IV,IV/E40.md,Kwashiorkor,true,false,true,true,true,0,codable,OWL_ANS,emissible,3935
E41,IV,IV/E41.md,Marasme nutritionnel,true,false,true,true,true,0,codable,OWL_ANS,emissible,4036
E42,IV,IV/E42.md,Kwashiorkor avec marasme,true,false,true,true,true,0,codable,OWL_ANS,emissible,3861
E43,IV,IV/E43.md,"Malnutrition protéinoénergétique grave, sans précision",true,false,true,true,true,0,codable,OWL_ANS,emissible,6889
E44.0,IV,IV/E44.0.md,Malnutrition protéinoénergétique modérée,false,false,true,true,true,0,codable,OWL_ANS,emissible,6649
E44.1,IV,IV/E44.1.md,Malnutrition protéinoénergétique légère,false,false,true,true,true,0,codable,OWL_ANS,emissible,4085
E45,IV,IV/E45.md,Retard de développement après malnutrition protéinoénergétique,true,false,true,true,true,0,codable,OWL_ANS,emissible,3703
E46,IV,IV/E46.md,"Malnutrition protéinoénergétique, sans précision",true,false,true,true,true,0,codable,OWL_ANS,emissible,3954
E50.0,IV,IV/E50.0.md,Avitaminose A avec xérosis conjonctival,false,false,true,true,false,0,codable,OWL_ANS,emissible,1456
E50.1,IV,IV/E50.1.md,Avitaminose A avec taches de Bitot et xérosis conjonctival,true,false,true,true,true,0,codable,OWL_ANS,emissible,1623
E50.2,IV,IV/E50.2.md,Avitaminose A avec xérosis cornéen,false,false,true,true,false,0,codable,OWL_ANS,emissible,1451
E50.3,IV,IV/E50.3.md,Avitaminose A avec xérosis et ulcération de la cornée,false,false,true,true,false,0,codable,OWL_ANS,emissible,1470
E50.4,IV,IV/E50.4.md,Avitaminose A avec kératomalacie,false,false,true,true,true,0,codable,OWL_ANS,emissible,1523
E50.5,IV,IV/E50.5.md,Avitaminose A avec héméralopie,false,false,true,true,true,0,codable,OWL_ANS,emissible,1519
E50.6,IV,IV/E50.6.md,Avitaminose A avec cicatrices xérophtalmiques de la cornée,false,false,true,true,true,0,codable,OWL_ANS,emissible,1559
E50.7,IV,IV/E50.7.md,Autres manifestations oculaires de l'avitaminose A,true,false,true,true,true,0,codable,OWL_ANS,emissible,1593
E50.8,IV,IV/E50.8.md,Autres manifestations de l'avitaminose A,false,false,true,true,false,0,codable,OWL_ANS,emissible,1956
E50.9,IV,IV/E50.9.md,"Avitaminose A, sans précision",true,false,true,true,true,0,codable,OWL_ANS,emissible,1600
E51.1,IV,IV/E51.1.md,Béribéri,true,false,true,true,true,0,codable,OWL_ANS,emissible,1720
E51.2,IV,IV/E51.2.md,Encéphalopathie de Wernicke,false,false,true,true,true,0,codable,OWL_ANS,emissible,1987
E51.8,IV,IV/E51.8.md,Autres manifestations de la carence en thiamine,false,false,true,true,true,0,codable,OWL_ANS,emissible,1683
E51.9,IV,IV/E51.9.md,"Carence en thiamine, sans précision",false,false,true,true,true,0,codable,OWL_ANS,emissible,1506
E52,IV,IV/E52.md,Carence en acide nicotinique [pellagre],true,false,true,true,true,0,codable,OWL_ANS,emissible,1960
E53.0,IV,IV/E53.0.md,Carence en riboflavine,true,false,true,true,true,0,codable,OWL_ANS,emissible,1693
E53.1,IV,IV/E53.1.md,Carence en pyridoxine,true,false,true,true,true,0,codable,OWL_ANS,emissible,1773
E53.8,IV,IV/E53.8.md,Autres avitaminoses précisées du groupe B,true,false,true,true,true,0,codable,OWL_ANS,emissible,2504
E53.9,IV,IV/E53.9.md,"Avitaminose du groupe B, sans précision",false,false,true,true,true,0,codable,OWL_ANS,emissible,1636
E54,IV,IV/E54.md,Carence en acide ascorbique,true,false,true,true,true,0,codable,OWL_ANS,emissible,1840
E55.0,IV,IV/E55.0.md,Rachitisme évolutif,true,false,true,true,true,0,codable,OWL_ANS,emissible,2006
E55.9,IV,IV/E55.9.md,"Carence en vitamine D, sans précision",true,false,true,true,true,0,codable,OWL_ANS,emissible,1739
E56.0,IV,IV/E56.0.md,Carence en vitamine E,false,false,true,true,true,0,codable,OWL_ANS,emissible,1595
E56.1,IV,IV/E56.1.md,Carence en vitamine K,false,false,true,true,true,0,codable,OWL_ANS,emissible,1817
E56.8,IV,IV/E56.8.md,Carence en autres vitamines,false,false,true,true,true,0,codable,OWL_ANS,emissible,1653
E56.9,IV,IV/E56.9.md,"Avitaminose, sans précision",false,false,true,true,true,0,codable,OWL_ANS,emissible,1788
E58,IV,IV/E58.md,Carence alimentaire en calcium,false,false,true,false,true,0,codable,OWL_ANS,emissible,1024
E59,IV,IV/E59.md,Carence alimentaire en sélénium,true,false,true,false,true,0,codable,OWL_ANS,emissible,1049
E60,IV,IV/E60.md,Carence alimentaire en zinc,false,false,true,false,true,0,codable,OWL_ANS,emissible,848
E61.0,IV,IV/E61.0.md,Carence en cuivre,false,false,true,false,true,0,codable,OWL_ANS,emissible,1075
E61.1,IV,IV/E61.1.md,Carence en fer,false,false,true,false,true,0,codable,OWL_ANS,emissible,1259
E61.2,IV,IV/E61.2.md,Carence en magnésium,false,false,true,false,true,0,codable,OWL_ANS,emissible,1081
E61.3,IV,IV/E61.3.md,Carence en manganèse,false,false,true,false,true,0,codable,OWL_ANS,emissible,1081
E61.4,IV,IV/E61.4.md,Carence en chrome,false,false,true,false,true,0,codable,OWL_ANS,emissible,1075
E61.5,IV,IV/E61.5.md,Carence en molybdène,false,false,true,false,true,0,codable,OWL_ANS,emissible,1081
E61.6,IV,IV/E61.6.md,Carence en vanadium,false,false,true,false,true,0,codable,OWL_ANS,emissible,1076
E61.7,IV,IV/E61.7.md,Carence en plusieurs éléments nutritionnels,false,false,true,false,false,0,codable,OWL_ANS,emissible,1041
E61.8,IV,IV/E61.8.md,Carence en autres éléments nutritionnels précisés,false,false,true,false,true,0,codable,OWL_ANS,emissible,1420
E61.9,IV,IV/E61.9.md,"Carence en élément nutritionnel, sans précision",false,false,true,false,true,0,codable,OWL_ANS,emissible,1118
E63.0,IV,IV/E63.0.md,Carence en acides gras essentiels,false,false,true,false,false,0,codable,OWL_ANS,emissible,1017
E63.1,IV,IV/E63.1.md,Déséquilibre alimentaire,false,false,true,false,true,0,codable,OWL_ANS,emissible,1090
E63.8,IV,IV/E63.8.md,Autres carences nutritionnelles précisées,false,false,true,false,false,0,codable,OWL_ANS,emissible,1149
E63.9,IV,IV/E63.9.md,"Carence nutritionnelle, sans précision",true,false,true,false,true,0,codable,OWL_ANS,emissible,1525
E64.0,IV,IV/E64.0.md,Séquelles de malnutrition protéinoénergétique,false,false,true,true,true,4,interdit_dp,OWL_ANS,emissible,1561
E64.1,IV,IV/E64.1.md,Séquelles d'avitaminose A,false,false,true,true,false,4,interdit_dp,OWL_ANS,emissible,1344
E64.2,IV,IV/E64.2.md,Séquelles d'avitaminose C,false,false,true,true,false,4,interdit_dp,OWL_ANS,emissible,1344
E64.3,IV,IV/E64.3.md,Séquelles de rachitisme,false,false,true,true,true,4,interdit_dp,OWL_ANS,emissible,1578
E64.8,IV,IV/E64.8.md,Séquelles d'autres carences nutritionnelles,false,false,true,true,false,4,interdit_dp,OWL_ANS,emissible,1573
E64.9,IV,IV/E64.9.md,Séquelles d'une carence nutritionnelle non précisée,false,false,true,true,true,4,interdit_dp,OWL_ANS,emissible,1468
E65,IV,IV/E65.md,Adiposité localisée,true,false,true,false,true,0,codable,OWL_ANS,emissible,937
E66.03,IV,IV/E66.03.md,"Surpoids dû à un excès calorique, de l'adulte ou de l'enfant",true,false,true,false,false,0,codable,OWL_ANS,emissible,1026
E66.04,IV,IV/E66.04.md,"Obésité due à un excès calorique de l'adulte avec indice de masse corporelle [IMC] égal ou supérieur à 30 kg/m² et inférieur à 35 kg/m², ou obésité due à un excès calorique de l'enfant",true,false,true,false,false,0,codable,OWL_ANS,emissible,1150
E66.05,IV,IV/E66.05.md,Obésité due à un excès calorique de l'adulte avec indice de masse corporelle [IMC] égal ou supérieur à 35 kg/m² et inférieur à 40 kg/m²,true,false,true,false,false,0,codable,OWL_ANS,emissible,1101
E66.06,IV,IV/E66.06.md,Obésité due à un excès calorique de l'adulte avec indice de masse corporelle [IMC] égal ou supérieur à 40 kg/m² et inférieur à 50 kg/m²,true,false,true,false,false,0,codable,OWL_ANS,emissible,1101
E66.07,IV,IV/E66.07.md,Obésité due à un excès calorique de l'adulte avec indice de masse corporelle [IMC] égal ou supérieur à 50 kg/m²,true,false,true,false,false,0,codable,OWL_ANS,emissible,1077
E66.09,IV,IV/E66.09.md,"Obésité due à un excès calorique de l'adulte, indice de masse corporelle [IMC] non précisé",true,false,true,false,false,0,codable,OWL_ANS,emissible,1056
E66.13,IV,IV/E66.13.md,Surpoids médicamenteux de l'adulte ou de l'enfant,false,false,true,false,false,0,codable,OWL_ANS,emissible,904
E66.14,IV,IV/E66.14.md,"Obésité médicamenteuse de l'adulte avec indice de masse corporelle [IMC] égal ou supérieur à 30 kg/m² et inférieur à 35 kg/m², ou obésité médicamenteuse de l'enfant",false,false,true,false,false,0,codable,OWL_ANS,emissible,1019
E66.15,IV,IV/E66.15.md,Obésité médicamenteuse de l'adulte avec indice de masse corporelle [IMC] égal ou supérieur à 35 kg/m² et inférieur à 40 kg/m²,false,false,true,false,false,0,codable,OWL_ANS,emissible,980
E66.16,IV,IV/E66.16.md,Obésité médicamenteuse de l'adulte avec indice de masse corporelle [IMC] égal ou supérieur à 40 kg/m² et inférieur à 50 kg/m²,false,false,true,false,false,0,codable,OWL_ANS,emissible,980
E66.17,IV,IV/E66.17.md,Obésité médicamenteuse de l'adulte avec indice de masse corporelle [IMC] égal ou supérieur à 50 kg/m²,false,false,true,false,false,0,codable,OWL_ANS,emissible,956
E66.19,IV,IV/E66.19.md,"Obésité médicamenteuse de l'adulte, indice de masse corporelle [IMC] non précisé",false,false,true,false,false,0,codable,OWL_ANS,emissible,935
E66.24,IV,IV/E66.24.md,"Obésité (extrême) avec hypoventilation alvéolaire de l'adulte avec indice de masse corporelle [IMC] égal ou supérieur à 30 kg/m² et inférieur à 35 kg/m², ou obésité (extrême) avec hypoventilation alvéolaire de l'enfant",true,false,true,false,false,0,codable,OWL_ANS,emissible,1211
E66.25,IV,IV/E66.25.md,Obésité (extrême) avec hypoventilation alvéolaire de l'adulte avec indice de masse corporelle [IMC] égal ou supérieur à 35 kg/m² et inférieur à 40 kg/m²,true,false,true,false,false,0,codable,OWL_ANS,emissible,1145
E66.26,IV,IV/E66.26.md,Obésité (extrême) avec hypoventilation alvéolaire de l'adulte avec indice de masse corporelle [IMC] égal ou supérieur à 40 kg/m² et inférieur à 50 kg/m²,true,false,true,false,false,0,codable,OWL_ANS,emissible,1145
E66.27,IV,IV/E66.27.md,Obésité (extrême) avec hypoventilation alvéolaire de l'adulte avec indice de masse corporelle [IMC] égal ou supérieur à 50 kg/m²,true,false,true,false,false,0,codable,OWL_ANS,emissible,1121
E66.29,IV,IV/E66.29.md,"Obésité (extrême) avec hypoventilation alvéolaire de l'adulte, avec indice de masse corporelle [IMC] non précisé",true,false,true,false,false,0,codable,OWL_ANS,emissible,1105
E66.83,IV,IV/E66.83.md,Autres surpoids de l'adulte ou de l'enfant,true,false,true,false,false,0,codable,OWL_ANS,emissible,1051
E66.84,IV,IV/E66.84.md,"Autres obésités de l'adulte avec indice de masse corporelle [IMC] égal ou supérieur à 30 kg/m² et inférieur à 35 kg/m², ou autres obésités de l'enfant",true,false,true,false,false,0,codable,OWL_ANS,emissible,1159
E66.85,IV,IV/E66.85.md,Autres obésités de l'adulte avec indice de masse corporelle [IMC] égal ou supérieur à 35 kg/m² et inférieur à 40 kg/m²,true,false,true,false,false,0,codable,OWL_ANS,emissible,1127
E66.86,IV,IV/E66.86.md,Autres obésités de l'adulte avec indice de masse corporelle [IMC] égal ou supérieur à 40 kg/m² et inférieur à 50 kg/m²,true,false,true,false,false,0,codable,OWL_ANS,emissible,1127
E66.87,IV,IV/E66.87.md,Autres obésités de l'adulte avec indice de masse corporelle [IMC] égal ou supérieur à 50 kg/m²,true,false,true,false,false,0,codable,OWL_ANS,emissible,1103
E66.89,IV,IV/E66.89.md,"Autres obésités de l'adulte, indice de masse corporelle [IMC] non précisé",true,false,true,false,false,0,codable,OWL_ANS,emissible,1082
E66.93,IV,IV/E66.93.md,"Surpoids de l'adulte ou de l'enfant, sans précision",false,false,true,false,false,0,codable,OWL_ANS,emissible,906
E66.94,IV,IV/E66.94.md,"Obésité sans précision, de l'adulte avec indice de masse corporelle [IMC] égal ou supérieur à 30 kg/m² et inférieur à 35 kg/m², ou obésité sans précision de l'enfant",false,false,true,false,false,0,codable,OWL_ANS,emissible,1020
E66.95,IV,IV/E66.95.md,"Obésité sans précision, de l'adulte avec indice de masse corporelle [IMC] égal ou supérieur à 35 kg/m² et inférieur à 40 kg/m²",false,false,true,false,false,0,codable,OWL_ANS,emissible,981
E66.96,IV,IV/E66.96.md,"Obésité sans précision, de l'adulte avec indice de masse corporelle [IMC] égal ou supérieur à 40 kg/m² et inférieur à 50 kg/m²",false,false,true,false,false,0,codable,OWL_ANS,emissible,981
E66.97,IV,IV/E66.97.md,"Obésité sans précision, de l'adulte avec indice de masse corporelle [IMC] égal ou supérieur à 50 kg/m²",false,false,true,false,false,0,codable,OWL_ANS,emissible,957
E66.99,IV,IV/E66.99.md,"Obésité sans précision, de l'adulte, indice de masse corporelle [IMC] non précisé",false,false,true,false,false,0,codable,OWL_ANS,emissible,936
E67.0,IV,IV/E67.0.md,Hypervitaminose A,false,false,true,false,false,0,codable,OWL_ANS,emissible,801
E67.1,IV,IV/E67.1.md,Hypercaroténémie,false,false,true,false,true,0,codable,OWL_ANS,emissible,853
E67.2,IV,IV/E67.2.md,Syndrome d'hypervitaminose B_6,false,false,true,false,false,0,codable,OWL_ANS,emissible,814
E67.3,IV,IV/E67.3.md,Hypervitaminose D,false,false,true,false,false,0,codable,OWL_ANS,emissible,801
E67.8,IV,IV/E67.8.md,Autres excès précisés d'apport,false,false,true,false,false,0,codable,OWL_ANS,emissible,987
E68,IV,IV/E68.md,Séquelles d'excès d'apport,false,false,true,true,true,4,interdit_dp,OWL_ANS,emissible,1472
E70.0,IV,IV/E70.0.md,Phénylcétonurie classique,false,false,true,false,true,0,codable,OWL_ANS,emissible,1183
E70.1,IV,IV/E70.1.md,Autres hyperphénylalaninémies,false,false,true,false,true,0,codable,OWL_ANS,emissible,1130
E70.2,IV,IV/E70.2.md,Anomalies du métabolisme de la tyrosine,true,false,true,false,true,0,codable,OWL_ANS,emissible,1586
E70.3,IV,IV/E70.3.md,Albinisme,true,false,true,false,true,0,codable,OWL_ANS,emissible,1543
E70.8,IV,IV/E70.8.md,Autres anomalies du métabolisme des acides aminés aromatiques,true,false,true,false,true,0,codable,OWL_ANS,emissible,1534
E70.9,IV,IV/E70.9.md,"Anomalies du métabolisme des acides aminés aromatiques, sans précision",false,false,true,false,false,0,codable,OWL_ANS,emissible,1019
E71.0,IV,IV/E71.0.md,Maladie des urines à odeur de sirop d'érable,false,false,true,false,true,0,codable,OWL_ANS,emissible,1379
E71.1,IV,IV/E71.1.md,Autres anomalies du métabolisme des acides aminés à chaine ramifiée,true,false,true,false,true,0,codable,OWL_ANS,emissible,1886
E71.2,IV,IV/E71.2.md,"Anomalie du métabolisme des acides aminés à chaine ramifiée, sans précision",false,false,true,false,true,0,codable,OWL_ANS,emissible,1133
E71.3,IV,IV/E71.3.md,Anomalie du métabolisme des acides gras,true,false,true,false,true,0,codable,OWL_ANS,emissible,2067
E72.0,IV,IV/E72.0.md,Anomalies du transport des acides aminés,true,false,true,false,true,0,codable,OWL_ANS,emissible,2157
E72.1,IV,IV/E72.1.md,Anomalies du métabolisme des acides aminés soufrés,true,false,true,false,true,0,codable,OWL_ANS,emissible,2282
E72.2,IV,IV/E72.2.md,Anomalies du cycle de l'uréogenèse,true,false,true,false,true,0,codable,OWL_ANS,emissible,2162
E72.3,IV,IV/E72.3.md,Anomalies du métabolisme de la lysine et de l'hydroxylysine,true,false,true,false,true,0,codable,OWL_ANS,emissible,1730
E72.4,IV,IV/E72.4.md,Anomalies du métabolisme de l'ornithine,true,false,true,false,true,0,codable,OWL_ANS,emissible,1695
E72.5,IV,IV/E72.5.md,Anomalies du métabolisme de la glycine,true,false,true,false,true,0,codable,OWL_ANS,emissible,1652
E72.8,IV,IV/E72.8.md,Autres anomalies précisées du métabolisme des acides aminés,true,false,true,false,true,0,codable,OWL_ANS,emissible,2507
E72.9,IV,IV/E72.9.md,"Anomalie du métabolisme des acides aminés, sans précision",false,false,true,false,true,0,codable,OWL_ANS,emissible,1526
E73.0,IV,IV/E73.0.md,Déficit congénital en lactase,false,false,true,false,true,0,codable,OWL_ANS,emissible,1057
E73.1,IV,IV/E73.1.md,Déficit secondaire en lactase,false,false,true,false,false,0,codable,OWL_ANS,emissible,978
E73.8,IV,IV/E73.8.md,Autres intolérances au lactose,false,false,true,false,false,0,codable,OWL_ANS,emissible,1104
E73.9,IV,IV/E73.9.md,"Intolérance au lactose, sans précision",false,false,true,false,true,0,codable,OWL_ANS,emissible,1123
E74.0,IV,IV/E74.0.md,Thésaurismose glycogénique,true,false,true,false,true,0,codable,OWL_ANS,emissible,2458
E74.1,IV,IV/E74.1.md,Anomalies du métabolisme du fructose,true,false,true,false,true,0,codable,OWL_ANS,emissible,1483
E74.2,IV,IV/E74.2.md,Anomalies du métabolisme du galactose,true,false,true,false,true,0,codable,OWL_ANS,emissible,1549
E74.3,IV,IV/E74.3.md,Autres anomalies de l'absorption intestinale des hydrates de carbone,true,false,true,false,true,0,codable,OWL_ANS,emissible,1704
E74.4,IV,IV/E74.4.md,Anomalies du métabolisme du pyruvate et de la gluconéogenèse,true,false,true,false,true,0,codable,OWL_ANS,emissible,1755
E74.8,IV,IV/E74.8.md,Autres anomalies précisées du métabolisme des hydrates de carbone,true,false,true,false,true,0,codable,OWL_ANS,emissible,2127
E74.9,IV,IV/E74.9.md,"Anomalie du métabolisme des hydrates de carbone, sans précision",false,false,true,false,true,0,codable,OWL_ANS,emissible,1329
E75.0,IV,IV/E75.0.md,Gangliosidose GM_2,true,false,true,false,true,0,codable,OWL_ANS,emissible,1576
E75.1,IV,IV/E75.1.md,Autres gangliosidoses,true,false,true,false,true,0,codable,OWL_ANS,emissible,1523
E75.2,IV,IV/E75.2.md,Autres sphingolipidoses,true,false,true,false,true,0,codable,OWL_ANS,emissible,2485
E75.3,IV,IV/E75.3.md,"Sphingolipidose, sans précision",false,false,true,false,true,0,codable,OWL_ANS,emissible,1171
E75.4,IV,IV/E75.4.md,Lipofuscinose à céroïdes neuronaux,true,false,true,false,true,0,codable,OWL_ANS,emissible,2511
E75.5,IV,IV/E75.5.md,Autres anomalies du stockage des lipides,true,false,true,false,true,0,codable,OWL_ANS,emissible,1731
E75.6,IV,IV/E75.6.md,"Anomalie du stockage des lipides, sans précision",false,false,true,false,true,0,codable,OWL_ANS,emissible,1438
E76.0,IV,IV/E76.0.md,"Mucopolysaccharidose, type I",true,false,true,false,true,0,codable,OWL_ANS,emissible,1698
E76.1,IV,IV/E76.1.md,"Mucopolysaccharidose, type II",true,false,true,false,true,0,codable,OWL_ANS,emissible,1224
E76.2,IV,IV/E76.2.md,Autres mucopolysaccharidoses,true,false,true,false,true,0,codable,OWL_ANS,emissible,1892
E76.3,IV,IV/E76.3.md,"Mucopolysaccharidose, sans précision",false,false,true,false,true,0,codable,OWL_ANS,emissible,1205
E76.8,IV,IV/E76.8.md,Autres anomalies du métabolisme des glucosaminoglycanes,false,false,true,false,false,0,codable,OWL_ANS,emissible,1218
E76.9,IV,IV/E76.9.md,"Anomalie du métabolisme des glucosaminoglycanes, sans précision",false,false,true,false,false,0,codable,OWL_ANS,emissible,1012
E77.0,IV,IV/E77.0.md,Défauts de la transformation posttraductionnelle des enzymes lysosomiaux,true,false,true,false,true,0,codable,OWL_ANS,emissible,1428
E77.1,IV,IV/E77.1.md,Défauts de la dégradation des glycoprotéines,true,false,true,false,true,0,codable,OWL_ANS,emissible,1472
E77.8,IV,IV/E77.8.md,Autres anomalies du métabolisme des glycoprotéines,false,false,true,false,true,0,codable,OWL_ANS,emissible,1623
E77.9,IV,IV/E77.9.md,"Anomalie du métabolisme des glycoprotéines, sans précision",false,false,true,false,true,0,codable,OWL_ANS,emissible,1086
E78.0,IV,IV/E78.0.md,Hypercholestérolémie essentielle,true,false,true,false,true,0,codable,OWL_ANS,emissible,1876
E78.1,IV,IV/E78.1.md,Hyperglycéridémie essentielle,true,false,true,false,true,0,codable,OWL_ANS,emissible,1633
E78.2,IV,IV/E78.2.md,Hyperlipidémie mixte,true,false,true,false,true,0,codable,OWL_ANS,emissible,2128
E78.3,IV,IV/E78.3.md,Hyperchylomicronémie,true,false,true,false,true,0,codable,OWL_ANS,emissible,1633
E78.4,IV,IV/E78.4.md,Autres hyperlipidémies,true,false,true,false,true,0,codable,OWL_ANS,emissible,1280
E78.5,IV,IV/E78.5.md,"Hyperlipidémie, sans précision",false,false,true,false,true,0,codable,OWL_ANS,emissible,1255
E78.6,IV,IV/E78.6.md,Déficit en lipoprotéines,true,false,true,false,true,0,codable,OWL_ANS,emissible,1869
E78.8,IV,IV/E78.8.md,Autres anomalies du métabolisme des lipoprotéines,false,false,true,false,true,0,codable,OWL_ANS,emissible,1845
E78.9,IV,IV/E78.9.md,"Anomalie du métabolisme des lipoprotéines, sans précision",false,false,true,false,true,0,codable,OWL_ANS,emissible,1509
E79.0,IV,IV/E79.0.md,Hyperuricémie sans signes d'arthrite inflammatoire et de maladie tophacée,true,false,true,false,true,0,codable,OWL_ANS,emissible,1410
E79.1,IV,IV/E79.1.md,Syndrome de Lesch–Nyhan,false,false,true,false,true,0,codable,OWL_ANS,emissible,1463
E79.8,IV,IV/E79.8.md,Autres anomalies du métabolisme de la purine et de la pyrimidine,true,false,true,false,true,0,codable,OWL_ANS,emissible,1948
E79.9,IV,IV/E79.9.md,"Anomalie du métabolisme de la purine et de la pyrimidine, sans précision",false,false,true,false,false,0,codable,OWL_ANS,emissible,1197
E80.0,IV,IV/E80.0.md,Porphyrie érythropoïétique héréditaire,true,false,true,false,true,0,codable,OWL_ANS,emissible,1497
E80.1,IV,IV/E80.1.md,Porphyrie cutanée tardive,true,false,true,false,true,0,codable,OWL_ANS,emissible,1236
E80.2,IV,IV/E80.2.md,Autres porphyries,true,false,true,false,true,0,codable,OWL_ANS,emissible,1590
E80.3,IV,IV/E80.3.md,Déficit en catalase et en peroxydase,true,false,true,false,true,0,codable,OWL_ANS,emissible,1261
E80.4,IV,IV/E80.4.md,Syndrome de Gilbert,true,false,true,false,true,0,codable,OWL_ANS,emissible,1139
E80.5,IV,IV/E80.5.md,Maladie de Crigler-Najjar,true,false,true,false,true,0,codable,OWL_ANS,emissible,1260
E80.6,IV,IV/E80.6.md,Autres anomalies du métabolisme de la bilirubine,true,false,true,false,true,0,codable,OWL_ANS,emissible,1648
E80.7,IV,IV/E80.7.md,"Anomalie du métabolisme de la bilirubine, sans précision",true,false,true,false,false,0,codable,OWL_ANS,emissible,1118
E83.0,IV,IV/E83.0.md,Anomalies du métabolisme du cuivre,true,false,true,false,true,0,codable,OWL_ANS,emissible,1957
E83.1,IV,IV/E83.1.md,Anomalies du métabolisme du fer,true,false,true,false,true,0,codable,OWL_ANS,emissible,2004
E83.2,IV,IV/E83.2.md,Anomalies du métabolisme du zinc,true,false,true,false,false,0,codable,OWL_ANS,emissible,1253
E83.3,IV,IV/E83.3.md,Anomalies du métabolisme du phosphore et des phosphatases,true,false,true,false,true,0,codable,OWL_ANS,emissible,2154
E83.4,IV,IV/E83.4.md,Anomalies du métabolisme du magnésium,true,false,true,false,true,0,codable,OWL_ANS,emissible,1395
E83.50,IV,IV/E83.50.md,Hypercalcémie supérieure à 3 millimoles [mmol] par litre,true,false,true,false,false,0,codable,OWL_ANS,emissible,1406
E83.51,IV,IV/E83.51.md,"Hypocalcémie inférieure à 1,5 millimoles [mmol] par litre",true,false,true,false,false,0,codable,OWL_ANS,emissible,1407
E83.58,IV,IV/E83.58.md,"Anomalies du métabolisme du calcium, autres et sans précision",true,false,true,false,false,0,codable,OWL_ANS,emissible,1411
E83.8,IV,IV/E83.8.md,Autres anomalies du métabolisme des minéraux,false,false,true,false,true,0,codable,OWL_ANS,emissible,1621
E83.9,IV,IV/E83.9.md,"Anomalie du métabolisme des minéraux, sans précision",false,false,true,false,true,0,codable,OWL_ANS,emissible,1307
E84.0,IV,IV/E84.0.md,Fibrose kystique du pancréas avec manifestations pulmonaires,true,false,true,false,true,0,codable,OWL_ANS,emissible,1166
E84.1,IV,IV/E84.1.md,Fibrose kystique du pancréas avec manifestations intestinales,true,false,true,false,true,0,codable,OWL_ANS,emissible,1364
E84.8,IV,IV/E84.8.md,Fibrose kystique du pancréas avec autres manifestations,true,false,true,false,true,0,codable,OWL_ANS,emissible,1546
E84.9,IV,IV/E84.9.md,"Fibrose kystique du pancréas, sans précision",true,false,true,false,true,0,codable,OWL_ANS,emissible,1201
E85.0,IV,IV/E85.0.md,Amylose hérédofamiliale non neuropathique,true,false,true,false,true,0,codable,OWL_ANS,emissible,1876
E85.1,IV,IV/E85.1.md,Amylose hérédofamiliale neuropathique,true,false,true,false,true,0,codable,OWL_ANS,emissible,1607
E85.2,IV,IV/E85.2.md,"Amylose hérédofamiliale, sans précision",false,false,true,false,true,0,codable,OWL_ANS,emissible,1368
E85.3,IV,IV/E85.3.md,Amylose généralisée secondaire,true,false,true,false,true,0,codable,OWL_ANS,emissible,1659
E85.4,IV,IV/E85.4.md,Amylose limitée à un ou plusieurs organes,true,false,true,false,true,0,codable,OWL_ANS,emissible,1703
E85.8,IV,IV/E85.8.md,Autres amyloses,false,false,true,false,true,0,codable,OWL_ANS,emissible,1751
E85.9,IV,IV/E85.9.md,"Amylose, sans précision",false,false,true,false,true,0,codable,OWL_ANS,emissible,1286
E86,IV,IV/E86.md,Hypovolémie,true,false,true,false,true,0,codable,OWL_ANS,emissible,1822
E87.00,IV,IV/E87.00.md,Hypernatrémie supérieure à 150 millimoles [mmol] par litre,true,false,true,false,false,0,codable,OWL_ANS,emissible,1133
E87.08,IV,IV/E87.08.md,"Hyperosmolarités et hypernatrémies, autres et sans précision",true,false,true,false,false,0,codable,OWL_ANS,emissible,1135
E87.10,IV,IV/E87.10.md,Hyponatrémie inférieure à 120 millimoles [mmol] par litre,true,false,true,false,false,0,codable,OWL_ANS,emissible,1246
E87.18,IV,IV/E87.18.md,"Hypoosmolarités et hyponatrémies, autres et sans précision",true,false,true,false,false,0,codable,OWL_ANS,emissible,1247
E87.2,IV,IV/E87.2.md,Acidose,true,false,true,false,true,0,codable,OWL_ANS,emissible,1621
E87.3,IV,IV/E87.3.md,Alcalose,true,false,true,false,true,0,codable,OWL_ANS,emissible,1234
E87.4,IV,IV/E87.4.md,Anomalie mixte de l'équilibre acidobasique,false,false,true,false,true,0,codable,OWL_ANS,emissible,1172
E87.50,IV,IV/E87.50.md,"Hyperkaliémie supérieure à 6,5 millimoles [mmol] par litre",true,false,true,false,false,0,codable,OWL_ANS,emissible,1137
E87.58,IV,IV/E87.58.md,"Hyperkaliémies, autres et sans précision",true,false,true,false,false,0,codable,OWL_ANS,emissible,1119
E87.60,IV,IV/E87.60.md,"Hypokaliémie inférieure à 2,5 millimoles [mmol] par litre",true,false,true,false,false,0,codable,OWL_ANS,emissible,1111
E87.68,IV,IV/E87.68.md,"Hypokaliémies, autres et sans précision",true,false,true,false,false,0,codable,OWL_ANS,emissible,1093
E87.7,IV,IV/E87.7.md,Surcharge liquidienne,false,false,true,false,true,0,codable,OWL_ANS,emissible,1479
E87.8,IV,IV/E87.8.md,"Autres déséquilibres hydroélectrolytiques, non classés ailleurs",true,false,true,false,true,0,codable,OWL_ANS,emissible,1871
E88.0,IV,IV/E88.0.md,"Anomalies du métabolisme des protéines plasmatiques, non classées ailleurs",true,false,true,false,true,0,codable,OWL_ANS,emissible,2192
E88.1,IV,IV/E88.1.md,"Lipodystrophie, non classée ailleurs",true,false,true,false,true,0,codable,OWL_ANS,emissible,1635
E88.2,IV,IV/E88.2.md,"Lipomatose, non classée ailleurs",true,false,true,false,true,0,codable,OWL_ANS,emissible,1412
E88.3,IV,IV/E88.3.md,Syndrome de lyse tumorale,true,false,true,false,true,0,codable,OWL_ANS,emissible,1439
E88.8,IV,IV/E88.8.md,Autres anomalies métaboliques précisées,true,false,true,false,true,0,codable,OWL_ANS,emissible,2486
E88.9,IV,IV/E88.9.md,"Anomalie métabolique, sans précision",false,false,true,false,true,1,interdit_dp_dr,OWL_ANS,emissible,1387
E89.0,IV,IV/E89.0.md,Hypothyroïdie après un acte à visée diagnostique et thérapeutique,true,false,true,false,true,0,codable,OWL_ANS,emissible,1806
E89.1,IV,IV/E89.1.md,Hypo-insulinémie après un acte à visée diagnostique et thérapeutique,true,false,true,false,true,0,codable,OWL_ANS,emissible,1367
E89.2,IV,IV/E89.2.md,Hypoparathyroïdie après un acte à visée diagnostique et thérapeutique,true,false,true,false,true,0,codable,OWL_ANS,emissible,1287
E89.3,IV,IV/E89.3.md,Hypopituitarisme après un acte à visée diagnostique et thérapeutique,true,false,true,false,true,0,codable,OWL_ANS,emissible,1751
E89.4,IV,IV/E89.4.md,Insuffisance ovarienne après un acte à visée diagnostique et thérapeutique,false,false,true,false,true,0,codable,OWL_ANS,emissible,1211
E89.5,IV,IV/E89.5.md,Hypofonctionnement testiculaire après un acte à visée diagnostique et thérapeutique,false,false,true,false,true,0,codable,OWL_ANS,emissible,1414
E89.6,IV,IV/E89.6.md,Hypofonctionnement surrénal (de la corticale) (de la médullaire) après un acte à visée diagnostique et thérapeutique,false,false,true,false,true,0,codable,OWL_ANS,emissible,1640
E89.8,IV,IV/E89.8.md,Autres anomalies endocriniennes et métaboliques après un acte à visée diagnostique et thérapeutique,false,false,true,false,true,0,codable,OWL_ANS,emissible,2097
E89.9,IV,IV/E89.9.md,"Anomalie endocrinienne et métabolique après un acte à visée diagnostique et thérapeutique, sans précision",false,false,true,false,false,1,interdit_dp_dr,OWL_ANS,emissible,1056
E90,IV,IV/E90.md,Anomalies nutritionnelles et métaboliques au cours de maladies classées ailleurs,false,false,true,false,false,0,codable,OWL_ANS,emissible,1025
F00.0,V,V/F00.0.md,"Démence de la maladie d'Alzheimer, à début précoce ",true,false,true,false,false,0,codable,OWL_ANS,emissible,2742
F00.00,V,V/F00.00.md,"Démence de la maladie d'Alzheimer, à début précoce (G30.0)   - "" sans symptôme supplémentaire """,true,false,true,false,false,0,codable,OWL_ANS,emissible,2603
F00.000,V,V/F00.000.md,"Démence de la maladie d'Alzheimer, à début précoce (G30.0)   - ""sans symptôme supplémentaire"" - ""légère""",true,false,true,false,false,0,codable,OWL_ANS,emissible,2614
F00.001,V,V/F00.001.md,"Démence de la maladie d'Alzheimer, à début précoce (G30.0)   - ""sans symptôme supplémentaire"" - ""moyenne""",true,false,true,false,false,0,codable,OWL_ANS,emissible,2615
F00.002,V,V/F00.002.md,"Démence de la maladie d'Alzheimer, à début précoce (G30.0)   - ""sans symptôme supplémentaire"" - ""sévère""",true,false,true,false,false,0,codable,OWL_ANS,emissible,2614
F00.01,V,V/F00.01.md,"Démence de la maladie d'Alzheimer, à début précoce (G30.0)   - "" avec d’autres symptômes, essentiellement délirants """,true,false,true,false,false,0,codable,OWL_ANS,emissible,2625
F00.010,V,V/F00.010.md,"Démence de la maladie d'Alzheimer, à début précoce (G30.0)   - ""avec d’autres symptômes, essentiellement délirants"" - ""légère""",true,false,true,false,false,0,codable,OWL_ANS,emissible,2636
F00.011,V,V/F00.011.md,"Démence de la maladie d'Alzheimer, à début précoce (G30.0)   - ""avec d’autres symptômes, essentiellement délirants"" - ""moyenne""",true,false,true,false,false,0,codable,OWL_ANS,emissible,2637
F00.012,V,V/F00.012.md,"Démence de la maladie d'Alzheimer, à début précoce (G30.0)   - ""avec d’autres symptômes, essentiellement délirants"" - ""sévère""",true,false,true,false,false,0,codable,OWL_ANS,emissible,2636
F00.02,V,V/F00.02.md,"Démence de la maladie d'Alzheimer, à début précoce (G30.0)   - "" avec d’autres symptômes, essentiellement hallucinatoires """,true,false,true,false,false,0,codable,OWL_ANS,emissible,2631
F00.020,V,V/F00.020.md,"Démence de la maladie d'Alzheimer, à début précoce (G30.0)   - ""avec d’autres symptômes, essentiellement hallucinatoires"" - ""légère""",true,false,true,false,false,0,codable,OWL_ANS,emissible,2642
F00.021,V,V/F00.021.md,"Démence de la maladie d'Alzheimer, à début précoce (G30.0)   - ""avec d’autres symptômes, essentiellement hallucinatoires"" - ""moyenne""",true,false,true,false,false,0,codable,OWL_ANS,emissible,2643
F00.022,V,V/F00.022.md,"Démence de la maladie d'Alzheimer, à début précoce (G30.0)   - ""avec d’autres symptômes, essentiellement hallucinatoires"" - ""sévère""",true,false,true,false,false,0,codable,OWL_ANS,emissible,2642
F00.03,V,V/F00.03.md,"Démence de la maladie d'Alzheimer, à début précoce (G30.0)   - "" avec d’autres symptômes, essentiellement dépressifs """,true,false,true,false,false,0,codable,OWL_ANS,emissible,2626
F00.030,V,V/F00.030.md,"Démence de la maladie d'Alzheimer, à début précoce (G30.0)   - ""avec d’autres symptômes, essentiellement dépressifs"" - ""légère""",true,false,true,false,false,0,codable,OWL_ANS,emissible,2637
F00.031,V,V/F00.031.md,"Démence de la maladie d'Alzheimer, à début précoce (G30.0)   - ""avec d’autres symptômes, essentiellement dépressifs"" - ""moyenne""",true,false,true,false,false,0,codable,OWL_ANS,emissible,2638
F00.032,V,V/F00.032.md,"Démence de la maladie d'Alzheimer, à début précoce (G30.0)   - ""avec d’autres symptômes, essentiellement dépressifs"" - ""sévère""",true,false,true,false,false,0,codable,OWL_ANS,emissible,2637
F00.04,V,V/F00.04.md,"Démence de la maladie d'Alzheimer, à début précoce (G30.0)   - "" avec d’autres symptômes, mixtes """,true,false,true,false,false,0,codable,OWL_ANS,emissible,2606
F00.040,V,V/F00.040.md,"Démence de la maladie d'Alzheimer, à début précoce (G30.0)   - ""avec d’autres symptômes, mixtes"" - ""légère""",true,false,true,false,false,0,codable,OWL_ANS,emissible,2617
F00.041,V,V/F00.041.md,"Démence de la maladie d'Alzheimer, à début précoce (G30.0)   - ""avec d’autres symptômes, mixtes"" - ""moyenne""",true,false,true,false,false,0,codable,OWL_ANS,emissible,2618
F00.042,V,V/F00.042.md,"Démence de la maladie d'Alzheimer, à début précoce (G30.0)   - ""avec d’autres symptômes, mixtes"" - ""sévère""",true,false,true,false,false,0,codable,OWL_ANS,emissible,2617
F00.1,V,V/F00.1.md,"Démence de la maladie d'Alzheimer, à début tardif ",true,false,true,false,false,0,codable,OWL_ANS,emissible,2776
F00.10,V,V/F00.10.md,"Démence de la maladie d'Alzheimer, à début tardif (G30.1)   - "" sans symptôme supplémentaire """,true,false,true,false,false,0,codable,OWL_ANS,emissible,2603
F00.100,V,V/F00.100.md,"Démence de la maladie d'Alzheimer, à début tardif (G30.1)   - ""sans symptôme supplémentaire"" - ""légère""",true,false,true,false,false,0,codable,OWL_ANS,emissible,2614
F00.101,V,V/F00.101.md,"Démence de la maladie d'Alzheimer, à début tardif (G30.1)   - ""sans symptôme supplémentaire"" - ""moyenne""",true,false,true,false,false,0,codable,OWL_ANS,emissible,2615
F00.102,V,V/F00.102.md,"Démence de la maladie d'Alzheimer, à début tardif (G30.1)   - ""sans symptôme supplémentaire"" - ""sévère""",true,false,true,false,false,0,codable,OWL_ANS,emissible,2614
F00.11,V,V/F00.11.md,"Démence de la maladie d'Alzheimer, à début tardif (G30.1)   - "" avec d’autres symptômes, essentiellement délirants """,true,false,true,false,false,0,codable,OWL_ANS,emissible,2625
F00.110,V,V/F00.110.md,"Démence de la maladie d'Alzheimer, à début tardif (G30.1)   - ""avec d’autres symptômes, essentiellement délirants"" - ""légère""",true,false,true,false,false,0,codable,OWL_ANS,emissible,2636
F00.111,V,V/F00.111.md,"Démence de la maladie d'Alzheimer, à début tardif (G30.1)   - ""avec d’autres symptômes, essentiellement délirants"" - ""moyenne""",true,false,true,false,false,0,codable,OWL_ANS,emissible,2637
F00.112,V,V/F00.112.md,"Démence de la maladie d'Alzheimer, à début tardif (G30.1)   - ""avec d’autres symptômes, essentiellement délirants"" - ""sévère""",true,false,true,false,false,0,codable,OWL_ANS,emissible,2636
F00.12,V,V/F00.12.md,"Démence de la maladie d'Alzheimer, à début tardif (G30.1)   - "" avec d’autres symptômes, essentiellement hallucinatoires """,true,false,true,false,false,0,codable,OWL_ANS,emissible,2631
F00.120,V,V/F00.120.md,"Démence de la maladie d'Alzheimer, à début tardif (G30.1)   - ""avec d’autres symptômes, essentiellement hallucinatoires"" - ""légère""",true,false,true,false,false,0,codable,OWL_ANS,emissible,2642
F00.121,V,V/F00.121.md,"Démence de la maladie d'Alzheimer, à début tardif (G30.1)   - ""avec d’autres symptômes, essentiellement hallucinatoires"" - ""moyenne""",true,false,true,false,false,0,codable,OWL_ANS,emissible,2643
F00.122,V,V/F00.122.md,"Démence de la maladie d'Alzheimer, à début tardif (G30.1)   - ""avec d’autres symptômes, essentiellement hallucinatoires"" - ""sévère""",true,false,true,false,false,0,codable,OWL_ANS,emissible,2642
F00.13,V,V/F00.13.md,"Démence de la maladie d'Alzheimer, à début tardif (G30.1)   - "" avec d’autres symptômes, essentiellement dépressifs """,true,false,true,false,false,0,codable,OWL_ANS,emissible,2626
F00.130,V,V/F00.130.md,"Démence de la maladie d'Alzheimer, à début tardif (G30.1)   - ""avec d’autres symptômes, essentiellement dépressifs"" - ""légère""",true,false,true,false,false,0,codable,OWL_ANS,emissible,2637
F00.131,V,V/F00.131.md,"Démence de la maladie d'Alzheimer, à début tardif (G30.1)   - ""avec d’autres symptômes, essentiellement dépressifs"" - ""moyenne""",true,false,true,false,false,0,codable,OWL_ANS,emissible,2638
F00.132,V,V/F00.132.md,"Démence de la maladie d'Alzheimer, à début tardif (G30.1)   - ""avec d’autres symptômes, essentiellement dépressifs"" - ""sévère""",true,false,true,false,false,0,codable,OWL_ANS,emissible,2637
F00.14,V,V/F00.14.md,"Démence de la maladie d'Alzheimer, à début tardif (G30.1)   - "" avec d’autres symptômes, mixtes """,true,false,true,false,false,0,codable,OWL_ANS,emissible,2606
F00.140,V,V/F00.140.md,"Démence de la maladie d'Alzheimer, à début tardif (G30.1)   - ""avec d’autres symptômes, mixtes"" - ""légère""",true,false,true,false,false,0,codable,OWL_ANS,emissible,2617
F00.141,V,V/F00.141.md,"Démence de la maladie d'Alzheimer, à début tardif (G30.1)   - ""avec d’autres symptômes, mixtes"" - ""moyenne""",true,false,true,false,false,0,codable,OWL_ANS,emissible,2618
F00.142,V,V/F00.142.md,"Démence de la maladie d'Alzheimer, à début tardif (G30.1)   - ""avec d’autres symptômes, mixtes"" - ""sévère""",true,false,true,false,false,0,codable,OWL_ANS,emissible,2617
F00.2,V,V/F00.2.md,"Démence de la maladie d'Alzheimer, forme atypique ou mixte ",true,false,true,false,false,0,codable,OWL_ANS,emissible,2445
F00.20,V,V/F00.20.md,"Démence de la maladie d'Alzheimer, forme atypique ou mixte (G30.8)   - "" sans symptôme supplémentaire """,true,false,true,false,false,0,codable,OWL_ANS,emissible,2515
F00.200,V,V/F00.200.md,"Démence de la maladie d'Alzheimer, forme atypique ou mixte (G30.8)   - ""sans symptôme supplémentaire"" - ""légère""",true,false,true,false,false,0,codable,OWL_ANS,emissible,2526
F00.201,V,V/F00.201.md,"Démence de la maladie d'Alzheimer, forme atypique ou mixte (G30.8)   - ""sans symptôme supplémentaire"" - ""moyenne""",true,false,true,false,false,0,codable,OWL_ANS,emissible,2527
F00.202,V,V/F00.202.md,"Démence de la maladie d'Alzheimer, forme atypique ou mixte (G30.8)   - ""sans symptôme supplémentaire"" - ""sévère""",true,false,true,false,false,0,codable,OWL_ANS,emissible,2526
F00.21,V,V/F00.21.md,"Démence de la maladie d'Alzheimer, forme atypique ou mixte (G30.8)   - "" avec d’autres symptômes, essentiellement délirants """,true,false,true,false,false,0,codable,OWL_ANS,emissible,2537
F00.210,V,V/F00.210.md,"Démence de la maladie d'Alzheimer, forme atypique ou mixte (G30.8)   - ""avec d’autres symptômes, essentiellement délirants"" - ""légère""",true,false,true,false,false,0,codable,OWL_ANS,emissible,2548
F00.211,V,V/F00.211.md,"Démence de la maladie d'Alzheimer, forme atypique ou mixte (G30.8)   - ""avec d’autres symptômes, essentiellement délirants"" - ""moyenne""",true,false,true,false,false,0,codable,OWL_ANS,emissible,2549
F00.212,V,V/F00.212.md,"Démence de la maladie d'Alzheimer, forme atypique ou mixte (G30.8)   - ""avec d’autres symptômes, essentiellement délirants"" - ""sévère""",true,false,true,false,false,0,codable,OWL_ANS,emissible,2548
F00.22,V,V/F00.22.md,"Démence de la maladie d'Alzheimer, forme atypique ou mixte (G30.8)   - "" avec d’autres symptômes, essentiellement hallucinatoires """,true,false,true,false,false,0,codable,OWL_ANS,emissible,2543
F00.220,V,V/F00.220.md,"Démence de la maladie d'Alzheimer, forme atypique ou mixte (G30.8)   - ""avec d’autres symptômes, essentiellement hallucinatoires"" - ""légère""",true,false,true,false,false,0,codable,OWL_ANS,emissible,2554
F00.221,V,V/F00.221.md,"Démence de la maladie d'Alzheimer, forme atypique ou mixte (G30.8)   - ""avec d’autres symptômes, essentiellement hallucinatoires"" - ""moyenne""",true,false,true,false,false,0,codable,OWL_ANS,emissible,2555
F00.222,V,V/F00.222.md,"Démence de la maladie d'Alzheimer, forme atypique ou mixte (G30.8)   - ""avec d’autres symptômes, essentiellement hallucinatoires"" - ""sévère""",true,false,true,false,false,0,codable,OWL_ANS,emissible,2554
F00.23,V,V/F00.23.md,"Démence de la maladie d'Alzheimer, forme atypique ou mixte (G30.8)   - "" avec d’autres symptômes, essentiellement dépressifs """,true,false,true,false,false,0,codable,OWL_ANS,emissible,2538
F00.230,V,V/F00.230.md,"Démence de la maladie d'Alzheimer, forme atypique ou mixte (G30.8)   - ""avec d’autres symptômes, essentiellement dépressifs"" - ""légère""",true,false,true,false,false,0,codable,OWL_ANS,emissible,2549
F00.231,V,V/F00.231.md,"Démence de la maladie d'Alzheimer, forme atypique ou mixte (G30.8)   - ""avec d’autres symptômes, essentiellement dépressifs"" - ""moyenne""",true,false,true,false,false,0,codable,OWL_ANS,emissible,2550
F00.232,V,V/F00.232.md,"Démence de la maladie d'Alzheimer, forme atypique ou mixte (G30.8)   - ""avec d’autres symptômes, essentiellement dépressifs"" - ""sévère""",true,false,true,false,false,0,codable,OWL_ANS,emissible,2549
F00.24,V,V/F00.24.md,"Démence de la maladie d'Alzheimer, forme atypique ou mixte (G30.8)   - "" avec d’autres symptômes, mixtes """,true,false,true,false,false,0,codable,OWL_ANS,emissible,2518
F00.240,V,V/F00.240.md,"Démence de la maladie d'Alzheimer, forme atypique ou mixte (G30.8)   - ""avec d’autres symptômes, mixtes"" - ""légère""",true,false,true,false,false,0,codable,OWL_ANS,emissible,2529
F00.241,V,V/F00.241.md,"Démence de la maladie d'Alzheimer, forme atypique ou mixte (G30.8)   - ""avec d’autres symptômes, mixtes"" - ""moyenne""",true,false,true,false,false,0,codable,OWL_ANS,emissible,2530
F00.242,V,V/F00.242.md,"Démence de la maladie d'Alzheimer, forme atypique ou mixte (G30.8)   - ""avec d’autres symptômes, mixtes"" - ""sévère""",true,false,true,false,false,0,codable,OWL_ANS,emissible,2529
F00.9,V,V/F00.9.md,"Démence de la maladie d'Alzheimer, sans précision ",true,false,true,false,false,0,codable,OWL_ANS,emissible,2377
F00.90,V,V/F00.90.md,"Démence de la maladie d'Alzheimer, sans précision (G30.9)   - "" sans symptôme supplémentaire """,true,false,true,false,false,0,codable,OWL_ANS,emissible,2423
F00.900,V,V/F00.900.md,"Démence de la maladie d'Alzheimer, sans précision (G30.9)   - ""sans symptôme supplémentaire"" - ""légère""",true,false,true,false,false,0,codable,OWL_ANS,emissible,2434
F00.901,V,V/F00.901.md,"Démence de la maladie d'Alzheimer, sans précision (G30.9)   - ""sans symptôme supplémentaire"" - ""moyenne""",true,false,true,false,false,0,codable,OWL_ANS,emissible,2435
F00.902,V,V/F00.902.md,"Démence de la maladie d'Alzheimer, sans précision (G30.9)   - ""sans symptôme supplémentaire"" - ""sévère""",true,false,true,false,false,0,codable,OWL_ANS,emissible,2434
F00.91,V,V/F00.91.md,"Démence de la maladie d'Alzheimer, sans précision (G30.9)   - "" avec d’autres symptômes, essentiellement délirants """,true,false,true,false,false,0,codable,OWL_ANS,emissible,2445
F00.910,V,V/F00.910.md,"Démence de la maladie d'Alzheimer, sans précision (G30.9)   - ""avec d’autres symptômes, essentiellement délirants"" - ""légère""",true,false,true,false,false,0,codable,OWL_ANS,emissible,2456
F00.911,V,V/F00.911.md,"Démence de la maladie d'Alzheimer, sans précision (G30.9)   - ""avec d’autres symptômes, essentiellement délirants"" - ""moyenne""",true,false,true,false,false,0,codable,OWL_ANS,emissible,2457
F00.912,V,V/F00.912.md,"Démence de la maladie d'Alzheimer, sans précision (G30.9)   - ""avec d’autres symptômes, essentiellement délirants"" - ""sévère""",true,false,true,false,false,0,codable,OWL_ANS,emissible,2456
F00.92,V,V/F00.92.md,"Démence de la maladie d'Alzheimer, sans précision (G30.9)   - "" avec d’autres symptômes, essentiellement hallucinatoires """,true,false,true,false,false,0,codable,OWL_ANS,emissible,2451
F00.920,V,V/F00.920.md,"Démence de la maladie d'Alzheimer, sans précision (G30.9)   - ""avec d’autres symptômes, essentiellement hallucinatoires"" - ""légère""",true,false,true,false,false,0,codable,OWL_ANS,emissible,2462
F00.921,V,V/F00.921.md,"Démence de la maladie d'Alzheimer, sans précision (G30.9)   - ""avec d’autres symptômes, essentiellement hallucinatoires"" - ""moyenne""",true,false,true,false,false,0,codable,OWL_ANS,emissible,2463
F00.922,V,V/F00.922.md,"Démence de la maladie d'Alzheimer, sans précision (G30.9)   - ""avec d’autres symptômes, essentiellement hallucinatoires"" - ""sévère""",true,false,true,false,false,0,codable,OWL_ANS,emissible,2462
F00.93,V,V/F00.93.md,"Démence de la maladie d'Alzheimer, sans précision (G30.9)   - "" avec d’autres symptômes, essentiellement dépressifs """,true,false,true,false,false,0,codable,OWL_ANS,emissible,2446
F00.930,V,V/F00.930.md,"Démence de la maladie d'Alzheimer, sans précision (G30.9)   - ""avec d’autres symptômes, essentiellement dépressifs"" - ""légère""",true,false,true,false,false,0,codable,OWL_ANS,emissible,2457
F00.931,V,V/F00.931.md,"Démence de la maladie d'Alzheimer, sans précision (G30.9)   - ""avec d’autres symptômes, essentiellement dépressifs"" - ""moyenne""",true,false,true,false,false,0,codable,OWL_ANS,emissible,2458
F00.932,V,V/F00.932.md,"Démence de la maladie d'Alzheimer, sans précision (G30.9)   - ""avec d’autres symptômes, essentiellement dépressifs"" - ""sévère""",true,false,true,false,false,0,codable,OWL_ANS,emissible,2457
F00.94,V,V/F00.94.md,"Démence de la maladie d'Alzheimer, sans précision (G30.9)   - "" avec d’autres symptômes, mixtes """,true,false,true,false,false,0,codable,OWL_ANS,emissible,2426
F00.940,V,V/F00.940.md,"Démence de la maladie d'Alzheimer, sans précision (G30.9)   - ""avec d’autres symptômes, mixtes"" - ""légère""",true,false,true,false,false,0,codable,OWL_ANS,emissible,2437
F00.941,V,V/F00.941.md,"Démence de la maladie d'Alzheimer, sans précision (G30.9)   - ""avec d’autres symptômes, mixtes"" - ""moyenne""",true,false,true,false,false,0,codable,OWL_ANS,emissible,2438
F00.942,V,V/F00.942.md,"Démence de la maladie d'Alzheimer, sans précision (G30.9)   - ""avec d’autres symptômes, mixtes"" - ""sévère""",true,false,true,false,false,0,codable,OWL_ANS,emissible,2437
F01.0,V,V/F01.0.md,Démence vasculaire à début aigu,true,false,true,false,false,0,codable,OWL_ANS,emissible,2667
F01.00,V,V/F01.00.md,"Démence vasculaire à début aigu - "" sans symptôme supplémentaire """,true,false,true,false,false,0,codable,OWL_ANS,emissible,2464
F01.000,V,V/F01.000.md,"Démence vasculaire à début aigu - ""sans symptôme supplémentaire"" - ""légère""",true,false,true,true,false,0,codable,OWL_ANS,emissible,2722
F01.001,V,V/F01.001.md,"Démence vasculaire à début aigu - ""sans symptôme supplémentaire"" - ""moyenne""",true,false,true,true,false,0,codable,OWL_ANS,emissible,2723
F01.002,V,V/F01.002.md,"Démence vasculaire à début aigu - ""sans symptôme supplémentaire"" - ""sévère""",true,false,true,true,false,0,codable,OWL_ANS,emissible,2722
F01.01,V,V/F01.01.md,"Démence vasculaire à début aigu - "" avec d’autres symptômes, essentiellement délirants """,true,false,true,false,false,0,codable,OWL_ANS,emissible,2486
F01.010,V,V/F01.010.md,"Démence vasculaire à début aigu - ""avec d’autres symptômes, essentiellement délirants"" - ""légère""",true,false,true,true,false,0,codable,OWL_ANS,emissible,2744
F01.011,V,V/F01.011.md,"Démence vasculaire à début aigu - ""avec d’autres symptômes, essentiellement délirants"" - ""moyenne""",true,false,true,true,false,0,codable,OWL_ANS,emissible,2745
F01.012,V,V/F01.012.md,"Démence vasculaire à début aigu - ""avec d’autres symptômes, essentiellement délirants"" - ""sévère""",true,false,true,true,false,0,codable,OWL_ANS,emissible,2744
F01.02,V,V/F01.02.md,"Démence vasculaire à début aigu - "" avec d’autres symptômes, essentiellement hallucinatoires """,true,false,true,false,false,0,codable,OWL_ANS,emissible,2492
F01.020,V,V/F01.020.md,"Démence vasculaire à début aigu - ""avec d’autres symptômes, essentiellement hallucinatoires"" - ""légère""",true,false,true,true,false,0,codable,OWL_ANS,emissible,2750
F01.021,V,V/F01.021.md,"Démence vasculaire à début aigu - ""avec d’autres symptômes, essentiellement hallucinatoires"" - ""moyenne""",true,false,true,true,false,0,codable,OWL_ANS,emissible,2751
F01.022,V,V/F01.022.md,"Démence vasculaire à début aigu - ""avec d’autres symptômes, essentiellement hallucinatoires"" - ""sévère""",true,false,true,true,false,0,codable,OWL_ANS,emissible,2750
F01.03,V,V/F01.03.md,"Démence vasculaire à début aigu - "" avec d’autres symptômes, essentiellement dépressifs """,true,false,true,false,false,0,codable,OWL_ANS,emissible,2487
F01.030,V,V/F01.030.md,"Démence vasculaire à début aigu - ""avec d’autres symptômes, essentiellement dépressifs"" - ""légère""",true,false,true,true,false,0,codable,OWL_ANS,emissible,2745
F01.031,V,V/F01.031.md,"Démence vasculaire à début aigu - ""avec d’autres symptômes, essentiellement dépressifs"" - ""moyenne""",true,false,true,true,false,0,codable,OWL_ANS,emissible,2746
F01.032,V,V/F01.032.md,"Démence vasculaire à début aigu - ""avec d’autres symptômes, essentiellement dépressifs"" - ""sévère""",true,false,true,true,false,0,codable,OWL_ANS,emissible,2745
F01.04,V,V/F01.04.md,"Démence vasculaire à début aigu - "" avec d’autres symptômes, mixtes """,true,false,true,false,false,0,codable,OWL_ANS,emissible,2467
F01.040,V,V/F01.040.md,"Démence vasculaire à début aigu - ""avec d’autres symptômes, mixtes"" - ""légère""",true,false,true,true,false,0,codable,OWL_ANS,emissible,2725
F01.041,V,V/F01.041.md,"Démence vasculaire à début aigu - ""avec d’autres symptômes, mixtes"" - ""moyenne""",true,false,true,true,false,0,codable,OWL_ANS,emissible,2726
F01.042,V,V/F01.042.md,"Démence vasculaire à début aigu - ""avec d’autres symptômes, mixtes"" - ""sévère""",true,false,true,true,false,0,codable,OWL_ANS,emissible,2725
F01.1,V,V/F01.1.md,Démence vasculaire par infarctus multiples,true,false,true,false,true,0,codable,OWL_ANS,emissible,3024
F01.10,V,V/F01.10.md,"Démence vasculaire par infarctus multiples - "" sans symptôme supplémentaire """,true,false,true,false,false,0,codable,OWL_ANS,emissible,2512
F01.100,V,V/F01.100.md,"Démence vasculaire par infarctus multiples - ""sans symptôme supplémentaire"" - ""légère""",true,false,true,true,false,0,codable,OWL_ANS,emissible,2770
F01.101,V,V/F01.101.md,"Démence vasculaire par infarctus multiples - ""sans symptôme supplémentaire"" - ""moyenne""",true,false,true,true,false,0,codable,OWL_ANS,emissible,2771
F01.102,V,V/F01.102.md,"Démence vasculaire par infarctus multiples - ""sans symptôme supplémentaire"" - ""sévère""",true,false,true,true,false,0,codable,OWL_ANS,emissible,2770
F01.11,V,V/F01.11.md,"Démence vasculaire par infarctus multiples - "" avec d’autres symptômes, essentiellement délirants """,true,false,true,false,false,0,codable,OWL_ANS,emissible,2534
F01.110,V,V/F01.110.md,"Démence vasculaire par infarctus multiples - ""avec d’autres symptômes, essentiellement délirants"" - ""légère""",true,false,true,true,false,0,codable,OWL_ANS,emissible,2792
F01.111,V,V/F01.111.md,"Démence vasculaire par infarctus multiples - ""avec d’autres symptômes, essentiellement délirants"" - ""moyenne""",true,false,true,true,false,0,codable,OWL_ANS,emissible,2793
F01.112,V,V/F01.112.md,"Démence vasculaire par infarctus multiples - ""avec d’autres symptômes, essentiellement délirants"" - ""sévère""",true,false,true,true,false,0,codable,OWL_ANS,emissible,2792
F01.12,V,V/F01.12.md,"Démence vasculaire par infarctus multiples - "" avec d’autres symptômes, essentiellement hallucinatoires """,true,false,true,false,false,0,codable,OWL_ANS,emissible,2540
F01.120,V,V/F01.120.md,"Démence vasculaire par infarctus multiples - ""avec d’autres symptômes, essentiellement hallucinatoires"" - ""légère""",true,false,true,true,false,0,codable,OWL_ANS,emissible,2798
F01.121,V,V/F01.121.md,"Démence vasculaire par infarctus multiples - ""avec d’autres symptômes, essentiellement hallucinatoires"" - ""moyenne""",true,false,true,true,false,0,codable,OWL_ANS,emissible,2799
F01.122,V,V/F01.122.md,"Démence vasculaire par infarctus multiples - ""avec d’autres symptômes, essentiellement hallucinatoires"" - ""sévère""",true,false,true,true,false,0,codable,OWL_ANS,emissible,2798
F01.13,V,V/F01.13.md,"Démence vasculaire par infarctus multiples - "" avec d’autres symptômes, essentiellement dépressifs """,true,false,true,false,false,0,codable,OWL_ANS,emissible,2535
F01.130,V,V/F01.130.md,"Démence vasculaire par infarctus multiples - ""avec d’autres symptômes, essentiellement dépressifs"" - ""légère""",true,false,true,true,false,0,codable,OWL_ANS,emissible,2793
F01.131,V,V/F01.131.md,"Démence vasculaire par infarctus multiples - ""avec d’autres symptômes, essentiellement dépressifs"" - ""moyenne""",true,false,true,true,false,0,codable,OWL_ANS,emissible,2794
F01.132,V,V/F01.132.md,"Démence vasculaire par infarctus multiples - ""avec d’autres symptômes, essentiellement dépressifs"" - ""sévère""",true,false,true,true,false,0,codable,OWL_ANS,emissible,2793
F01.14,V,V/F01.14.md,"Démence vasculaire par infarctus multiples - "" avec d’autres symptômes, mixtes """,true,false,true,false,false,0,codable,OWL_ANS,emissible,2515
F01.140,V,V/F01.140.md,"Démence vasculaire par infarctus multiples - ""avec d’autres symptômes, mixtes"" - ""légère""",true,false,true,true,false,0,codable,OWL_ANS,emissible,2773
F01.141,V,V/F01.141.md,"Démence vasculaire par infarctus multiples - ""avec d’autres symptômes, mixtes"" - ""moyenne""",true,false,true,true,false,0,codable,OWL_ANS,emissible,2774
F01.142,V,V/F01.142.md,"Démence vasculaire par infarctus multiples - ""avec d’autres symptômes, mixtes"" - ""sévère""",true,false,true,true,false,0,codable,OWL_ANS,emissible,2773
F01.2,V,V/F01.2.md,Démence vasculaire souscorticale,true,false,true,false,true,0,codable,OWL_ANS,emissible,3039
F01.20,V,V/F01.20.md,"Démence vasculaire souscorticale - "" sans symptôme supplémentaire """,true,false,true,false,false,0,codable,OWL_ANS,emissible,2465
F01.200,V,V/F01.200.md,"Démence vasculaire souscorticale - ""sans symptôme supplémentaire"" - ""légère""",true,false,true,true,false,0,codable,OWL_ANS,emissible,2723
F01.201,V,V/F01.201.md,"Démence vasculaire souscorticale - ""sans symptôme supplémentaire"" - ""moyenne""",true,false,true,true,false,0,codable,OWL_ANS,emissible,2724
F01.202,V,V/F01.202.md,"Démence vasculaire souscorticale - ""sans symptôme supplémentaire"" - ""sévère""",true,false,true,true,false,0,codable,OWL_ANS,emissible,2723
F01.21,V,V/F01.21.md,"Démence vasculaire souscorticale - "" avec d’autres symptômes, essentiellement délirants """,true,false,true,false,false,0,codable,OWL_ANS,emissible,2487
F01.210,V,V/F01.210.md,"Démence vasculaire souscorticale - ""avec d’autres symptômes, essentiellement délirants"" - ""légère""",true,false,true,true,false,0,codable,OWL_ANS,emissible,2745
F01.211,V,V/F01.211.md,"Démence vasculaire souscorticale - ""avec d’autres symptômes, essentiellement délirants"" - ""moyenne""",true,false,true,true,false,0,codable,OWL_ANS,emissible,2746
F01.212,V,V/F01.212.md,"Démence vasculaire souscorticale - ""avec d’autres symptômes, essentiellement délirants"" - ""sévère""",true,false,true,true,false,0,codable,OWL_ANS,emissible,2745
F01.22,V,V/F01.22.md,"Démence vasculaire souscorticale - "" avec d’autres symptômes, essentiellement hallucinatoires """,true,false,true,false,false,0,codable,OWL_ANS,emissible,2493
F01.220,V,V/F01.220.md,"Démence vasculaire souscorticale - ""avec d’autres symptômes, essentiellement hallucinatoires"" - ""légère""",true,false,true,true,false,0,codable,OWL_ANS,emissible,2751
F01.221,V,V/F01.221.md,"Démence vasculaire souscorticale - ""avec d’autres symptômes, essentiellement hallucinatoires"" - ""moyenne""",true,false,true,true,false,0,codable,OWL_ANS,emissible,2752
F01.222,V,V/F01.222.md,"Démence vasculaire souscorticale - ""avec d’autres symptômes, essentiellement hallucinatoires"" - ""sévère""",true,false,true,true,false,0,codable,OWL_ANS,emissible,2751
F01.23,V,V/F01.23.md,"Démence vasculaire souscorticale - "" avec d’autres symptômes, essentiellement dépressifs """,true,false,true,false,false,0,codable,OWL_ANS,emissible,2488
F01.230,V,V/F01.230.md,"Démence vasculaire souscorticale - ""avec d’autres symptômes, essentiellement dépressifs"" - ""légère""",true,false,true,true,false,0,codable,OWL_ANS,emissible,2746
F01.231,V,V/F01.231.md,"Démence vasculaire souscorticale - ""avec d’autres symptômes, essentiellement dépressifs"" - ""moyenne""",true,false,true,true,false,0,codable,OWL_ANS,emissible,2747
F01.232,V,V/F01.232.md,"Démence vasculaire souscorticale - ""avec d’autres symptômes, essentiellement dépressifs"" - ""sévère""",true,false,true,true,false,0,codable,OWL_ANS,emissible,2746
F01.24,V,V/F01.24.md,"Démence vasculaire souscorticale - "" avec d’autres symptômes, mixtes """,true,false,true,false,false,0,codable,OWL_ANS,emissible,2468
F01.240,V,V/F01.240.md,"Démence vasculaire souscorticale - ""avec d’autres symptômes, mixtes"" - ""légère""",true,false,true,true,false,0,codable,OWL_ANS,emissible,2726
F01.241,V,V/F01.241.md,"Démence vasculaire souscorticale - ""avec d’autres symptômes, mixtes"" - ""moyenne""",true,false,true,true,false,0,codable,OWL_ANS,emissible,2727
F01.242,V,V/F01.242.md,"Démence vasculaire souscorticale - ""avec d’autres symptômes, mixtes"" - ""sévère""",true,false,true,true,false,0,codable,OWL_ANS,emissible,2726
F01.3,V,V/F01.3.md,"Démence vasculaire mixte, corticale et souscorticale",true,false,true,false,true,0,codable,OWL_ANS,emissible,2724
F01.30,V,V/F01.30.md,"Démence vasculaire mixte, corticale et souscorticale - "" sans symptôme supplémentaire """,true,false,true,false,false,0,codable,OWL_ANS,emissible,2485
F01.300,V,V/F01.300.md,"Démence vasculaire mixte, corticale et souscorticale - ""sans symptôme supplémentaire"" - ""légère""",true,false,true,true,false,0,codable,OWL_ANS,emissible,2743
F01.301,V,V/F01.301.md,"Démence vasculaire mixte, corticale et souscorticale - ""sans symptôme supplémentaire"" - ""moyenne""",true,false,true,true,false,0,codable,OWL_ANS,emissible,2744
F01.302,V,V/F01.302.md,"Démence vasculaire mixte, corticale et souscorticale - ""sans symptôme supplémentaire"" - ""sévère""",true,false,true,true,false,0,codable,OWL_ANS,emissible,2743
F01.31,V,V/F01.31.md,"Démence vasculaire mixte, corticale et souscorticale - "" avec d’autres symptômes, essentiellement délirants """,true,false,true,false,false,0,codable,OWL_ANS,emissible,2507
F01.310,V,V/F01.310.md,"Démence vasculaire mixte, corticale et souscorticale - ""avec d’autres symptômes, essentiellement délirants"" - ""légère""",true,false,true,true,false,0,codable,OWL_ANS,emissible,2765
F01.311,V,V/F01.311.md,"Démence vasculaire mixte, corticale et souscorticale - ""avec d’autres symptômes, essentiellement délirants"" - ""moyenne""",true,false,true,true,false,0,codable,OWL_ANS,emissible,2766
F01.312,V,V/F01.312.md,"Démence vasculaire mixte, corticale et souscorticale - ""avec d’autres symptômes, essentiellement délirants"" - ""sévère""",true,false,true,true,false,0,codable,OWL_ANS,emissible,2765
F01.32,V,V/F01.32.md,"Démence vasculaire mixte, corticale et souscorticale - "" avec d’autres symptômes, essentiellement hallucinatoires """,true,false,true,false,false,0,codable,OWL_ANS,emissible,2513
F01.320,V,V/F01.320.md,"Démence vasculaire mixte, corticale et souscorticale - ""avec d’autres symptômes, essentiellement hallucinatoires"" - ""légère""",true,false,true,true,false,0,codable,OWL_ANS,emissible,2771
F01.321,V,V/F01.321.md,"Démence vasculaire mixte, corticale et souscorticale - ""avec d’autres symptômes, essentiellement hallucinatoires"" - ""moyenne""",true,false,true,true,false,0,codable,OWL_ANS,emissible,2772
F01.322,V,V/F01.322.md,"Démence vasculaire mixte, corticale et souscorticale - ""avec d’autres symptômes, essentiellement hallucinatoires"" - ""sévère""",true,false,true,true,false,0,codable,OWL_ANS,emissible,2771
F01.33,V,V/F01.33.md,"Démence vasculaire mixte, corticale et souscorticale - "" avec d’autres symptômes, essentiellement dépressifs """,true,false,true,false,false,0,codable,OWL_ANS,emissible,2508
F01.330,V,V/F01.330.md,"Démence vasculaire mixte, corticale et souscorticale - ""avec d’autres symptômes, essentiellement dépressifs"" - ""légère""",true,false,true,true,false,0,codable,OWL_ANS,emissible,2766
F01.331,V,V/F01.331.md,"Démence vasculaire mixte, corticale et souscorticale - ""avec d’autres symptômes, essentiellement dépressifs"" - ""moyenne""",true,false,true,true,false,0,codable,OWL_ANS,emissible,2767
F01.332,V,V/F01.332.md,"Démence vasculaire mixte, corticale et souscorticale - ""avec d’autres symptômes, essentiellement dépressifs"" - ""sévère""",true,false,true,true,false,0,codable,OWL_ANS,emissible,2766
F01.34,V,V/F01.34.md,"Démence vasculaire mixte, corticale et souscorticale - "" avec d’autres symptômes, mixtes """,true,false,true,false,false,0,codable,OWL_ANS,emissible,2488
F01.340,V,V/F01.340.md,"Démence vasculaire mixte, corticale et souscorticale - ""avec d’autres symptômes, mixtes"" - ""légère""",true,false,true,true,false,0,codable,OWL_ANS,emissible,2746
F01.341,V,V/F01.341.md,"Démence vasculaire mixte, corticale et souscorticale - ""avec d’autres symptômes, mixtes"" - ""moyenne""",true,false,true,true,false,0,codable,OWL_ANS,emissible,2747
F01.342,V,V/F01.342.md,"Démence vasculaire mixte, corticale et souscorticale - ""avec d’autres symptômes, mixtes"" - ""sévère""",true,false,true,true,false,0,codable,OWL_ANS,emissible,2746
F01.8,V,V/F01.8.md,Autres formes de démence vasculaire,true,false,true,false,true,0,codable,OWL_ANS,emissible,3041
F01.80,V,V/F01.80.md,"Autres formes de démence vasculaire - "" sans symptôme supplémentaire """,true,false,true,false,false,0,codable,OWL_ANS,emissible,2468
F01.800,V,V/F01.800.md,"Autres formes de démence vasculaire - ""sans symptôme supplémentaire"" - ""légère""",true,false,true,true,false,0,codable,OWL_ANS,emissible,2726
F01.801,V,V/F01.801.md,"Autres formes de démence vasculaire - ""sans symptôme supplémentaire"" - ""moyenne""",true,false,true,true,false,0,codable,OWL_ANS,emissible,2727
F01.802,V,V/F01.802.md,"Autres formes de démence vasculaire - ""sans symptôme supplémentaire"" - ""sévère""",true,false,true,true,false,0,codable,OWL_ANS,emissible,2726
F01.81,V,V/F01.81.md,"Autres formes de démence vasculaire - "" avec d’autres symptômes, essentiellement délirants """,true,false,true,false,false,0,codable,OWL_ANS,emissible,2490
F01.810,V,V/F01.810.md,"Autres formes de démence vasculaire - ""avec d’autres symptômes, essentiellement délirants"" - ""légère""",true,false,true,true,false,0,codable,OWL_ANS,emissible,2748
F01.811,V,V/F01.811.md,"Autres formes de démence vasculaire - ""avec d’autres symptômes, essentiellement délirants"" - ""moyenne""",true,false,true,true,false,0,codable,OWL_ANS,emissible,2749
F01.812,V,V/F01.812.md,"Autres formes de démence vasculaire - ""avec d’autres symptômes, essentiellement délirants"" - ""sévère""",true,false,true,true,false,0,codable,OWL_ANS,emissible,2748
F01.82,V,V/F01.82.md,"Autres formes de démence vasculaire - "" avec d’autres symptômes, essentiellement hallucinatoires """,true,false,true,false,false,0,codable,OWL_ANS,emissible,2496
F01.820,V,V/F01.820.md,"Autres formes de démence vasculaire - ""avec d’autres symptômes, essentiellement hallucinatoires"" - ""légère""",true,false,true,true,false,0,codable,OWL_ANS,emissible,2754
F01.821,V,V/F01.821.md,"Autres formes de démence vasculaire - ""avec d’autres symptômes, essentiellement hallucinatoires"" - ""moyenne""",true,false,true,true,false,0,codable,OWL_ANS,emissible,2755
F01.822,V,V/F01.822.md,"Autres formes de démence vasculaire - ""avec d’autres symptômes, essentiellement hallucinatoires"" - ""sévère""",true,false,true,true,false,0,codable,OWL_ANS,emissible,2754
F01.83,V,V/F01.83.md,"Autres formes de démence vasculaire - "" avec d’autres symptômes, essentiellement dépressifs """,true,false,true,false,false,0,codable,OWL_ANS,emissible,2491
F01.830,V,V/F01.830.md,"Autres formes de démence vasculaire - ""avec d’autres symptômes, essentiellement dépressifs"" - ""légère""",true,false,true,true,false,0,codable,OWL_ANS,emissible,2749
F01.831,V,V/F01.831.md,"Autres formes de démence vasculaire - ""avec d’autres symptômes, essentiellement dépressifs"" - ""moyenne""",true,false,true,true,false,0,codable,OWL_ANS,emissible,2750
F01.832,V,V/F01.832.md,"Autres formes de démence vasculaire - ""avec d’autres symptômes, essentiellement dépressifs"" - ""sévère""",true,false,true,true,false,0,codable,OWL_ANS,emissible,2749
F01.84,V,V/F01.84.md,"Autres formes de démence vasculaire - "" avec d’autres symptômes, mixtes """,true,false,true,false,false,0,codable,OWL_ANS,emissible,2471
F01.840,V,V/F01.840.md,"Autres formes de démence vasculaire - ""avec d’autres symptômes, mixtes"" - ""légère""",true,false,true,true,false,0,codable,OWL_ANS,emissible,2729
F01.841,V,V/F01.841.md,"Autres formes de démence vasculaire - ""avec d’autres symptômes, mixtes"" - ""moyenne""",true,false,true,true,false,0,codable,OWL_ANS,emissible,2730
F01.842,V,V/F01.842.md,"Autres formes de démence vasculaire - ""avec d’autres symptômes, mixtes"" - ""sévère""",true,false,true,true,false,0,codable,OWL_ANS,emissible,2729
F01.9,V,V/F01.9.md,"Démence vasculaire, sans précision",true,false,true,false,true,0,codable,OWL_ANS,emissible,2831
F01.90,V,V/F01.90.md,"Démence vasculaire, sans précision - "" sans symptôme supplémentaire """,true,false,true,false,false,0,codable,OWL_ANS,emissible,2467
F01.900,V,V/F01.900.md,"Démence vasculaire, sans précision - ""sans symptôme supplémentaire"" - ""légère""",true,false,true,true,false,0,codable,OWL_ANS,emissible,2725
F01.901,V,V/F01.901.md,"Démence vasculaire, sans précision - ""sans symptôme supplémentaire"" - ""moyenne""",true,false,true,true,false,0,codable,OWL_ANS,emissible,2726
F01.902,V,V/F01.902.md,"Démence vasculaire, sans précision - ""sans symptôme supplémentaire"" - ""sévère""",true,false,true,true,false,0,codable,OWL_ANS,emissible,2725
F01.91,V,V/F01.91.md,"Démence vasculaire, sans précision - "" avec d’autres symptômes, essentiellement délirants """,true,false,true,false,false,0,codable,OWL_ANS,emissible,2489
F01.910,V,V/F01.910.md,"Démence vasculaire, sans précision - ""avec d’autres symptômes, essentiellement délirants"" - ""légère""",true,false,true,true,false,0,codable,OWL_ANS,emissible,2747
F01.911,V,V/F01.911.md,"Démence vasculaire, sans précision - ""avec d’autres symptômes, essentiellement délirants"" - ""moyenne""",true,false,true,true,false,0,codable,OWL_ANS,emissible,2748
F01.912,V,V/F01.912.md,"Démence vasculaire, sans précision - ""avec d’autres symptômes, essentiellement délirants"" - ""sévère""",true,false,true,true,false,0,codable,OWL_ANS,emissible,2747
F01.92,V,V/F01.92.md,"Démence vasculaire, sans précision - "" avec d’autres symptômes, essentiellement hallucinatoires """,true,false,true,false,false,0,codable,OWL_ANS,emissible,2495
F01.920,V,V/F01.920.md,"Démence vasculaire, sans précision - ""avec d’autres symptômes, essentiellement hallucinatoires"" - ""légère""",true,false,true,true,false,0,codable,OWL_ANS,emissible,2753
F01.921,V,V/F01.921.md,"Démence vasculaire, sans précision - ""avec d’autres symptômes, essentiellement hallucinatoires"" - ""moyenne""",true,false,true,true,false,0,codable,OWL_ANS,emissible,2754
F01.922,V,V/F01.922.md,"Démence vasculaire, sans précision - ""avec d’autres symptômes, essentiellement hallucinatoires"" - ""sévère""",true,false,true,true,false,0,codable,OWL_ANS,emissible,2753
F01.93,V,V/F01.93.md,"Démence vasculaire, sans précision - "" avec d’autres symptômes, essentiellement dépressifs """,true,false,true,false,false,0,codable,OWL_ANS,emissible,2490
F01.930,V,V/F01.930.md,"Démence vasculaire, sans précision - ""avec d’autres symptômes, essentiellement dépressifs"" - ""légère""",true,false,true,true,false,0,codable,OWL_ANS,emissible,2748
F01.931,V,V/F01.931.md,"Démence vasculaire, sans précision - ""avec d’autres symptômes, essentiellement dépressifs"" - ""moyenne""",true,false,true,true,false,0,codable,OWL_ANS,emissible,2749
F01.932,V,V/F01.932.md,"Démence vasculaire, sans précision - ""avec d’autres symptômes, essentiellement dépressifs"" - ""sévère""",true,false,true,true,false,0,codable,OWL_ANS,emissible,2748
F01.94,V,V/F01.94.md,"Démence vasculaire, sans précision - "" avec d’autres symptômes, mixtes """,true,false,true,false,false,0,codable,OWL_ANS,emissible,2470
F01.940,V,V/F01.940.md,"Démence vasculaire, sans précision - ""avec d’autres symptômes, mixtes"" - ""légère""",true,false,true,true,false,0,codable,OWL_ANS,emissible,2728
F01.941,V,V/F01.941.md,"Démence vasculaire, sans précision - ""avec d’autres symptômes, mixtes"" - ""moyenne""",true,false,true,true,false,0,codable,OWL_ANS,emissible,2729
F01.942,V,V/F01.942.md,"Démence vasculaire, sans précision - ""avec d’autres symptômes, mixtes"" - ""sévère""",true,false,true,true,false,0,codable,OWL_ANS,emissible,2728
F02.0,V,V/F02.0.md,Démence de la maladie de Pick ,true,false,true,false,false,0,codable,OWL_ANS,emissible,2711
F02.00,V,V/F02.00.md,"Démence de la maladie de Pick (G31.0)   - "" sans symptôme supplémentaire """,true,false,true,false,false,0,codable,OWL_ANS,emissible,2403
F02.000,V,V/F02.000.md,"Démence de la maladie de Pick (G31.0)   - ""sans symptôme supplémentaire"" - ""légère""",true,false,true,false,false,0,codable,OWL_ANS,emissible,2414
F02.001,V,V/F02.001.md,"Démence de la maladie de Pick (G31.0)   - ""sans symptôme supplémentaire"" - ""moyenne""",true,false,true,false,false,0,codable,OWL_ANS,emissible,2415
F02.002,V,V/F02.002.md,"Démence de la maladie de Pick (G31.0)   - ""sans symptôme supplémentaire"" - ""sévère""",true,false,true,false,false,0,codable,OWL_ANS,emissible,2414
F02.01,V,V/F02.01.md,"Démence de la maladie de Pick (G31.0)   - "" avec d’autres symptômes, essentiellement délirants """,true,false,true,false,false,0,codable,OWL_ANS,emissible,2425
F02.010,V,V/F02.010.md,"Démence de la maladie de Pick (G31.0)   - ""avec d’autres symptômes, essentiellement délirants"" - ""légère""",true,false,true,false,false,0,codable,OWL_ANS,emissible,2436
F02.011,V,V/F02.011.md,"Démence de la maladie de Pick (G31.0)   - ""avec d’autres symptômes, essentiellement délirants"" - ""moyenne""",true,false,true,false,false,0,codable,OWL_ANS,emissible,2437
F02.012,V,V/F02.012.md,"Démence de la maladie de Pick (G31.0)   - ""avec d’autres symptômes, essentiellement délirants"" - ""sévère""",true,false,true,false,false,0,codable,OWL_ANS,emissible,2436
F02.02,V,V/F02.02.md,"Démence de la maladie de Pick (G31.0)   - "" avec d’autres symptômes, essentiellement hallucinatoires """,true,false,true,false,false,0,codable,OWL_ANS,emissible,2431
F02.020,V,V/F02.020.md,"Démence de la maladie de Pick (G31.0)   - ""avec d’autres symptômes, essentiellement hallucinatoires"" - ""légère""",true,false,true,false,false,0,codable,OWL_ANS,emissible,2442
F02.021,V,V/F02.021.md,"Démence de la maladie de Pick (G31.0)   - ""avec d’autres symptômes, essentiellement hallucinatoires"" - ""moyenne""",true,false,true,false,false,0,codable,OWL_ANS,emissible,2443
F02.022,V,V/F02.022.md,"Démence de la maladie de Pick (G31.0)   - ""avec d’autres symptômes, essentiellement hallucinatoires"" - ""sévère""",true,false,true,false,false,0,codable,OWL_ANS,emissible,2442
F02.03,V,V/F02.03.md,"Démence de la maladie de Pick (G31.0)   - "" avec d’autres symptômes, essentiellement dépressifs """,true,false,true,false,false,0,codable,OWL_ANS,emissible,2426
F02.030,V,V/F02.030.md,"Démence de la maladie de Pick (G31.0)   - ""avec d’autres symptômes, essentiellement dépressifs"" - ""légère""",true,false,true,false,false,0,codable,OWL_ANS,emissible,2437
F02.031,V,V/F02.031.md,"Démence de la maladie de Pick (G31.0)   - ""avec d’autres symptômes, essentiellement dépressifs"" - ""moyenne""",true,false,true,false,false,0,codable,OWL_ANS,emissible,2438
F02.032,V,V/F02.032.md,"Démence de la maladie de Pick (G31.0)   - ""avec d’autres symptômes, essentiellement dépressifs"" - ""sévère""",true,false,true,false,false,0,codable,OWL_ANS,emissible,2437
F02.04,V,V/F02.04.md,"Démence de la maladie de Pick (G31.0)   - "" avec d’autres symptômes, mixtes """,true,false,true,false,false,0,codable,OWL_ANS,emissible,2406
F02.040,V,V/F02.040.md,"Démence de la maladie de Pick (G31.0)   - ""avec d’autres symptômes, mixtes"" - ""légère""",true,false,true,false,false,0,codable,OWL_ANS,emissible,2417
F02.041,V,V/F02.041.md,"Démence de la maladie de Pick (G31.0)   - ""avec d’autres symptômes, mixtes"" - ""moyenne""",true,false,true,false,false,0,codable,OWL_ANS,emissible,2418
F02.042,V,V/F02.042.md,"Démence de la maladie de Pick (G31.0)   - ""avec d’autres symptômes, mixtes"" - ""sévère""",true,false,true,false,false,0,codable,OWL_ANS,emissible,2417
F02.1,V,V/F02.1.md,Démence de la maladie de Creutzfeldt–Jakob ,true,false,true,false,false,0,codable,OWL_ANS,emissible,2733
F02.10,V,V/F02.10.md,"Démence de la maladie de Creutzfeldt–Jakob (A81.0)   - "" sans symptôme supplémentaire """,true,false,true,false,false,0,codable,OWL_ANS,emissible,2416
F02.100,V,V/F02.100.md,"Démence de la maladie de Creutzfeldt–Jakob (A81.0)   - ""sans symptôme supplémentaire"" - ""légère""",true,false,true,false,false,0,codable,OWL_ANS,emissible,2427
F02.101,V,V/F02.101.md,"Démence de la maladie de Creutzfeldt–Jakob (A81.0)   - ""sans symptôme supplémentaire"" - ""moyenne""",true,false,true,false,false,0,codable,OWL_ANS,emissible,2428
F02.102,V,V/F02.102.md,"Démence de la maladie de Creutzfeldt–Jakob (A81.0)   - ""sans symptôme supplémentaire"" - ""sévère""",true,false,true,false,false,0,codable,OWL_ANS,emissible,2427
F02.11,V,V/F02.11.md,"Démence de la maladie de Creutzfeldt–Jakob (A81.0)   - "" avec d’autres symptômes, essentiellement délirants """,true,false,true,false,false,0,codable,OWL_ANS,emissible,2438
F02.110,V,V/F02.110.md,"Démence de la maladie de Creutzfeldt–Jakob (A81.0)   - ""avec d’autres symptômes, essentiellement délirants"" - ""légère""",true,false,true,false,false,0,codable,OWL_ANS,emissible,2449
F02.111,V,V/F02.111.md,"Démence de la maladie de Creutzfeldt–Jakob (A81.0)   - ""avec d’autres symptômes, essentiellement délirants"" - ""moyenne""",true,false,true,false,false,0,codable,OWL_ANS,emissible,2450
F02.112,V,V/F02.112.md,"Démence de la maladie de Creutzfeldt–Jakob (A81.0)   - ""avec d’autres symptômes, essentiellement délirants"" - ""sévère""",true,false,true,false,false,0,codable,OWL_ANS,emissible,2449
F02.12,V,V/F02.12.md,"Démence de la maladie de Creutzfeldt–Jakob (A81.0)   - "" avec d’autres symptômes, essentiellement hallucinatoires """,true,false,true,false,false,0,codable,OWL_ANS,emissible,2444
F02.120,V,V/F02.120.md,"Démence de la maladie de Creutzfeldt–Jakob (A81.0)   - ""avec d’autres symptômes, essentiellement hallucinatoires"" - ""légère""",true,false,true,false,false,0,codable,OWL_ANS,emissible,2455
F02.121,V,V/F02.121.md,"Démence de la maladie de Creutzfeldt–Jakob (A81.0)   - ""avec d’autres symptômes, essentiellement hallucinatoires"" - ""moyenne""",true,false,true,false,false,0,codable,OWL_ANS,emissible,2456
F02.122,V,V/F02.122.md,"Démence de la maladie de Creutzfeldt–Jakob (A81.0)   - ""avec d’autres symptômes, essentiellement hallucinatoires"" - ""sévère""",true,false,true,false,false,0,codable,OWL_ANS,emissible,2455
F02.13,V,V/F02.13.md,"Démence de la maladie de Creutzfeldt–Jakob (A81.0)   - "" avec d’autres symptômes, essentiellement dépressifs """,true,false,true,false,false,0,codable,OWL_ANS,emissible,2439
F02.130,V,V/F02.130.md,"Démence de la maladie de Creutzfeldt–Jakob (A81.0)   - ""avec d’autres symptômes, essentiellement dépressifs"" - ""légère""",true,false,true,false,false,0,codable,OWL_ANS,emissible,2450
F02.131,V,V/F02.131.md,"Démence de la maladie de Creutzfeldt–Jakob (A81.0)   - ""avec d’autres symptômes, essentiellement dépressifs"" - ""moyenne""",true,false,true,false,false,0,codable,OWL_ANS,emissible,2451
F02.132,V,V/F02.132.md,"Démence de la maladie de Creutzfeldt–Jakob (A81.0)   - ""avec d’autres symptômes, essentiellement dépressifs"" - ""sévère""",true,false,true,false,false,0,codable,OWL_ANS,emissible,2450
F02.14,V,V/F02.14.md,"Démence de la maladie de Creutzfeldt–Jakob (A81.0)   - "" avec d’autres symptômes, mixtes """,true,false,true,false,false,0,codable,OWL_ANS,emissible,2419
F02.140,V,V/F02.140.md,"Démence de la maladie de Creutzfeldt–Jakob (A81.0)   - ""avec d’autres symptômes, mixtes"" - ""légère""",true,false,true,false,false,0,codable,OWL_ANS,emissible,2430
F02.141,V,V/F02.141.md,"Démence de la maladie de Creutzfeldt–Jakob (A81.0)   - ""avec d’autres symptômes, mixtes"" - ""moyenne""",true,false,true,false,false,0,codable,OWL_ANS,emissible,2431
F02.142,V,V/F02.142.md,"Démence de la maladie de Creutzfeldt–Jakob (A81.0)   - ""avec d’autres symptômes, mixtes"" - ""sévère""",true,false,true,false,false,0,codable,OWL_ANS,emissible,2430
F02.2,V,V/F02.2.md,Démence de la maladie de Huntington ,true,false,true,false,true,0,codable,OWL_ANS,emissible,2803
F02.20,V,V/F02.20.md,"Démence de la maladie de Huntington (G10)   - "" sans symptôme supplémentaire """,true,false,true,false,false,0,codable,OWL_ANS,emissible,2489
F02.200,V,V/F02.200.md,"Démence de la maladie de Huntington (G10)   - ""sans symptôme supplémentaire"" - ""légère""",true,false,true,false,false,0,codable,OWL_ANS,emissible,2500
F02.201,V,V/F02.201.md,"Démence de la maladie de Huntington (G10)   - ""sans symptôme supplémentaire"" - ""moyenne""",true,false,true,false,false,0,codable,OWL_ANS,emissible,2501
F02.202,V,V/F02.202.md,"Démence de la maladie de Huntington (G10)   - ""sans symptôme supplémentaire"" - ""sévère""",true,false,true,false,false,0,codable,OWL_ANS,emissible,2500
F02.21,V,V/F02.21.md,"Démence de la maladie de Huntington (G10)   - "" avec d’autres symptômes, essentiellement délirants """,true,false,true,false,false,0,codable,OWL_ANS,emissible,2511
F02.210,V,V/F02.210.md,"Démence de la maladie de Huntington (G10)   - ""avec d’autres symptômes, essentiellement délirants"" - ""légère""",true,false,true,false,false,0,codable,OWL_ANS,emissible,2522
F02.211,V,V/F02.211.md,"Démence de la maladie de Huntington (G10)   - ""avec d’autres symptômes, essentiellement délirants"" - ""moyenne""",true,false,true,false,false,0,codable,OWL_ANS,emissible,2523
F02.212,V,V/F02.212.md,"Démence de la maladie de Huntington (G10)   - ""avec d’autres symptômes, essentiellement délirants"" - ""sévère""",true,false,true,false,false,0,codable,OWL_ANS,emissible,2522
F02.22,V,V/F02.22.md,"Démence de la maladie de Huntington (G10)   - "" avec d’autres symptômes, essentiellement hallucinatoires """,true,false,true,false,false,0,codable,OWL_ANS,emissible,2517
F02.220,V,V/F02.220.md,"Démence de la maladie de Huntington (G10)   - ""avec d’autres symptômes, essentiellement hallucinatoires"" - ""légère""",true,false,true,false,false,0,codable,OWL_ANS,emissible,2528
F02.221,V,V/F02.221.md,"Démence de la maladie de Huntington (G10)   - ""avec d’autres symptômes, essentiellement hallucinatoires"" - ""moyenne""",true,false,true,false,false,0,codable,OWL_ANS,emissible,2529
F02.222,V,V/F02.222.md,"Démence de la maladie de Huntington (G10)   - ""avec d’autres symptômes, essentiellement hallucinatoires"" - ""sévère""",true,false,true,false,false,0,codable,OWL_ANS,emissible,2528
F02.23,V,V/F02.23.md,"Démence de la maladie de Huntington (G10)   - "" avec d’autres symptômes, essentiellement dépressifs """,true,false,true,false,false,0,codable,OWL_ANS,emissible,2512
F02.230,V,V/F02.230.md,"Démence de la maladie de Huntington (G10)   - ""avec d’autres symptômes, essentiellement dépressifs"" - ""légère""",true,false,true,false,false,0,codable,OWL_ANS,emissible,2523
F02.231,V,V/F02.231.md,"Démence de la maladie de Huntington (G10)   - ""avec d’autres symptômes, essentiellement dépressifs"" - ""moyenne""",true,false,true,false,false,0,codable,OWL_ANS,emissible,2524
F02.232,V,V/F02.232.md,"Démence de la maladie de Huntington (G10)   - ""avec d’autres symptômes, essentiellement dépressifs"" - ""sévère""",true,false,true,false,false,0,codable,OWL_ANS,emissible,2523
F02.24,V,V/F02.24.md,"Démence de la maladie de Huntington (G10)   - "" avec d’autres symptômes, mixtes """,true,false,true,false,false,0,codable,OWL_ANS,emissible,2492
F02.240,V,V/F02.240.md,"Démence de la maladie de Huntington (G10)   - ""avec d’autres symptômes, mixtes"" - ""légère""",true,false,true,false,false,0,codable,OWL_ANS,emissible,2503
F02.241,V,V/F02.241.md,"Démence de la maladie de Huntington (G10)   - ""avec d’autres symptômes, mixtes"" - ""moyenne""",true,false,true,false,false,0,codable,OWL_ANS,emissible,2504
F02.242,V,V/F02.242.md,"Démence de la maladie de Huntington (G10)   - ""avec d’autres symptômes, mixtes"" - ""sévère""",true,false,true,false,false,0,codable,OWL_ANS,emissible,2503
F02.3,V,V/F02.3.md,Démence de la maladie de Parkinson,true,false,true,false,true,0,codable,OWL_ANS,emissible,2684
F02.30,V,V/F02.30.md,"Démence de la maladie de Parkinson (G20)  - "" sans symptôme supplémentaire """,true,false,true,false,false,0,codable,OWL_ANS,emissible,2506
F02.300,V,V/F02.300.md,"Démence de la maladie de Parkinson (G20)  - ""sans symptôme supplémentaire"" - ""légère""",true,false,true,false,false,0,codable,OWL_ANS,emissible,2517
F02.301,V,V/F02.301.md,"Démence de la maladie de Parkinson (G20)  - ""sans symptôme supplémentaire"" - ""moyenne""",true,false,true,false,false,0,codable,OWL_ANS,emissible,2518
F02.302,V,V/F02.302.md,"Démence de la maladie de Parkinson (G20)  - ""sans symptôme supplémentaire"" - ""sévère""",true,false,true,false,false,0,codable,OWL_ANS,emissible,2517
F02.31,V,V/F02.31.md,"Démence de la maladie de Parkinson (G20)  - "" avec d’autres symptômes, essentiellement délirants """,true,false,true,false,false,0,codable,OWL_ANS,emissible,2528
F02.310,V,V/F02.310.md,"Démence de la maladie de Parkinson (G20)  - ""avec d’autres symptômes, essentiellement délirants"" - ""légère""",true,false,true,false,false,0,codable,OWL_ANS,emissible,2539
F02.311,V,V/F02.311.md,"Démence de la maladie de Parkinson (G20)  - ""avec d’autres symptômes, essentiellement délirants"" - ""moyenne""",true,false,true,false,false,0,codable,OWL_ANS,emissible,2540
F02.312,V,V/F02.312.md,"Démence de la maladie de Parkinson (G20)  - ""avec d’autres symptômes, essentiellement délirants"" - ""sévère""",true,false,true,false,false,0,codable,OWL_ANS,emissible,2539
F02.32,V,V/F02.32.md,"Démence de la maladie de Parkinson (G20)  - "" avec d’autres symptômes, essentiellement hallucinatoires """,true,false,true,false,false,0,codable,OWL_ANS,emissible,2534
F02.320,V,V/F02.320.md,"Démence de la maladie de Parkinson (G20)  - ""avec d’autres symptômes, essentiellement hallucinatoires"" - ""légère""",true,false,true,false,false,0,codable,OWL_ANS,emissible,2545
F02.321,V,V/F02.321.md,"Démence de la maladie de Parkinson (G20)  - ""avec d’autres symptômes, essentiellement hallucinatoires"" - ""moyenne""",true,false,true,false,false,0,codable,OWL_ANS,emissible,2546
F02.322,V,V/F02.322.md,"Démence de la maladie de Parkinson (G20)  - ""avec d’autres symptômes, essentiellement hallucinatoires"" - ""sévère""",true,false,true,false,false,0,codable,OWL_ANS,emissible,2545
F02.33,V,V/F02.33.md,"Démence de la maladie de Parkinson (G20)  - "" avec d’autres symptômes, essentiellement dépressifs """,true,false,true,false,false,0,codable,OWL_ANS,emissible,2529
F02.330,V,V/F02.330.md,"Démence de la maladie de Parkinson (G20)  - ""avec d’autres symptômes, essentiellement dépressifs"" - ""légère""",true,false,true,false,false,0,codable,OWL_ANS,emissible,2540
F02.331,V,V/F02.331.md,"Démence de la maladie de Parkinson (G20)  - ""avec d’autres symptômes, essentiellement dépressifs"" - ""moyenne""",true,false,true,false,false,0,codable,OWL_ANS,emissible,2541
F02.332,V,V/F02.332.md,"Démence de la maladie de Parkinson (G20)  - ""avec d’autres symptômes, essentiellement dépressifs"" - ""sévère""",true,false,true,false,false,0,codable,OWL_ANS,emissible,2540
F02.34,V,V/F02.34.md,"Démence de la maladie de Parkinson (G20)  - "" avec d’autres symptômes, mixtes """,true,false,true,false,false,0,codable,OWL_ANS,emissible,2509
F02.340,V,V/F02.340.md,"Démence de la maladie de Parkinson (G20)  - ""avec d’autres symptômes, mixtes"" - ""légère""",true,false,true,false,false,0,codable,OWL_ANS,emissible,2520
F02.341,V,V/F02.341.md,"Démence de la maladie de Parkinson (G20)  - ""avec d’autres symptômes, mixtes"" - ""moyenne""",true,false,true,false,false,0,codable,OWL_ANS,emissible,2521
F02.342,V,V/F02.342.md,"Démence de la maladie de Parkinson (G20)  - ""avec d’autres symptômes, mixtes"" - ""sévère""",true,false,true,false,false,0,codable,OWL_ANS,emissible,2520
F02.4,V,V/F02.4.md,Démence de la maladie due au virus de l'immunodéficience humaine [VIH] ,true,false,true,false,false,0,codable,OWL_ANS,emissible,2564
F02.40,V,V/F02.40.md,"Démence de la maladie due au virus de l'immunodéficience humaine [VIH] (B22.0)   - "" sans symptôme supplémentaire """,true,false,true,false,false,0,codable,OWL_ANS,emissible,2444
F02.400,V,V/F02.400.md,"Démence de la maladie due au virus de l'immunodéficience humaine [VIH] (B22.0)   - ""sans symptôme supplémentaire"" - ""légère""",true,false,true,false,false,0,codable,OWL_ANS,emissible,2455
F02.401,V,V/F02.401.md,"Démence de la maladie due au virus de l'immunodéficience humaine [VIH] (B22.0)   - ""sans symptôme supplémentaire"" - ""moyenne""",true,false,true,false,false,0,codable,OWL_ANS,emissible,2456
F02.402,V,V/F02.402.md,"Démence de la maladie due au virus de l'immunodéficience humaine [VIH] (B22.0)   - ""sans symptôme supplémentaire"" - ""sévère""",true,false,true,false,false,0,codable,OWL_ANS,emissible,2455
F02.41,V,V/F02.41.md,"Démence de la maladie due au virus de l'immunodéficience humaine [VIH] (B22.0)   - "" avec d’autres symptômes, essentiellement délirants """,true,false,true,false,false,0,codable,OWL_ANS,emissible,2466
F02.410,V,V/F02.410.md,"Démence de la maladie due au virus de l'immunodéficience humaine [VIH] (B22.0)   - ""avec d’autres symptômes, essentiellement délirants"" - ""légère""",true,false,true,false,false,0,codable,OWL_ANS,emissible,2477
F02.411,V,V/F02.411.md,"Démence de la maladie due au virus de l'immunodéficience humaine [VIH] (B22.0)   - ""avec d’autres symptômes, essentiellement délirants"" - ""moyenne""",true,false,true,false,false,0,codable,OWL_ANS,emissible,2478
F02.412,V,V/F02.412.md,"Démence de la maladie due au virus de l'immunodéficience humaine [VIH] (B22.0)   - ""avec d’autres symptômes, essentiellement délirants"" - ""sévère""",true,false,true,false,false,0,codable,OWL_ANS,emissible,2477
F02.42,V,V/F02.42.md,"Démence de la maladie due au virus de l'immunodéficience humaine [VIH] (B22.0)   - "" avec d’autres symptômes, essentiellement hallucinatoires """,true,false,true,false,false,0,codable,OWL_ANS,emissible,2472
F02.420,V,V/F02.420.md,"Démence de la maladie due au virus de l'immunodéficience humaine [VIH] (B22.0)   - ""avec d’autres symptômes, essentiellement hallucinatoires"" - ""légère""",true,false,true,false,false,0,codable,OWL_ANS,emissible,2483
F02.421,V,V/F02.421.md,"Démence de la maladie due au virus de l'immunodéficience humaine [VIH] (B22.0)   - ""avec d’autres symptômes, essentiellement hallucinatoires"" - ""moyenne""",true,false,true,false,false,0,codable,OWL_ANS,emissible,2484
F02.422,V,V/F02.422.md,"Démence de la maladie due au virus de l'immunodéficience humaine [VIH] (B22.0)   - ""avec d’autres symptômes, essentiellement hallucinatoires"" - ""sévère""",true,false,true,false,false,0,codable,OWL_ANS,emissible,2483
F02.43,V,V/F02.43.md,"Démence de la maladie due au virus de l'immunodéficience humaine [VIH] (B22.0)   - "" avec d’autres symptômes, essentiellement dépressifs """,true,false,true,false,false,0,codable,OWL_ANS,emissible,2467
F02.430,V,V/F02.430.md,"Démence de la maladie due au virus de l'immunodéficience humaine [VIH] (B22.0)   - ""avec d’autres symptômes, essentiellement dépressifs"" - ""légère""",true,false,true,false,false,0,codable,OWL_ANS,emissible,2478
F02.431,V,V/F02.431.md,"Démence de la maladie due au virus de l'immunodéficience humaine [VIH] (B22.0)   - ""avec d’autres symptômes, essentiellement dépressifs"" - ""moyenne""",true,false,true,false,false,0,codable,OWL_ANS,emissible,2479
F02.432,V,V/F02.432.md,"Démence de la maladie due au virus de l'immunodéficience humaine [VIH] (B22.0)   - ""avec d’autres symptômes, essentiellement dépressifs"" - ""sévère""",true,false,true,false,false,0,codable,OWL_ANS,emissible,2478
F02.44,V,V/F02.44.md,"Démence de la maladie due au virus de l'immunodéficience humaine [VIH] (B22.0)   - "" avec d’autres symptômes, mixtes """,true,false,true,false,false,0,codable,OWL_ANS,emissible,2447
F02.440,V,V/F02.440.md,"Démence de la maladie due au virus de l'immunodéficience humaine [VIH] (B22.0)   - ""avec d’autres symptômes, mixtes"" - ""légère""",true,false,true,false,false,0,codable,OWL_ANS,emissible,2458
F02.441,V,V/F02.441.md,"Démence de la maladie due au virus de l'immunodéficience humaine [VIH] (B22.0)   - ""avec d’autres symptômes, mixtes"" - ""moyenne""",true,false,true,false,false,0,codable,OWL_ANS,emissible,2459
F02.442,V,V/F02.442.md,"Démence de la maladie due au virus de l'immunodéficience humaine [VIH] (B22.0)   - ""avec d’autres symptômes, mixtes"" - ""sévère""",true,false,true,false,false,0,codable,OWL_ANS,emissible,2458
F02.8,V,V/F02.8.md,Démence au cours d'autres maladies classées ailleurs,true,false,true,false,true,0,codable,OWL_ANS,emissible,3504
F02.80,V,V/F02.80.md,"Démence au cours d'autres maladies classées ailleurs - "" sans symptôme supplémentaire """,true,false,true,false,false,0,codable,OWL_ANS,emissible,2984
F02.800,V,V/F02.800.md,"Démence au cours d'autres maladies classées ailleurs - ""sans symptôme supplémentaire"" - ""légère""",true,false,true,false,false,0,codable,OWL_ANS,emissible,2995
F02.801,V,V/F02.801.md,"Démence au cours d'autres maladies classées ailleurs - ""sans symptôme supplémentaire"" - ""moyenne""",true,false,true,false,false,0,codable,OWL_ANS,emissible,2996
F02.802,V,V/F02.802.md,"Démence au cours d'autres maladies classées ailleurs - ""sans symptôme supplémentaire"" - ""sévère""",true,false,true,false,false,0,codable,OWL_ANS,emissible,2995
F02.81,V,V/F02.81.md,"Démence au cours d'autres maladies classées ailleurs - "" avec d’autres symptômes, essentiellement délirants """,true,false,true,false,false,0,codable,OWL_ANS,emissible,3006
F02.810,V,V/F02.810.md,"Démence au cours d'autres maladies classées ailleurs - ""avec d’autres symptômes, essentiellement délirants"" - ""légère""",true,false,true,false,false,0,codable,OWL_ANS,emissible,3017
F02.811,V,V/F02.811.md,"Démence au cours d'autres maladies classées ailleurs - ""avec d’autres symptômes, essentiellement délirants"" - ""moyenne""",true,false,true,false,false,0,codable,OWL_ANS,emissible,3018
F02.812,V,V/F02.812.md,"Démence au cours d'autres maladies classées ailleurs - ""avec d’autres symptômes, essentiellement délirants"" - ""sévère""",true,false,true,false,false,0,codable,OWL_ANS,emissible,3017
F02.82,V,V/F02.82.md,"Démence au cours d'autres maladies classées ailleurs - "" avec d’autres symptômes, essentiellement hallucinatoires """,true,false,true,false,false,0,codable,OWL_ANS,emissible,3012
F02.820,V,V/F02.820.md,"Démence au cours d'autres maladies classées ailleurs - ""avec d’autres symptômes, essentiellement hallucinatoires"" - ""légère""",true,false,true,false,false,0,codable,OWL_ANS,emissible,3023
F02.821,V,V/F02.821.md,"Démence au cours d'autres maladies classées ailleurs - ""avec d’autres symptômes, essentiellement hallucinatoires"" - ""moyenne""",true,false,true,false,false,0,codable,OWL_ANS,emissible,3024
F02.822,V,V/F02.822.md,"Démence au cours d'autres maladies classées ailleurs - ""avec d’autres symptômes, essentiellement hallucinatoires"" - ""sévère""",true,false,true,false,false,0,codable,OWL_ANS,emissible,3023
F02.83,V,V/F02.83.md,"Démence au cours d'autres maladies classées ailleurs - "" avec d’autres symptômes, essentiellement dépressifs """,true,false,true,false,false,0,codable,OWL_ANS,emissible,3007
F02.830,V,V/F02.830.md,"Démence au cours d'autres maladies classées ailleurs - ""avec d’autres symptômes, essentiellement dépressifs"" - ""légère""",true,false,true,false,false,0,codable,OWL_ANS,emissible,3018
F02.831,V,V/F02.831.md,"Démence au cours d'autres maladies classées ailleurs - ""avec d’autres symptômes, essentiellement dépressifs"" - ""moyenne""",true,false,true,false,false,0,codable,OWL_ANS,emissible,3019
F02.832,V,V/F02.832.md,"Démence au cours d'autres maladies classées ailleurs - ""avec d’autres symptômes, essentiellement dépressifs"" - ""sévère""",true,false,true,false,false,0,codable,OWL_ANS,emissible,3018
F02.84,V,V/F02.84.md,"Démence au cours d'autres maladies classées ailleurs - "" avec d’autres symptômes, mixtes """,true,false,true,false,false,0,codable,OWL_ANS,emissible,2987
F02.840,V,V/F02.840.md,"Démence au cours d'autres maladies classées ailleurs - ""avec d’autres symptômes, mixtes"" - ""légère""",true,false,true,false,false,0,codable,OWL_ANS,emissible,2998
F02.841,V,V/F02.841.md,"Démence au cours d'autres maladies classées ailleurs - ""avec d’autres symptômes, mixtes"" - ""moyenne""",true,false,true,false,false,0,codable,OWL_ANS,emissible,2999
F02.842,V,V/F02.842.md,"Démence au cours d'autres maladies classées ailleurs - ""avec d’autres symptômes, mixtes"" - ""sévère""",true,false,true,false,false,0,codable,OWL_ANS,emissible,2998
F03,V,V/F03.md,"Démence, sans précision",true,false,true,false,true,0,codable,OWL_ANS,emissible,2955
F03+0,V,V/F03+0.md,"Démence, sans précision - "" sans symptôme supplémentaire """,true,false,true,false,false,0,codable,OWL_ANS,emissible,2669
F03+00,V,V/F03+00.md,"Démence, sans précision - ""sans symptôme supplémentaire"" - ""légère""",true,false,true,false,false,0,codable,OWL_ANS,emissible,2680
F03+01,V,V/F03+01.md,"Démence, sans précision - ""sans symptôme supplémentaire"" - ""moyenne""",true,false,true,false,false,0,codable,OWL_ANS,emissible,2681
F03+02,V,V/F03+02.md,"Démence, sans précision - ""sans symptôme supplémentaire"" - ""sévère""",true,false,true,false,false,0,codable,OWL_ANS,emissible,2680
F03+1,V,V/F03+1.md,"Démence, sans précision - "" avec d’autres symptômes, essentiellement délirants """,true,false,true,false,false,0,codable,OWL_ANS,emissible,2691
F03+10,V,V/F03+10.md,"Démence, sans précision - ""avec d’autres symptômes, essentiellement délirants"" - ""légère""",true,false,true,false,false,0,codable,OWL_ANS,emissible,2702
F03+11,V,V/F03+11.md,"Démence, sans précision - ""avec d’autres symptômes, essentiellement délirants"" - ""moyenne""",true,false,true,false,false,0,codable,OWL_ANS,emissible,2703
F03+12,V,V/F03+12.md,"Démence, sans précision - ""avec d’autres symptômes, essentiellement délirants"" - ""sévère""",true,false,true,false,false,0,codable,OWL_ANS,emissible,2702
F03+2,V,V/F03+2.md,"Démence, sans précision - "" avec d’autres symptômes, essentiellement hallucinatoires """,true,false,true,false,false,0,codable,OWL_ANS,emissible,2697
F03+20,V,V/F03+20.md,"Démence, sans précision - ""avec d’autres symptômes, essentiellement hallucinatoires"" - ""légère""",true,false,true,false,false,0,codable,OWL_ANS,emissible,2708
F03+21,V,V/F03+21.md,"Démence, sans précision - ""avec d’autres symptômes, essentiellement hallucinatoires"" - ""moyenne""",true,false,true,false,false,0,codable,OWL_ANS,emissible,2709
F03+22,V,V/F03+22.md,"Démence, sans précision - ""avec d’autres symptômes, essentiellement hallucinatoires"" - ""sévère""",true,false,true,false,false,0,codable,OWL_ANS,emissible,2708
F03+3,V,V/F03+3.md,"Démence, sans précision - "" avec d’autres symptômes, essentiellement dépressifs """,true,false,true,false,false,0,codable,OWL_ANS,emissible,2692
F03+30,V,V/F03+30.md,"Démence, sans précision - ""avec d’autres symptômes, essentiellement dépressifs"" - ""légère""",true,false,true,false,false,0,codable,OWL_ANS,emissible,2703
F03+31,V,V/F03+31.md,"Démence, sans précision - ""avec d’autres symptômes, essentiellement dépressifs"" - ""moyenne""",true,false,true,false,false,0,codable,OWL_ANS,emissible,2704
F03+32,V,V/F03+32.md,"Démence, sans précision - ""avec d’autres symptômes, essentiellement dépressifs"" - ""sévère""",true,false,true,false,false,0,codable,OWL_ANS,emissible,2703
F03+4,V,V/F03+4.md,"Démence, sans précision - "" avec d’autres symptômes, mixtes """,true,false,true,false,false,0,codable,OWL_ANS,emissible,2672
F03+40,V,V/F03+40.md,"Démence, sans précision - ""avec d’autres symptômes, mixtes"" - ""légère""",true,false,true,false,false,0,codable,OWL_ANS,emissible,2683
F03+41,V,V/F03+41.md,"Démence, sans précision - ""avec d’autres symptômes, mixtes"" - ""moyenne""",true,false,true,false,false,0,codable,OWL_ANS,emissible,2684
F03+42,V,V/F03+42.md,"Démence, sans précision - ""avec d’autres symptômes, mixtes"" - ""sévère""",true,false,true,false,false,0,codable,OWL_ANS,emissible,2683
F04,V,V/F04.md,"Syndrome amnésique organique, non induit par l'alcool et d'autres substances psychoactives",true,false,true,false,true,0,codable,OWL_ANS,emissible,3161
F05.0,V,V/F05.0.md,"Délirium non surajouté à une démence, ainsi décrit",true,false,true,false,true,0,codable,OWL_ANS,emissible,2749
F05.1,V,V/F05.1.md,Délirium surajouté à une démence,true,false,true,false,true,0,codable,OWL_ANS,emissible,2824
F05.8,V,V/F05.8.md,Autres formes de délirium,true,false,true,false,true,0,codable,OWL_ANS,emissible,2907
F05.9,V,V/F05.9.md,"Délirium, sans précision",true,false,true,false,true,0,codable,OWL_ANS,emissible,2687
F06.0,V,V/F06.0.md,État hallucinatoire organique,true,false,true,false,true,0,codable,OWL_ANS,emissible,2857
F06.1,V,V/F06.1.md,Catatonie organique,true,false,true,false,true,0,codable,OWL_ANS,emissible,2603
F06.2,V,V/F06.2.md,Trouble délirant organique [d'allure schizophrénique],true,false,true,false,true,0,codable,OWL_ANS,emissible,3041
F06.3,V,V/F06.3.md,Troubles organiques de l'humeur [affectifs],true,false,true,false,false,0,codable,OWL_ANS,emissible,2580
F06.30,V,V/F06.30.md,Trouble maniaque organique,true,false,true,false,false,0,codable,OWL_ANS,emissible,2247
F06.31,V,V/F06.31.md,Trouble bipolaire organique,true,false,true,false,false,0,codable,OWL_ANS,emissible,2248
F06.32,V,V/F06.32.md,Trouble dépressif organique,true,false,true,false,false,0,codable,OWL_ANS,emissible,2248
F06.33,V,V/F06.33.md,Trouble affectif mixte organique,true,false,true,false,false,0,codable,OWL_ANS,emissible,2253
F06.4,V,V/F06.4.md,Trouble anxieux organique,true,false,true,false,false,0,codable,OWL_ANS,emissible,2497
F06.5,V,V/F06.5.md,Trouble dissociatif organique,true,false,true,false,false,0,codable,OWL_ANS,emissible,2557
F06.6,V,V/F06.6.md,Labilité [asthénie] émotionnelle organique,true,false,true,false,true,0,codable,OWL_ANS,emissible,2633
F06.7,V,V/F06.7.md,Trouble cognitif léger,true,false,true,false,true,0,codable,OWL_ANS,emissible,3416
F06.70,V,V/F06.70.md,Trouble cognitif léger non associé à un trouble physique,true,false,true,false,false,0,codable,OWL_ANS,emissible,2213
F06.71,V,V/F06.71.md,Trouble cognitif léger associé à un trouble physique,true,false,true,false,false,0,codable,OWL_ANS,emissible,2209
F06.8,V,V/F06.8.md,Autres troubles mentaux précisés dus à une lésion cérébrale et un dysfonctionnement cérébral et à une affection physique,true,false,true,false,true,0,codable,OWL_ANS,emissible,2849
F06.9,V,V/F06.9.md,"Trouble mental sans précision, dû à une lésion cérébrale et un dysfonctionnement cérébral, et à une affection physique",true,false,true,false,true,0,codable,OWL_ANS,emissible,2460
F07.0,V,V/F07.0.md,Trouble organique de la personnalité,true,false,true,false,true,0,codable,OWL_ANS,emissible,3213
F07.1,V,V/F07.1.md,Syndrome postencéphalitique,true,false,true,false,false,0,codable,OWL_ANS,emissible,2323
F07.2,V,V/F07.2.md,Syndrome postcommotionnel,true,false,true,false,true,0,codable,OWL_ANS,emissible,3082
F07.8,V,V/F07.8.md,"Autres troubles organiques de la personnalité et du comportement dus à une affection, une lésion et un dysfonctionnement cérébraux",true,false,true,false,true,0,codable,OWL_ANS,emissible,2421
F07.9,V,V/F07.9.md,"Trouble organique de la personnalité et du comportement dû à une affection, une lésion et un dysfonctionnement cérébraux, sans précision",true,false,true,false,true,0,codable,OWL_ANS,emissible,2266
F09,V,V/F09.md,"Trouble mental organique ou symptomatique, sans précision",true,false,true,false,true,0,codable,OWL_ANS,emissible,2275
F10.0,V,V/F10.0.md,"Troubles mentaux et du comportement liés à l'utilisation d'alcool - "" Intoxication aigüe """,true,false,true,false,true,0,codable,OWL_ANS,emissible,4657
F10.00,V,V/F10.00.md,"Troubles mentaux et du comportement liés à l'utilisation d'alcool - ""Intoxication aigüe"" - ""sans complication""",true,false,true,true,false,0,codable,OWL_ANS,emissible,4841
F10.01,V,V/F10.01.md,"Troubles mentaux et du comportement liés à l'utilisation d'alcool - ""Intoxication aigüe"" - ""avec traumatismes ou autres blessures physiques""",true,false,true,true,false,0,codable,OWL_ANS,emissible,4871
F10.02,V,V/F10.02.md,"Troubles mentaux et du comportement liés à l'utilisation d'alcool - ""Intoxication aigüe"" - ""avec d’autres complications médicales""",true,false,true,true,false,0,codable,OWL_ANS,emissible,4861
F10.03,V,V/F10.03.md,"Troubles mentaux et du comportement liés à l'utilisation d'alcool - ""Intoxication aigüe"" - ""avec délirium""",true,false,true,true,false,0,codable,OWL_ANS,emissible,4837
F10.04,V,V/F10.04.md,"Troubles mentaux et du comportement liés à l'utilisation d'alcool - ""Intoxication aigüe"" - ""avec distorsion des perceptions""",true,false,true,true,false,0,codable,OWL_ANS,emissible,4855
F10.05,V,V/F10.05.md,"Troubles mentaux et du comportement liés à l'utilisation d'alcool - ""Intoxication aigüe"" - ""avec coma""",true,false,true,true,false,0,codable,OWL_ANS,emissible,4833
F10.06,V,V/F10.06.md,"Troubles mentaux et du comportement liés à l'utilisation d'alcool - ""Intoxication aigüe"" - ""avec convulsions""",true,false,true,true,false,0,codable,OWL_ANS,emissible,4840
F10.07,V,V/F10.07.md,"Troubles mentaux et du comportement liés à l'utilisation d'alcool - ""Intoxication aigüe"" - ""intoxication pathologique """,true,false,true,true,false,0,codable,OWL_ANS,emissible,4850
F10.1,V,V/F10.1.md,"Troubles mentaux et du comportement liés à l'utilisation d'alcool - "" Utilisation nocive pour la santé """,true,false,true,true,true,0,codable,OWL_ANS,emissible,4038
F10.2,V,V/F10.2.md,"Troubles mentaux et du comportement liés à l'utilisation d'alcool - "" Syndrome de dépendance """,true,false,true,false,true,0,codable,OWL_ANS,emissible,4934
F10.20,V,V/F10.20.md,"Troubles mentaux et du comportement liés à l'utilisation d'alcool - ""Syndrome de dépendance"" - ""actuellement abstinent""",true,false,true,false,false,0,codable,OWL_ANS,emissible,4622
F10.200,V,V/F10.200.md,"Troubles mentaux et du comportement liés à l'utilisation d'alcool - ""Syndrome de dépendance"" - ""actuellement abstinent en rémission récente""",true,false,true,true,false,0,codable,OWL_ANS,emissible,5164
F10.201,V,V/F10.201.md,"Troubles mentaux et du comportement liés à l'utilisation d'alcool - ""Syndrome de dépendance"" - ""actuellement abstinent en rémission partielle""",true,false,true,true,false,0,codable,OWL_ANS,emissible,5166
F10.202,V,V/F10.202.md,"Troubles mentaux et du comportement liés à l'utilisation d'alcool - ""Syndrome de dépendance"" - ""actuellement abstinent en rémission complète""",true,false,true,true,false,0,codable,OWL_ANS,emissible,5165
F10.21,V,V/F10.21.md,"Troubles mentaux et du comportement liés à l'utilisation d'alcool - ""Syndrome de dépendance"" - ""actuellement abstinent mais dans un environnement protégé""",true,false,true,true,false,0,codable,OWL_ANS,emissible,5176
F10.22,V,V/F10.22.md,"Troubles mentaux et du comportement liés à l'utilisation d'alcool - ""Syndrome de dépendance"" - ""suit actuellement un régime de maintenance ou de substitution, sous surveillance médicale""",true,false,true,true,false,0,codable,OWL_ANS,emissible,5208
F10.23,V,V/F10.23.md,"Troubles mentaux et du comportement liés à l'utilisation d'alcool - ""Syndrome de dépendance"" - ""actuellement abstinent mais prend des médicaments aversifs ou bloquants""",true,false,true,true,false,0,codable,OWL_ANS,emissible,5190
F10.24,V,V/F10.24.md,"Troubles mentaux et du comportement liés à l'utilisation d'alcool - ""Syndrome de dépendance"" - ""utilise actuellement la drogue [dépendance active]""",true,false,true,false,false,0,codable,OWL_ANS,emissible,4650
F10.240,V,V/F10.240.md,"Troubles mentaux et du comportement liés à l'utilisation d'alcool - ""Syndrome de dépendance"" - ""dépendance active sans signe physique""",true,false,true,true,false,0,codable,OWL_ANS,emissible,5158
F10.241,V,V/F10.241.md,"Troubles mentaux et du comportement liés à l'utilisation d'alcool - ""Syndrome de dépendance"" - ""dépendance active avec signe physique""",true,false,true,true,false,0,codable,OWL_ANS,emissible,5158
F10.25,V,V/F10.25.md,"Troubles mentaux et du comportement liés à l'utilisation d'alcool - ""Syndrome de dépendance"" - ""utilisation continue""",true,false,true,true,false,0,codable,OWL_ANS,emissible,5139
F10.26,V,V/F10.26.md,"Troubles mentaux et du comportement liés à l'utilisation d'alcool - ""Syndrome de dépendance"" - ""utilisation épisodique (dipsomanie)""",true,false,true,true,false,0,codable,OWL_ANS,emissible,5154
F10.3,V,V/F10.3.md,"Troubles mentaux et du comportement liés à l'utilisation d'alcool - "" Syndrome de sevrage """,true,false,true,false,true,0,codable,OWL_ANS,emissible,3983
F10.30,V,V/F10.30.md,"Troubles mentaux et du comportement liés à l'utilisation d'alcool - ""Syndrome de sevrage"" - ""sans complication""",true,false,true,true,false,0,codable,OWL_ANS,emissible,4258
F10.31,V,V/F10.31.md,"Troubles mentaux et du comportement liés à l'utilisation d'alcool - ""Syndrome de sevrage"" - ""avec convulsions""",true,false,true,true,false,0,codable,OWL_ANS,emissible,4257
F10.4,V,V/F10.4.md,"Troubles mentaux et du comportement liés à l'utilisation d'alcool - "" Syndrome de sevrage avec délirium """,true,false,true,false,true,0,codable,OWL_ANS,emissible,3796
F10.40,V,V/F10.40.md,"Troubles mentaux et du comportement liés à l'utilisation d'alcool - ""Syndrome de sevrage avec délirium"" - ""sans convulsion""",true,false,true,true,false,0,codable,OWL_ANS,emissible,4078
F10.41,V,V/F10.41.md,"Troubles mentaux et du comportement liés à l'utilisation d'alcool - ""Syndrome de sevrage avec délirium"" - ""avec convulsions""",true,false,true,true,false,0,codable,OWL_ANS,emissible,4079
F10.5,V,V/F10.5.md,"Troubles mentaux et du comportement liés à l'utilisation d'alcool - "" Trouble psychotique """,true,false,true,false,true,0,codable,OWL_ANS,emissible,5121
F10.50,V,V/F10.50.md,"Troubles mentaux et du comportement liés à l'utilisation d'alcool - ""Trouble psychotique"" - ""d’allure schizophrénique""",true,false,true,true,false,0,codable,OWL_ANS,emissible,5025
F10.51,V,V/F10.51.md,"Troubles mentaux et du comportement liés à l'utilisation d'alcool - ""Trouble psychotique"" - ""avec idées délirantes au premier plan""",true,false,true,true,false,0,codable,OWL_ANS,emissible,5038
F10.52,V,V/F10.52.md,"Troubles mentaux et du comportement liés à l'utilisation d'alcool - ""Trouble psychotique"" - ""avec hallucinations au premier plan""",true,false,true,true,false,0,codable,OWL_ANS,emissible,5036
F10.53,V,V/F10.53.md,"Troubles mentaux et du comportement liés à l'utilisation d'alcool - ""Trouble psychotique"" - ""avec symptômes polymorphes au premier plan""",true,false,true,true,false,0,codable,OWL_ANS,emissible,5043
F10.54,V,V/F10.54.md,"Troubles mentaux et du comportement liés à l'utilisation d'alcool - ""Trouble psychotique"" - ""avec symptômes dépressifs au premier plan""",true,false,true,true,false,0,codable,OWL_ANS,emissible,5042
F10.55,V,V/F10.55.md,"Troubles mentaux et du comportement liés à l'utilisation d'alcool - ""Trouble psychotique"" - ""avec symptômes maniaques au premier plan""",true,false,true,true,false,0,codable,OWL_ANS,emissible,5041
F10.56,V,V/F10.56.md,"Troubles mentaux et du comportement liés à l'utilisation d'alcool - ""Trouble psychotique"" - ""mixte""",true,false,true,true,false,0,codable,OWL_ANS,emissible,5006
F10.6,V,V/F10.6.md,"Troubles mentaux et du comportement liés à l'utilisation d'alcool - "" Syndrome amnésique """,true,false,true,true,true,0,codable,OWL_ANS,emissible,4896
F10.7,V,V/F10.7.md,"Troubles mentaux et du comportement liés à l'utilisation d'alcool - "" Trouble résiduel ou psychotique de survenue tardive """,true,false,true,false,true,0,codable,OWL_ANS,emissible,5792
F10.70,V,V/F10.70.md,"Troubles mentaux et du comportement liés à l'utilisation d'alcool - ""Trouble résiduel ou psychotique de survenue tardive"" - ""flashbacks""",true,false,true,true,false,0,codable,OWL_ANS,emissible,5071
F10.71,V,V/F10.71.md,"Troubles mentaux et du comportement liés à l'utilisation d'alcool - ""Trouble résiduel ou psychotique de survenue tardive"" - ""trouble de la personnalité ou du comportement""",true,false,true,true,false,0,codable,OWL_ANS,emissible,5106
F10.72,V,V/F10.72.md,"Troubles mentaux et du comportement liés à l'utilisation d'alcool - ""Trouble résiduel ou psychotique de survenue tardive"" - ""trouble thymique résiduel""",true,false,true,true,false,0,codable,OWL_ANS,emissible,5086
F10.73,V,V/F10.73.md,"Troubles mentaux et du comportement liés à l'utilisation d'alcool - ""Trouble résiduel ou psychotique de survenue tardive"" - ""démence""",true,false,true,true,false,0,codable,OWL_ANS,emissible,5068
F10.74,V,V/F10.74.md,"Troubles mentaux et du comportement liés à l'utilisation d'alcool - ""Trouble résiduel ou psychotique de survenue tardive"" - ""autre déficit cognitif persistant""",true,false,true,true,false,0,codable,OWL_ANS,emissible,5094
F10.75,V,V/F10.75.md,"Troubles mentaux et du comportement liés à l'utilisation d'alcool - ""Trouble résiduel ou psychotique de survenue tardive"" - ""trouble psychotique à début tardif """,true,false,true,true,false,0,codable,OWL_ANS,emissible,5096
F10.8,V,V/F10.8.md,"Troubles mentaux et du comportement liés à l'utilisation d'alcool - "" Autres troubles mentaux et du comportement """,true,false,true,true,true,0,codable,OWL_ANS,emissible,4532
F10.9,V,V/F10.9.md,"Troubles mentaux et du comportement liés à l'utilisation d'alcool - "" Trouble mental ou du comportement, sans précision """,true,false,true,true,true,0,codable,OWL_ANS,emissible,3611
F11.0,V,V/F11.0.md,"Troubles mentaux et du comportement liés à l'utilisation d'opiacés - "" Intoxication aigüe """,true,false,true,false,true,0,codable,OWL_ANS,emissible,4351
F11.00,V,V/F11.00.md,"Troubles mentaux et du comportement liés à l'utilisation d'opiacés - ""Intoxication aigüe"" - ""sans complication""",true,false,true,true,false,0,codable,OWL_ANS,emissible,4842
F11.01,V,V/F11.01.md,"Troubles mentaux et du comportement liés à l'utilisation d'opiacés - ""Intoxication aigüe"" - ""avec traumatismes ou autres blessures physiques""",true,false,true,true,false,0,codable,OWL_ANS,emissible,4872
F11.02,V,V/F11.02.md,"Troubles mentaux et du comportement liés à l'utilisation d'opiacés - ""Intoxication aigüe"" - ""avec d’autres complications médicales""",true,false,true,true,false,0,codable,OWL_ANS,emissible,4862
F11.03,V,V/F11.03.md,"Troubles mentaux et du comportement liés à l'utilisation d'opiacés - ""Intoxication aigüe"" - ""avec délirium""",true,false,true,true,false,0,codable,OWL_ANS,emissible,4838
F11.04,V,V/F11.04.md,"Troubles mentaux et du comportement liés à l'utilisation d'opiacés - ""Intoxication aigüe"" - ""avec distorsion des perceptions""",true,false,true,true,false,0,codable,OWL_ANS,emissible,4856
F11.05,V,V/F11.05.md,"Troubles mentaux et du comportement liés à l'utilisation d'opiacés - ""Intoxication aigüe"" - ""avec coma""",true,false,true,true,false,0,codable,OWL_ANS,emissible,4834
F11.06,V,V/F11.06.md,"Troubles mentaux et du comportement liés à l'utilisation d'opiacés - ""Intoxication aigüe"" - ""avec convulsions""",true,false,true,true,false,0,codable,OWL_ANS,emissible,4841
F11.07,V,V/F11.07.md,"Troubles mentaux et du comportement liés à l'utilisation d'opiacés - ""Intoxication aigüe"" - ""intoxication pathologique """,true,false,true,true,false,0,codable,OWL_ANS,emissible,4851
F11.1,V,V/F11.1.md,"Troubles mentaux et du comportement liés à l'utilisation d'opiacés - "" Utilisation nocive pour la santé """,true,false,true,true,true,0,codable,OWL_ANS,emissible,3994
F11.2,V,V/F11.2.md,"Troubles mentaux et du comportement liés à l'utilisation d'opiacés - "" Syndrome de dépendance """,true,false,true,false,true,0,codable,OWL_ANS,emissible,4928
F11.20,V,V/F11.20.md,"Troubles mentaux et du comportement liés à l'utilisation d'opiacés - ""Syndrome de dépendance"" - ""actuellement abstinent""",true,false,true,false,false,0,codable,OWL_ANS,emissible,4623
F11.200,V,V/F11.200.md,"Troubles mentaux et du comportement liés à l'utilisation d'opiacés - ""Syndrome de dépendance"" - ""actuellement abstinent en rémission récente""",true,false,true,true,false,0,codable,OWL_ANS,emissible,5165
F11.201,V,V/F11.201.md,"Troubles mentaux et du comportement liés à l'utilisation d'opiacés - ""Syndrome de dépendance"" - ""actuellement abstinent en rémission partielle""",true,false,true,true,false,0,codable,OWL_ANS,emissible,5167
F11.202,V,V/F11.202.md,"Troubles mentaux et du comportement liés à l'utilisation d'opiacés - ""Syndrome de dépendance"" - ""actuellement abstinent en rémission complète""",true,false,true,true,false,0,codable,OWL_ANS,emissible,5166
F11.21,V,V/F11.21.md,"Troubles mentaux et du comportement liés à l'utilisation d'opiacés - ""Syndrome de dépendance"" - ""actuellement abstinent mais dans un environnement protégé""",true,false,true,true,false,0,codable,OWL_ANS,emissible,5177
F11.22,V,V/F11.22.md,"Troubles mentaux et du comportement liés à l'utilisation d'opiacés - ""Syndrome de dépendance"" - ""suit actuellement un régime de maintenance ou de substitution, sous surveillance médicale""",true,false,true,true,false,0,codable,OWL_ANS,emissible,5209
F11.23,V,V/F11.23.md,"Troubles mentaux et du comportement liés à l'utilisation d'opiacés - ""Syndrome de dépendance"" - ""actuellement abstinent mais prend des médicaments aversifs ou bloquants""",true,false,true,true,false,0,codable,OWL_ANS,emissible,5191
F11.24,V,V/F11.24.md,"Troubles mentaux et du comportement liés à l'utilisation d'opiacés - ""Syndrome de dépendance"" - ""utilise actuellement la drogue [dépendance active]""",true,false,true,false,false,0,codable,OWL_ANS,emissible,4651
F11.240,V,V/F11.240.md,"Troubles mentaux et du comportement liés à l'utilisation d'opiacés - ""Syndrome de dépendance"" - ""dépendance active sans signe physique""",true,false,true,true,false,0,codable,OWL_ANS,emissible,5159
F11.241,V,V/F11.241.md,"Troubles mentaux et du comportement liés à l'utilisation d'opiacés - ""Syndrome de dépendance"" - ""dépendance active avec signe physique""",true,false,true,true,false,0,codable,OWL_ANS,emissible,5159
F11.25,V,V/F11.25.md,"Troubles mentaux et du comportement liés à l'utilisation d'opiacés - ""Syndrome de dépendance"" - ""utilisation continue""",true,false,true,true,false,0,codable,OWL_ANS,emissible,5140
F11.26,V,V/F11.26.md,"Troubles mentaux et du comportement liés à l'utilisation d'opiacés - ""Syndrome de dépendance"" - ""utilisation épisodique (dipsomanie)""",true,false,true,true,false,0,codable,OWL_ANS,emissible,5155
F11.3,V,V/F11.3.md,"Troubles mentaux et du comportement liés à l'utilisation d'opiacés - "" Syndrome de sevrage """,true,false,true,false,true,0,codable,OWL_ANS,emissible,3835
F11.30,V,V/F11.30.md,"Troubles mentaux et du comportement liés à l'utilisation d'opiacés - ""Syndrome de sevrage"" - ""sans complication""",true,false,true,true,false,0,codable,OWL_ANS,emissible,4259
F11.31,V,V/F11.31.md,"Troubles mentaux et du comportement liés à l'utilisation d'opiacés - ""Syndrome de sevrage"" - ""avec convulsions""",true,false,true,true,false,0,codable,OWL_ANS,emissible,4258
F11.4,V,V/F11.4.md,"Troubles mentaux et du comportement liés à l'utilisation d'opiacés - "" Syndrome de sevrage avec délirium """,true,false,true,false,false,0,codable,OWL_ANS,emissible,3553
F11.40,V,V/F11.40.md,"Troubles mentaux et du comportement liés à l'utilisation d'opiacés - ""Syndrome de sevrage avec délirium"" - ""sans convulsion""",true,false,true,true,false,0,codable,OWL_ANS,emissible,4079
F11.41,V,V/F11.41.md,"Troubles mentaux et du comportement liés à l'utilisation d'opiacés - ""Syndrome de sevrage avec délirium"" - ""avec convulsions""",true,false,true,true,false,0,codable,OWL_ANS,emissible,4080
F11.5,V,V/F11.5.md,"Troubles mentaux et du comportement liés à l'utilisation d'opiacés - "" Trouble psychotique """,true,false,true,false,false,0,codable,OWL_ANS,emissible,4494
F11.50,V,V/F11.50.md,"Troubles mentaux et du comportement liés à l'utilisation d'opiacés - ""Trouble psychotique"" - ""d’allure schizophrénique""",true,false,true,true,false,0,codable,OWL_ANS,emissible,5026
F11.51,V,V/F11.51.md,"Troubles mentaux et du comportement liés à l'utilisation d'opiacés - ""Trouble psychotique"" - ""avec idées délirantes au premier plan""",true,false,true,true,false,0,codable,OWL_ANS,emissible,5039
F11.52,V,V/F11.52.md,"Troubles mentaux et du comportement liés à l'utilisation d'opiacés - ""Trouble psychotique"" - ""avec hallucinations au premier plan""",true,false,true,true,false,0,codable,OWL_ANS,emissible,5037
F11.53,V,V/F11.53.md,"Troubles mentaux et du comportement liés à l'utilisation d'opiacés - ""Trouble psychotique"" - ""avec symptômes polymorphes au premier plan""",true,false,true,true,false,0,codable,OWL_ANS,emissible,5044
F11.54,V,V/F11.54.md,"Troubles mentaux et du comportement liés à l'utilisation d'opiacés - ""Trouble psychotique"" - ""avec symptômes dépressifs au premier plan""",true,false,true,true,false,0,codable,OWL_ANS,emissible,5043
F11.55,V,V/F11.55.md,"Troubles mentaux et du comportement liés à l'utilisation d'opiacés - ""Trouble psychotique"" - ""avec symptômes maniaques au premier plan""",true,false,true,true,false,0,codable,OWL_ANS,emissible,5042
F11.56,V,V/F11.56.md,"Troubles mentaux et du comportement liés à l'utilisation d'opiacés - ""Trouble psychotique"" - ""mixte""",true,false,true,true,false,0,codable,OWL_ANS,emissible,5007
F11.6,V,V/F11.6.md,"Troubles mentaux et du comportement liés à l'utilisation d'opiacés - "" Syndrome amnésique """,true,false,true,true,false,0,codable,OWL_ANS,emissible,4549
F11.7,V,V/F11.7.md,"Troubles mentaux et du comportement liés à l'utilisation d'opiacés - "" Trouble résiduel ou psychotique de survenue tardive """,true,false,true,false,false,0,codable,OWL_ANS,emissible,5767
F11.70,V,V/F11.70.md,"Troubles mentaux et du comportement liés à l'utilisation d'opiacés - ""Trouble résiduel ou psychotique de survenue tardive"" - ""flashbacks""",true,false,true,true,false,0,codable,OWL_ANS,emissible,5072
F11.71,V,V/F11.71.md,"Troubles mentaux et du comportement liés à l'utilisation d'opiacés - ""Trouble résiduel ou psychotique de survenue tardive"" - ""trouble de la personnalité ou du comportement""",true,false,true,true,false,0,codable,OWL_ANS,emissible,5107
F11.72,V,V/F11.72.md,"Troubles mentaux et du comportement liés à l'utilisation d'opiacés - ""Trouble résiduel ou psychotique de survenue tardive"" - ""trouble thymique résiduel""",true,false,true,true,false,0,codable,OWL_ANS,emissible,5087
F11.73,V,V/F11.73.md,"Troubles mentaux et du comportement liés à l'utilisation d'opiacés - ""Trouble résiduel ou psychotique de survenue tardive"" - ""démence""",true,false,true,true,false,0,codable,OWL_ANS,emissible,5069
F11.74,V,V/F11.74.md,"Troubles mentaux et du comportement liés à l'utilisation d'opiacés - ""Trouble résiduel ou psychotique de survenue tardive"" - ""autre déficit cognitif persistant""",true,false,true,true,false,0,codable,OWL_ANS,emissible,5095
F11.75,V,V/F11.75.md,"Troubles mentaux et du comportement liés à l'utilisation d'opiacés - ""Trouble résiduel ou psychotique de survenue tardive"" - ""trouble psychotique à début tardif """,true,false,true,true,false,0,codable,OWL_ANS,emissible,5097
F11.8,V,V/F11.8.md,"Troubles mentaux et du comportement liés à l'utilisation d'opiacés - "" Autres troubles mentaux et du comportement """,true,false,true,true,false,0,codable,OWL_ANS,emissible,4476
F11.9,V,V/F11.9.md,"Troubles mentaux et du comportement liés à l'utilisation d'opiacés - "" Trouble mental ou du comportement, sans précision """,true,false,true,true,true,0,codable,OWL_ANS,emissible,3592
F12.0,V,V/F12.0.md,"Troubles mentaux et du comportement liés à l'utilisation de dérivés du cannabis - "" Intoxication aigüe """,true,false,true,false,false,0,codable,OWL_ANS,emissible,4288
F12.00,V,V/F12.00.md,"Troubles mentaux et du comportement liés à l'utilisation de dérivés du cannabis - ""Intoxication aigüe"" - ""sans complication""",true,false,true,true,false,0,codable,OWL_ANS,emissible,4855
F12.01,V,V/F12.01.md,"Troubles mentaux et du comportement liés à l'utilisation de dérivés du cannabis - ""Intoxication aigüe"" - ""avec traumatismes ou autres blessures physiques""",true,false,true,true,false,0,codable,OWL_ANS,emissible,4885
F12.02,V,V/F12.02.md,"Troubles mentaux et du comportement liés à l'utilisation de dérivés du cannabis - ""Intoxication aigüe"" - ""avec d’autres complications médicales""",true,false,true,true,false,0,codable,OWL_ANS,emissible,4875
F12.03,V,V/F12.03.md,"Troubles mentaux et du comportement liés à l'utilisation de dérivés du cannabis - ""Intoxication aigüe"" - ""avec délirium""",true,false,true,true,false,0,codable,OWL_ANS,emissible,4851
F12.04,V,V/F12.04.md,"Troubles mentaux et du comportement liés à l'utilisation de dérivés du cannabis - ""Intoxication aigüe"" - ""avec distorsion des perceptions""",true,false,true,true,false,0,codable,OWL_ANS,emissible,4869
F12.05,V,V/F12.05.md,"Troubles mentaux et du comportement liés à l'utilisation de dérivés du cannabis - ""Intoxication aigüe"" - ""avec coma""",true,false,true,true,false,0,codable,OWL_ANS,emissible,4847
F12.06,V,V/F12.06.md,"Troubles mentaux et du comportement liés à l'utilisation de dérivés du cannabis - ""Intoxication aigüe"" - ""avec convulsions""",true,false,true,true,false,0,codable,OWL_ANS,emissible,4854
F12.07,V,V/F12.07.md,"Troubles mentaux et du comportement liés à l'utilisation de dérivés du cannabis - ""Intoxication aigüe"" - ""intoxication pathologique """,true,false,true,true,false,0,codable,OWL_ANS,emissible,4864
F12.1,V,V/F12.1.md,"Troubles mentaux et du comportement liés à l'utilisation de dérivés du cannabis - "" Utilisation nocive pour la santé """,true,false,true,true,true,0,codable,OWL_ANS,emissible,4059
F12.2,V,V/F12.2.md,"Troubles mentaux et du comportement liés à l'utilisation de dérivés du cannabis - "" Syndrome de dépendance """,true,false,true,false,true,0,codable,OWL_ANS,emissible,4798
F12.20,V,V/F12.20.md,"Troubles mentaux et du comportement liés à l'utilisation de dérivés du cannabis - ""Syndrome de dépendance"" - ""actuellement abstinent""",true,false,true,false,false,0,codable,OWL_ANS,emissible,4636
F12.200,V,V/F12.200.md,"Troubles mentaux et du comportement liés à l'utilisation de dérivés du cannabis - ""Syndrome de dépendance"" - ""actuellement abstinent en rémission récente""",true,false,true,true,false,0,codable,OWL_ANS,emissible,5178
F12.201,V,V/F12.201.md,"Troubles mentaux et du comportement liés à l'utilisation de dérivés du cannabis - ""Syndrome de dépendance"" - ""actuellement abstinent en rémission partielle""",true,false,true,true,false,0,codable,OWL_ANS,emissible,5180
F12.202,V,V/F12.202.md,"Troubles mentaux et du comportement liés à l'utilisation de dérivés du cannabis - ""Syndrome de dépendance"" - ""actuellement abstinent en rémission complète""",true,false,true,true,false,0,codable,OWL_ANS,emissible,5179
F12.21,V,V/F12.21.md,"Troubles mentaux et du comportement liés à l'utilisation de dérivés du cannabis - ""Syndrome de dépendance"" - ""actuellement abstinent mais dans un environnement protégé""",true,false,true,true,false,0,codable,OWL_ANS,emissible,5190
F12.22,V,V/F12.22.md,"Troubles mentaux et du comportement liés à l'utilisation de dérivés du cannabis - ""Syndrome de dépendance"" - ""suit actuellement un régime de maintenance ou de substitution, sous surveillance médicale""",true,false,true,true,false,0,codable,OWL_ANS,emissible,5222
F12.23,V,V/F12.23.md,"Troubles mentaux et du comportement liés à l'utilisation de dérivés du cannabis - ""Syndrome de dépendance"" - ""actuellement abstinent mais prend des médicaments aversifs ou bloquants""",true,false,true,true,false,0,codable,OWL_ANS,emissible,5204
F12.24,V,V/F12.24.md,"Troubles mentaux et du comportement liés à l'utilisation de dérivés du cannabis - ""Syndrome de dépendance"" - ""utilise actuellement la drogue [dépendance active]""",true,false,true,false,false,0,codable,OWL_ANS,emissible,4664
F12.240,V,V/F12.240.md,"Troubles mentaux et du comportement liés à l'utilisation de dérivés du cannabis - ""Syndrome de dépendance"" - ""dépendance active sans signe physique""",true,false,true,true,false,0,codable,OWL_ANS,emissible,5172
F12.241,V,V/F12.241.md,"Troubles mentaux et du comportement liés à l'utilisation de dérivés du cannabis - ""Syndrome de dépendance"" - ""dépendance active avec signe physique""",true,false,true,true,false,0,codable,OWL_ANS,emissible,5172
F12.25,V,V/F12.25.md,"Troubles mentaux et du comportement liés à l'utilisation de dérivés du cannabis - ""Syndrome de dépendance"" - ""utilisation continue""",true,false,true,true,false,0,codable,OWL_ANS,emissible,5153
F12.26,V,V/F12.26.md,"Troubles mentaux et du comportement liés à l'utilisation de dérivés du cannabis - ""Syndrome de dépendance"" - ""utilisation épisodique (dipsomanie)""",true,false,true,true,false,0,codable,OWL_ANS,emissible,5168
F12.3,V,V/F12.3.md,"Troubles mentaux et du comportement liés à l'utilisation de dérivés du cannabis - "" Syndrome de sevrage """,true,false,true,false,true,0,codable,OWL_ANS,emissible,3744
F12.30,V,V/F12.30.md,"Troubles mentaux et du comportement liés à l'utilisation de dérivés du cannabis - ""Syndrome de sevrage"" - ""sans complication""",true,false,true,true,false,0,codable,OWL_ANS,emissible,4272
F12.31,V,V/F12.31.md,"Troubles mentaux et du comportement liés à l'utilisation de dérivés du cannabis - ""Syndrome de sevrage"" - ""avec convulsions""",true,false,true,true,false,0,codable,OWL_ANS,emissible,4271
F12.4,V,V/F12.4.md,"Troubles mentaux et du comportement liés à l'utilisation de dérivés du cannabis - "" Syndrome de sevrage avec délirium """,true,false,true,false,false,0,codable,OWL_ANS,emissible,3566
F12.40,V,V/F12.40.md,"Troubles mentaux et du comportement liés à l'utilisation de dérivés du cannabis - ""Syndrome de sevrage avec délirium"" - ""sans convulsion""",true,false,true,true,false,0,codable,OWL_ANS,emissible,4092
F12.41,V,V/F12.41.md,"Troubles mentaux et du comportement liés à l'utilisation de dérivés du cannabis - ""Syndrome de sevrage avec délirium"" - ""avec convulsions""",true,false,true,true,false,0,codable,OWL_ANS,emissible,4093
F12.5,V,V/F12.5.md,"Troubles mentaux et du comportement liés à l'utilisation de dérivés du cannabis - "" Trouble psychotique """,true,false,true,false,false,0,codable,OWL_ANS,emissible,4507
F12.50,V,V/F12.50.md,"Troubles mentaux et du comportement liés à l'utilisation de dérivés du cannabis - ""Trouble psychotique"" - ""d’allure schizophrénique""",true,false,true,true,false,0,codable,OWL_ANS,emissible,5039
F12.51,V,V/F12.51.md,"Troubles mentaux et du comportement liés à l'utilisation de dérivés du cannabis - ""Trouble psychotique"" - ""avec idées délirantes au premier plan""",true,false,true,true,false,0,codable,OWL_ANS,emissible,5052
F12.52,V,V/F12.52.md,"Troubles mentaux et du comportement liés à l'utilisation de dérivés du cannabis - ""Trouble psychotique"" - ""avec hallucinations au premier plan""",true,false,true,true,false,0,codable,OWL_ANS,emissible,5050
F12.53,V,V/F12.53.md,"Troubles mentaux et du comportement liés à l'utilisation de dérivés du cannabis - ""Trouble psychotique"" - ""avec symptômes polymorphes au premier plan""",true,false,true,true,false,0,codable,OWL_ANS,emissible,5057
F12.54,V,V/F12.54.md,"Troubles mentaux et du comportement liés à l'utilisation de dérivés du cannabis - ""Trouble psychotique"" - ""avec symptômes dépressifs au premier plan""",true,false,true,true,false,0,codable,OWL_ANS,emissible,5056
F12.55,V,V/F12.55.md,"Troubles mentaux et du comportement liés à l'utilisation de dérivés du cannabis - ""Trouble psychotique"" - ""avec symptômes maniaques au premier plan""",true,false,true,true,false,0,codable,OWL_ANS,emissible,5055
F12.56,V,V/F12.56.md,"Troubles mentaux et du comportement liés à l'utilisation de dérivés du cannabis - ""Trouble psychotique"" - ""mixte""",true,false,true,true,false,0,codable,OWL_ANS,emissible,5020
F12.6,V,V/F12.6.md,"Troubles mentaux et du comportement liés à l'utilisation de dérivés du cannabis - "" Syndrome amnésique """,true,false,true,true,false,0,codable,OWL_ANS,emissible,4562
F12.7,V,V/F12.7.md,"Troubles mentaux et du comportement liés à l'utilisation de dérivés du cannabis - "" Trouble résiduel ou psychotique de survenue tardive """,true,false,true,false,false,0,codable,OWL_ANS,emissible,5780
F12.70,V,V/F12.70.md,"Troubles mentaux et du comportement liés à l'utilisation de dérivés du cannabis - ""Trouble résiduel ou psychotique de survenue tardive"" - ""flashbacks""",true,false,true,true,false,0,codable,OWL_ANS,emissible,5085
F12.71,V,V/F12.71.md,"Troubles mentaux et du comportement liés à l'utilisation de dérivés du cannabis - ""Trouble résiduel ou psychotique de survenue tardive"" - ""trouble de la personnalité ou du comportement""",true,false,true,true,false,0,codable,OWL_ANS,emissible,5120
F12.72,V,V/F12.72.md,"Troubles mentaux et du comportement liés à l'utilisation de dérivés du cannabis - ""Trouble résiduel ou psychotique de survenue tardive"" - ""trouble thymique résiduel""",true,false,true,true,false,0,codable,OWL_ANS,emissible,5100
F12.73,V,V/F12.73.md,"Troubles mentaux et du comportement liés à l'utilisation de dérivés du cannabis - ""Trouble résiduel ou psychotique de survenue tardive"" - ""démence""",true,false,true,true,false,0,codable,OWL_ANS,emissible,5082
F12.74,V,V/F12.74.md,"Troubles mentaux et du comportement liés à l'utilisation de dérivés du cannabis - ""Trouble résiduel ou psychotique de survenue tardive"" - ""autre déficit cognitif persistant""",true,false,true,true,false,0,codable,OWL_ANS,emissible,5108
F12.75,V,V/F12.75.md,"Troubles mentaux et du comportement liés à l'utilisation de dérivés du cannabis - ""Trouble résiduel ou psychotique de survenue tardive"" - ""trouble psychotique à début tardif """,true,false,true,true,false,0,codable,OWL_ANS,emissible,5110
F12.8,V,V/F12.8.md,"Troubles mentaux et du comportement liés à l'utilisation de dérivés du cannabis - "" Autres troubles mentaux et du comportement """,true,false,true,true,false,0,codable,OWL_ANS,emissible,4593
F12.9,V,V/F12.9.md,"Troubles mentaux et du comportement liés à l'utilisation de dérivés du cannabis - "" Trouble mental ou du comportement, sans précision """,true,false,true,true,true,0,codable,OWL_ANS,emissible,3774
F13.0,V,V/F13.0.md,"Troubles mentaux et du comportement liés à l'utilisation de sédatifs ou d'hypnotiques - "" Intoxication aigüe """,true,false,true,false,false,0,codable,OWL_ANS,emissible,4461
F13.00,V,V/F13.00.md,"Troubles mentaux et du comportement liés à l'utilisation de sédatifs ou d'hypnotiques - ""Intoxication aigüe"" - ""sans complication""",true,false,true,true,false,0,codable,OWL_ANS,emissible,4861
F13.01,V,V/F13.01.md,"Troubles mentaux et du comportement liés à l'utilisation de sédatifs ou d'hypnotiques - ""Intoxication aigüe"" - ""avec traumatismes ou autres blessures physiques""",true,false,true,true,false,0,codable,OWL_ANS,emissible,4891
F13.02,V,V/F13.02.md,"Troubles mentaux et du comportement liés à l'utilisation de sédatifs ou d'hypnotiques - ""Intoxication aigüe"" - ""avec d’autres complications médicales""",true,false,true,true,false,0,codable,OWL_ANS,emissible,4881
F13.03,V,V/F13.03.md,"Troubles mentaux et du comportement liés à l'utilisation de sédatifs ou d'hypnotiques - ""Intoxication aigüe"" - ""avec délirium""",true,false,true,true,false,0,codable,OWL_ANS,emissible,4857
F13.04,V,V/F13.04.md,"Troubles mentaux et du comportement liés à l'utilisation de sédatifs ou d'hypnotiques - ""Intoxication aigüe"" - ""avec distorsion des perceptions""",true,false,true,true,false,0,codable,OWL_ANS,emissible,4875
F13.05,V,V/F13.05.md,"Troubles mentaux et du comportement liés à l'utilisation de sédatifs ou d'hypnotiques - ""Intoxication aigüe"" - ""avec coma""",true,false,true,true,false,0,codable,OWL_ANS,emissible,4853
F13.06,V,V/F13.06.md,"Troubles mentaux et du comportement liés à l'utilisation de sédatifs ou d'hypnotiques - ""Intoxication aigüe"" - ""avec convulsions""",true,false,true,true,false,0,codable,OWL_ANS,emissible,4860
F13.07,V,V/F13.07.md,"Troubles mentaux et du comportement liés à l'utilisation de sédatifs ou d'hypnotiques - ""Intoxication aigüe"" - ""intoxication pathologique """,true,false,true,true,false,0,codable,OWL_ANS,emissible,4870
F13.1,V,V/F13.1.md,"Troubles mentaux et du comportement liés à l'utilisation de sédatifs ou d'hypnotiques - "" Utilisation nocive pour la santé """,true,false,true,true,true,0,codable,OWL_ANS,emissible,4188
F13.2,V,V/F13.2.md,"Troubles mentaux et du comportement liés à l'utilisation de sédatifs ou d'hypnotiques - "" Syndrome de dépendance """,true,false,true,false,true,0,codable,OWL_ANS,emissible,4940
F13.20,V,V/F13.20.md,"Troubles mentaux et du comportement liés à l'utilisation de sédatifs ou d'hypnotiques - ""Syndrome de dépendance"" - ""actuellement abstinent""",true,false,true,false,false,0,codable,OWL_ANS,emissible,4642
F13.200,V,V/F13.200.md,"Troubles mentaux et du comportement liés à l'utilisation de sédatifs ou d'hypnotiques - ""Syndrome de dépendance"" - ""actuellement abstinent en rémission récente""",true,false,true,true,false,0,codable,OWL_ANS,emissible,5184
F13.201,V,V/F13.201.md,"Troubles mentaux et du comportement liés à l'utilisation de sédatifs ou d'hypnotiques - ""Syndrome de dépendance"" - ""actuellement abstinent en rémission partielle""",true,false,true,true,false,0,codable,OWL_ANS,emissible,5186
F13.202,V,V/F13.202.md,"Troubles mentaux et du comportement liés à l'utilisation de sédatifs ou d'hypnotiques - ""Syndrome de dépendance"" - ""actuellement abstinent en rémission complète""",true,false,true,true,false,0,codable,OWL_ANS,emissible,5185
F13.21,V,V/F13.21.md,"Troubles mentaux et du comportement liés à l'utilisation de sédatifs ou d'hypnotiques - ""Syndrome de dépendance"" - ""actuellement abstinent mais dans un environnement protégé""",true,false,true,true,false,0,codable,OWL_ANS,emissible,5196
F13.22,V,V/F13.22.md,"Troubles mentaux et du comportement liés à l'utilisation de sédatifs ou d'hypnotiques - ""Syndrome de dépendance"" - ""suit actuellement un régime de maintenance ou de substitution, sous surveillance médicale""",true,false,true,true,false,0,codable,OWL_ANS,emissible,5228
F13.23,V,V/F13.23.md,"Troubles mentaux et du comportement liés à l'utilisation de sédatifs ou d'hypnotiques - ""Syndrome de dépendance"" - ""actuellement abstinent mais prend des médicaments aversifs ou bloquants""",true,false,true,true,false,0,codable,OWL_ANS,emissible,5210
F13.24,V,V/F13.24.md,"Troubles mentaux et du comportement liés à l'utilisation de sédatifs ou d'hypnotiques - ""Syndrome de dépendance"" - ""utilise actuellement la drogue [dépendance active]""",true,false,true,false,false,0,codable,OWL_ANS,emissible,4670
F13.240,V,V/F13.240.md,"Troubles mentaux et du comportement liés à l'utilisation de sédatifs ou d'hypnotiques - ""Syndrome de dépendance"" - ""dépendance active sans signe physique""",true,false,true,true,false,0,codable,OWL_ANS,emissible,5178
F13.241,V,V/F13.241.md,"Troubles mentaux et du comportement liés à l'utilisation de sédatifs ou d'hypnotiques - ""Syndrome de dépendance"" - ""dépendance active avec signe physique""",true,false,true,true,false,0,codable,OWL_ANS,emissible,5178
F13.25,V,V/F13.25.md,"Troubles mentaux et du comportement liés à l'utilisation de sédatifs ou d'hypnotiques - ""Syndrome de dépendance"" - ""utilisation continue""",true,false,true,true,false,0,codable,OWL_ANS,emissible,5159
F13.26,V,V/F13.26.md,"Troubles mentaux et du comportement liés à l'utilisation de sédatifs ou d'hypnotiques - ""Syndrome de dépendance"" - ""utilisation épisodique (dipsomanie)""",true,false,true,true,false,0,codable,OWL_ANS,emissible,5174
F13.3,V,V/F13.3.md,"Troubles mentaux et du comportement liés à l'utilisation de sédatifs ou d'hypnotiques - "" Syndrome de sevrage """,true,false,true,false,true,0,codable,OWL_ANS,emissible,3819
F13.30,V,V/F13.30.md,"Troubles mentaux et du comportement liés à l'utilisation de sédatifs ou d'hypnotiques - ""Syndrome de sevrage"" - ""sans complication""",true,false,true,true,false,0,codable,OWL_ANS,emissible,4278
F13.31,V,V/F13.31.md,"Troubles mentaux et du comportement liés à l'utilisation de sédatifs ou d'hypnotiques - ""Syndrome de sevrage"" - ""avec convulsions""",true,false,true,true,false,0,codable,OWL_ANS,emissible,4277
F13.4,V,V/F13.4.md,"Troubles mentaux et du comportement liés à l'utilisation de sédatifs ou d'hypnotiques - "" Syndrome de sevrage avec délirium """,true,false,true,false,false,0,codable,OWL_ANS,emissible,3572
F13.40,V,V/F13.40.md,"Troubles mentaux et du comportement liés à l'utilisation de sédatifs ou d'hypnotiques - ""Syndrome de sevrage avec délirium"" - ""sans convulsion""",true,false,true,true,false,0,codable,OWL_ANS,emissible,4098
F13.41,V,V/F13.41.md,"Troubles mentaux et du comportement liés à l'utilisation de sédatifs ou d'hypnotiques - ""Syndrome de sevrage avec délirium"" - ""avec convulsions""",true,false,true,true,false,0,codable,OWL_ANS,emissible,4099
F13.5,V,V/F13.5.md,"Troubles mentaux et du comportement liés à l'utilisation de sédatifs ou d'hypnotiques - "" Trouble psychotique """,true,false,true,false,false,0,codable,OWL_ANS,emissible,4513
F13.50,V,V/F13.50.md,"Troubles mentaux et du comportement liés à l'utilisation de sédatifs ou d'hypnotiques - ""Trouble psychotique"" - ""d’allure schizophrénique""",true,false,true,true,false,0,codable,OWL_ANS,emissible,5045
F13.51,V,V/F13.51.md,"Troubles mentaux et du comportement liés à l'utilisation de sédatifs ou d'hypnotiques - ""Trouble psychotique"" - ""avec idées délirantes au premier plan""",true,false,true,true,false,0,codable,OWL_ANS,emissible,5058
F13.52,V,V/F13.52.md,"Troubles mentaux et du comportement liés à l'utilisation de sédatifs ou d'hypnotiques - ""Trouble psychotique"" - ""avec hallucinations au premier plan""",true,false,true,true,false,0,codable,OWL_ANS,emissible,5056
F13.53,V,V/F13.53.md,"Troubles mentaux et du comportement liés à l'utilisation de sédatifs ou d'hypnotiques - ""Trouble psychotique"" - ""avec symptômes polymorphes au premier plan""",true,false,true,true,false,0,codable,OWL_ANS,emissible,5063
F13.54,V,V/F13.54.md,"Troubles mentaux et du comportement liés à l'utilisation de sédatifs ou d'hypnotiques - ""Trouble psychotique"" - ""avec symptômes dépressifs au premier plan""",true,false,true,true,false,0,codable,OWL_ANS,emissible,5062
F13.55,V,V/F13.55.md,"Troubles mentaux et du comportement liés à l'utilisation de sédatifs ou d'hypnotiques - ""Trouble psychotique"" - ""avec symptômes maniaques au premier plan""",true,false,true,true,false,0,codable,OWL_ANS,emissible,5061
F13.56,V,V/F13.56.md,"Troubles mentaux et du comportement liés à l'utilisation de sédatifs ou d'hypnotiques - ""Trouble psychotique"" - ""mixte""",true,false,true,true,false,0,codable,OWL_ANS,emissible,5026
F13.6,V,V/F13.6.md,"Troubles mentaux et du comportement liés à l'utilisation de sédatifs ou d'hypnotiques - "" Syndrome amnésique """,true,false,true,true,false,0,codable,OWL_ANS,emissible,4568
F13.7,V,V/F13.7.md,"Troubles mentaux et du comportement liés à l'utilisation de sédatifs ou d'hypnotiques - "" Trouble résiduel ou psychotique de survenue tardive """,true,false,true,false,false,0,codable,OWL_ANS,emissible,5786
F13.70,V,V/F13.70.md,"Troubles mentaux et du comportement liés à l'utilisation de sédatifs ou d'hypnotiques - ""Trouble résiduel ou psychotique de survenue tardive"" - ""flashbacks""",true,false,true,true,false,0,codable,OWL_ANS,emissible,5091
F13.71,V,V/F13.71.md,"Troubles mentaux et du comportement liés à l'utilisation de sédatifs ou d'hypnotiques - ""Trouble résiduel ou psychotique de survenue tardive"" - ""trouble de la personnalité ou du comportement""",true,false,true,true,false,0,codable,OWL_ANS,emissible,5126
F13.72,V,V/F13.72.md,"Troubles mentaux et du comportement liés à l'utilisation de sédatifs ou d'hypnotiques - ""Trouble résiduel ou psychotique de survenue tardive"" - ""trouble thymique résiduel""",true,false,true,true,false,0,codable,OWL_ANS,emissible,5106
F13.73,V,V/F13.73.md,"Troubles mentaux et du comportement liés à l'utilisation de sédatifs ou d'hypnotiques - ""Trouble résiduel ou psychotique de survenue tardive"" - ""démence""",true,false,true,true,false,0,codable,OWL_ANS,emissible,5088
F13.74,V,V/F13.74.md,"Troubles mentaux et du comportement liés à l'utilisation de sédatifs ou d'hypnotiques - ""Trouble résiduel ou psychotique de survenue tardive"" - ""autre déficit cognitif persistant""",true,false,true,true,false,0,codable,OWL_ANS,emissible,5114
F13.75,V,V/F13.75.md,"Troubles mentaux et du comportement liés à l'utilisation de sédatifs ou d'hypnotiques - ""Trouble résiduel ou psychotique de survenue tardive"" - ""trouble psychotique à début tardif """,true,false,true,true,false,0,codable,OWL_ANS,emissible,5116
F13.8,V,V/F13.8.md,"Troubles mentaux et du comportement liés à l'utilisation de sédatifs ou d'hypnotiques - "" Autres troubles mentaux et du comportement """,true,false,true,true,false,0,codable,OWL_ANS,emissible,4647
F13.9,V,V/F13.9.md,"Troubles mentaux et du comportement liés à l'utilisation de sédatifs ou d'hypnotiques - "" Trouble mental ou du comportement, sans précision """,true,false,true,true,true,0,codable,OWL_ANS,emissible,3626
F14.0,V,V/F14.0.md,"Troubles mentaux et du comportement liés à l'utilisation de cocaïne - "" Intoxication aigüe """,true,false,true,false,false,0,codable,OWL_ANS,emissible,4276
F14.00,V,V/F14.00.md,"Troubles mentaux et du comportement liés à l'utilisation de cocaïne - ""Intoxication aigüe"" - ""sans complication""",true,false,true,true,false,0,codable,OWL_ANS,emissible,4843
F14.01,V,V/F14.01.md,"Troubles mentaux et du comportement liés à l'utilisation de cocaïne - ""Intoxication aigüe"" - ""avec traumatismes ou autres blessures physiques""",true,false,true,true,false,0,codable,OWL_ANS,emissible,4873
F14.02,V,V/F14.02.md,"Troubles mentaux et du comportement liés à l'utilisation de cocaïne - ""Intoxication aigüe"" - ""avec d’autres complications médicales""",true,false,true,true,false,0,codable,OWL_ANS,emissible,4863
F14.03,V,V/F14.03.md,"Troubles mentaux et du comportement liés à l'utilisation de cocaïne - ""Intoxication aigüe"" - ""avec délirium""",true,false,true,true,false,0,codable,OWL_ANS,emissible,4839
F14.04,V,V/F14.04.md,"Troubles mentaux et du comportement liés à l'utilisation de cocaïne - ""Intoxication aigüe"" - ""avec distorsion des perceptions""",true,false,true,true,false,0,codable,OWL_ANS,emissible,4857
F14.05,V,V/F14.05.md,"Troubles mentaux et du comportement liés à l'utilisation de cocaïne - ""Intoxication aigüe"" - ""avec coma""",true,false,true,true,false,0,codable,OWL_ANS,emissible,4835
F14.06,V,V/F14.06.md,"Troubles mentaux et du comportement liés à l'utilisation de cocaïne - ""Intoxication aigüe"" - ""avec convulsions""",true,false,true,true,false,0,codable,OWL_ANS,emissible,4842
F14.07,V,V/F14.07.md,"Troubles mentaux et du comportement liés à l'utilisation de cocaïne - ""Intoxication aigüe"" - ""intoxication pathologique """,true,false,true,true,false,0,codable,OWL_ANS,emissible,4852
F14.1,V,V/F14.1.md,"Troubles mentaux et du comportement liés à l'utilisation de cocaïne - "" Utilisation nocive pour la santé """,true,false,true,true,false,0,codable,OWL_ANS,emissible,3939
F14.2,V,V/F14.2.md,"Troubles mentaux et du comportement liés à l'utilisation de cocaïne - "" Syndrome de dépendance """,true,false,true,false,true,0,codable,OWL_ANS,emissible,4766
F14.20,V,V/F14.20.md,"Troubles mentaux et du comportement liés à l'utilisation de cocaïne - ""Syndrome de dépendance"" - ""actuellement abstinent""",true,false,true,false,false,0,codable,OWL_ANS,emissible,4624
F14.200,V,V/F14.200.md,"Troubles mentaux et du comportement liés à l'utilisation de cocaïne - ""Syndrome de dépendance"" - ""actuellement abstinent en rémission récente""",true,false,true,true,false,0,codable,OWL_ANS,emissible,5166
F14.201,V,V/F14.201.md,"Troubles mentaux et du comportement liés à l'utilisation de cocaïne - ""Syndrome de dépendance"" - ""actuellement abstinent en rémission partielle""",true,false,true,true,false,0,codable,OWL_ANS,emissible,5168
F14.202,V,V/F14.202.md,"Troubles mentaux et du comportement liés à l'utilisation de cocaïne - ""Syndrome de dépendance"" - ""actuellement abstinent en rémission complète""",true,false,true,true,false,0,codable,OWL_ANS,emissible,5167
F14.21,V,V/F14.21.md,"Troubles mentaux et du comportement liés à l'utilisation de cocaïne - ""Syndrome de dépendance"" - ""actuellement abstinent mais dans un environnement protégé""",true,false,true,true,false,0,codable,OWL_ANS,emissible,5178
F14.22,V,V/F14.22.md,"Troubles mentaux et du comportement liés à l'utilisation de cocaïne - ""Syndrome de dépendance"" - ""suit actuellement un régime de maintenance ou de substitution, sous surveillance médicale""",true,false,true,true,false,0,codable,OWL_ANS,emissible,5210
F14.23,V,V/F14.23.md,"Troubles mentaux et du comportement liés à l'utilisation de cocaïne - ""Syndrome de dépendance"" - ""actuellement abstinent mais prend des médicaments aversifs ou bloquants""",true,false,true,true,false,0,codable,OWL_ANS,emissible,5192
F14.24,V,V/F14.24.md,"Troubles mentaux et du comportement liés à l'utilisation de cocaïne - ""Syndrome de dépendance"" - ""utilise actuellement la drogue [dépendance active]""",true,false,true,false,false,0,codable,OWL_ANS,emissible,4652
F14.240,V,V/F14.240.md,"Troubles mentaux et du comportement liés à l'utilisation de cocaïne - ""Syndrome de dépendance"" - ""dépendance active sans signe physique""",true,false,true,true,false,0,codable,OWL_ANS,emissible,5160
F14.241,V,V/F14.241.md,"Troubles mentaux et du comportement liés à l'utilisation de cocaïne - ""Syndrome de dépendance"" - ""dépendance active avec signe physique""",true,false,true,true,false,0,codable,OWL_ANS,emissible,5160
F14.25,V,V/F14.25.md,"Troubles mentaux et du comportement liés à l'utilisation de cocaïne - ""Syndrome de dépendance"" - ""utilisation continue""",true,false,true,true,false,0,codable,OWL_ANS,emissible,5141
F14.26,V,V/F14.26.md,"Troubles mentaux et du comportement liés à l'utilisation de cocaïne - ""Syndrome de dépendance"" - ""utilisation épisodique (dipsomanie)""",true,false,true,true,false,0,codable,OWL_ANS,emissible,5156
F14.3,V,V/F14.3.md,"Troubles mentaux et du comportement liés à l'utilisation de cocaïne - "" Syndrome de sevrage """,true,false,true,false,false,0,codable,OWL_ANS,emissible,3673
F14.30,V,V/F14.30.md,"Troubles mentaux et du comportement liés à l'utilisation de cocaïne - ""Syndrome de sevrage"" - ""sans complication""",true,false,true,true,false,0,codable,OWL_ANS,emissible,4260
F14.31,V,V/F14.31.md,"Troubles mentaux et du comportement liés à l'utilisation de cocaïne - ""Syndrome de sevrage"" - ""avec convulsions""",true,false,true,true,false,0,codable,OWL_ANS,emissible,4259
F14.4,V,V/F14.4.md,"Troubles mentaux et du comportement liés à l'utilisation de cocaïne - "" Syndrome de sevrage avec délirium """,true,false,true,false,false,0,codable,OWL_ANS,emissible,3554
F14.40,V,V/F14.40.md,"Troubles mentaux et du comportement liés à l'utilisation de cocaïne - ""Syndrome de sevrage avec délirium"" - ""sans convulsion""",true,false,true,true,false,0,codable,OWL_ANS,emissible,4080
F14.41,V,V/F14.41.md,"Troubles mentaux et du comportement liés à l'utilisation de cocaïne - ""Syndrome de sevrage avec délirium"" - ""avec convulsions""",true,false,true,true,false,0,codable,OWL_ANS,emissible,4081
F14.5,V,V/F14.5.md,"Troubles mentaux et du comportement liés à l'utilisation de cocaïne - "" Trouble psychotique """,true,false,true,false,false,0,codable,OWL_ANS,emissible,4495
F14.50,V,V/F14.50.md,"Troubles mentaux et du comportement liés à l'utilisation de cocaïne - ""Trouble psychotique"" - ""d’allure schizophrénique""",true,false,true,true,false,0,codable,OWL_ANS,emissible,5027
F14.51,V,V/F14.51.md,"Troubles mentaux et du comportement liés à l'utilisation de cocaïne - ""Trouble psychotique"" - ""avec idées délirantes au premier plan""",true,false,true,true,false,0,codable,OWL_ANS,emissible,5040
F14.52,V,V/F14.52.md,"Troubles mentaux et du comportement liés à l'utilisation de cocaïne - ""Trouble psychotique"" - ""avec hallucinations au premier plan""",true,false,true,true,false,0,codable,OWL_ANS,emissible,5038
F14.53,V,V/F14.53.md,"Troubles mentaux et du comportement liés à l'utilisation de cocaïne - ""Trouble psychotique"" - ""avec symptômes polymorphes au premier plan""",true,false,true,true,false,0,codable,OWL_ANS,emissible,5045
F14.54,V,V/F14.54.md,"Troubles mentaux et du comportement liés à l'utilisation de cocaïne - ""Trouble psychotique"" - ""avec symptômes dépressifs au premier plan""",true,false,true,true,false,0,codable,OWL_ANS,emissible,5044
F14.55,V,V/F14.55.md,"Troubles mentaux et du comportement liés à l'utilisation de cocaïne - ""Trouble psychotique"" - ""avec symptômes maniaques au premier plan""",true,false,true,true,false,0,codable,OWL_ANS,emissible,5043
F14.56,V,V/F14.56.md,"Troubles mentaux et du comportement liés à l'utilisation de cocaïne - ""Trouble psychotique"" - ""mixte""",true,false,true,true,false,0,codable,OWL_ANS,emissible,5008
F14.6,V,V/F14.6.md,"Troubles mentaux et du comportement liés à l'utilisation de cocaïne - "" Syndrome amnésique """,true,false,true,true,false,0,codable,OWL_ANS,emissible,4550
F14.7,V,V/F14.7.md,"Troubles mentaux et du comportement liés à l'utilisation de cocaïne - "" Trouble résiduel ou psychotique de survenue tardive """,true,false,true,false,false,0,codable,OWL_ANS,emissible,5768
F14.70,V,V/F14.70.md,"Troubles mentaux et du comportement liés à l'utilisation de cocaïne - ""Trouble résiduel ou psychotique de survenue tardive"" - ""flashbacks""",true,false,true,true,false,0,codable,OWL_ANS,emissible,5073
F14.71,V,V/F14.71.md,"Troubles mentaux et du comportement liés à l'utilisation de cocaïne - ""Trouble résiduel ou psychotique de survenue tardive"" - ""trouble de la personnalité ou du comportement""",true,false,true,true,false,0,codable,OWL_ANS,emissible,5108
F14.72,V,V/F14.72.md,"Troubles mentaux et du comportement liés à l'utilisation de cocaïne - ""Trouble résiduel ou psychotique de survenue tardive"" - ""trouble thymique résiduel""",true,false,true,true,false,0,codable,OWL_ANS,emissible,5088
F14.73,V,V/F14.73.md,"Troubles mentaux et du comportement liés à l'utilisation de cocaïne - ""Trouble résiduel ou psychotique de survenue tardive"" - ""démence""",true,false,true,true,false,0,codable,OWL_ANS,emissible,5070
F14.74,V,V/F14.74.md,"Troubles mentaux et du comportement liés à l'utilisation de cocaïne - ""Trouble résiduel ou psychotique de survenue tardive"" - ""autre déficit cognitif persistant""",true,false,true,true,false,0,codable,OWL_ANS,emissible,5096
F14.75,V,V/F14.75.md,"Troubles mentaux et du comportement liés à l'utilisation de cocaïne - ""Trouble résiduel ou psychotique de survenue tardive"" - ""trouble psychotique à début tardif """,true,false,true,true,false,0,codable,OWL_ANS,emissible,5098
F14.8,V,V/F14.8.md,"Troubles mentaux et du comportement liés à l'utilisation de cocaïne - "" Autres troubles mentaux et du comportement """,true,false,true,true,false,0,codable,OWL_ANS,emissible,4485
F14.9,V,V/F14.9.md,"Troubles mentaux et du comportement liés à l'utilisation de cocaïne - "" Trouble mental ou du comportement, sans précision """,true,false,true,true,true,0,codable,OWL_ANS,emissible,3616
F15.0,V,V/F15.0.md,"Troubles mentaux et du comportement liés à l'utilisation d'autres stimulants, y compris la caféine - "" Intoxication aigüe """,true,false,true,false,false,0,codable,OWL_ANS,emissible,4474
F15.00,V,V/F15.00.md,"Troubles mentaux et du comportement liés à l'utilisation d'autres stimulants, y compris la caféine - ""Intoxication aigüe"" - ""sans complication""",true,false,true,true,false,0,codable,OWL_ANS,emissible,4874
F15.01,V,V/F15.01.md,"Troubles mentaux et du comportement liés à l'utilisation d'autres stimulants, y compris la caféine - ""Intoxication aigüe"" - ""avec traumatismes ou autres blessures physiques""",true,false,true,true,false,0,codable,OWL_ANS,emissible,4904
F15.02,V,V/F15.02.md,"Troubles mentaux et du comportement liés à l'utilisation d'autres stimulants, y compris la caféine - ""Intoxication aigüe"" - ""avec d’autres complications médicales""",true,false,true,true,false,0,codable,OWL_ANS,emissible,4894
F15.03,V,V/F15.03.md,"Troubles mentaux et du comportement liés à l'utilisation d'autres stimulants, y compris la caféine - ""Intoxication aigüe"" - ""avec délirium""",true,false,true,true,false,0,codable,OWL_ANS,emissible,4870
F15.04,V,V/F15.04.md,"Troubles mentaux et du comportement liés à l'utilisation d'autres stimulants, y compris la caféine - ""Intoxication aigüe"" - ""avec distorsion des perceptions""",true,false,true,true,false,0,codable,OWL_ANS,emissible,4888
F15.05,V,V/F15.05.md,"Troubles mentaux et du comportement liés à l'utilisation d'autres stimulants, y compris la caféine - ""Intoxication aigüe"" - ""avec coma""",true,false,true,true,false,0,codable,OWL_ANS,emissible,4866
F15.06,V,V/F15.06.md,"Troubles mentaux et du comportement liés à l'utilisation d'autres stimulants, y compris la caféine - ""Intoxication aigüe"" - ""avec convulsions""",true,false,true,true,false,0,codable,OWL_ANS,emissible,4873
F15.07,V,V/F15.07.md,"Troubles mentaux et du comportement liés à l'utilisation d'autres stimulants, y compris la caféine - ""Intoxication aigüe"" - ""intoxication pathologique """,true,false,true,true,false,0,codable,OWL_ANS,emissible,4883
F15.1,V,V/F15.1.md,"Troubles mentaux et du comportement liés à l'utilisation d'autres stimulants, y compris la caféine - "" Utilisation nocive pour la santé """,true,false,true,true,false,0,codable,OWL_ANS,emissible,3970
F15.2,V,V/F15.2.md,"Troubles mentaux et du comportement liés à l'utilisation d'autres stimulants, y compris la caféine - "" Syndrome de dépendance """,true,false,true,false,true,0,codable,OWL_ANS,emissible,4807
F15.20,V,V/F15.20.md,"Troubles mentaux et du comportement liés à l'utilisation d'autres stimulants, y compris la caféine - ""Syndrome de dépendance"" - ""actuellement abstinent""",true,false,true,false,false,0,codable,OWL_ANS,emissible,4655
F15.200,V,V/F15.200.md,"Troubles mentaux et du comportement liés à l'utilisation d'autres stimulants, y compris la caféine - ""Syndrome de dépendance"" - ""actuellement abstinent en rémission récente""",true,false,true,true,false,0,codable,OWL_ANS,emissible,5197
F15.201,V,V/F15.201.md,"Troubles mentaux et du comportement liés à l'utilisation d'autres stimulants, y compris la caféine - ""Syndrome de dépendance"" - ""actuellement abstinent en rémission partielle""",true,false,true,true,false,0,codable,OWL_ANS,emissible,5199
F15.202,V,V/F15.202.md,"Troubles mentaux et du comportement liés à l'utilisation d'autres stimulants, y compris la caféine - ""Syndrome de dépendance"" - ""actuellement abstinent en rémission complète""",true,false,true,true,false,0,codable,OWL_ANS,emissible,5198
F15.21,V,V/F15.21.md,"Troubles mentaux et du comportement liés à l'utilisation d'autres stimulants, y compris la caféine - ""Syndrome de dépendance"" - ""actuellement abstinent mais dans un environnement protégé""",true,false,true,true,false,0,codable,OWL_ANS,emissible,5209
F15.22,V,V/F15.22.md,"Troubles mentaux et du comportement liés à l'utilisation d'autres stimulants, y compris la caféine - ""Syndrome de dépendance"" - ""suit actuellement un régime de maintenance ou de substitution, sous surveillance médicale""",true,false,true,true,false,0,codable,OWL_ANS,emissible,5241
F15.23,V,V/F15.23.md,"Troubles mentaux et du comportement liés à l'utilisation d'autres stimulants, y compris la caféine - ""Syndrome de dépendance"" - ""actuellement abstinent mais prend des médicaments aversifs ou bloquants""",true,false,true,true,false,0,codable,OWL_ANS,emissible,5223
F15.24,V,V/F15.24.md,"Troubles mentaux et du comportement liés à l'utilisation d'autres stimulants, y compris la caféine - ""Syndrome de dépendance"" - ""utilise actuellement la drogue [dépendance active]""",true,false,true,false,false,0,codable,OWL_ANS,emissible,4683
F15.240,V,V/F15.240.md,"Troubles mentaux et du comportement liés à l'utilisation d'autres stimulants, y compris la caféine - ""Syndrome de dépendance"" - ""dépendance active sans signe physique""",true,false,true,true,false,0,codable,OWL_ANS,emissible,5191
F15.241,V,V/F15.241.md,"Troubles mentaux et du comportement liés à l'utilisation d'autres stimulants, y compris la caféine - ""Syndrome de dépendance"" - ""dépendance active avec signe physique""",true,false,true,true,false,0,codable,OWL_ANS,emissible,5191
F15.25,V,V/F15.25.md,"Troubles mentaux et du comportement liés à l'utilisation d'autres stimulants, y compris la caféine - ""Syndrome de dépendance"" - ""utilisation continue""",true,false,true,true,false,0,codable,OWL_ANS,emissible,5172
F15.26,V,V/F15.26.md,"Troubles mentaux et du comportement liés à l'utilisation d'autres stimulants, y compris la caféine - ""Syndrome de dépendance"" - ""utilisation épisodique (dipsomanie)""",true,false,true,true,false,0,codable,OWL_ANS,emissible,5187
F15.3,V,V/F15.3.md,"Troubles mentaux et du comportement liés à l'utilisation d'autres stimulants, y compris la caféine - "" Syndrome de sevrage """,true,false,true,false,false,0,codable,OWL_ANS,emissible,3704
F15.30,V,V/F15.30.md,"Troubles mentaux et du comportement liés à l'utilisation d'autres stimulants, y compris la caféine - ""Syndrome de sevrage"" - ""sans complication""",true,false,true,true,false,0,codable,OWL_ANS,emissible,4291
F15.31,V,V/F15.31.md,"Troubles mentaux et du comportement liés à l'utilisation d'autres stimulants, y compris la caféine - ""Syndrome de sevrage"" - ""avec convulsions""",true,false,true,true,false,0,codable,OWL_ANS,emissible,4290
F15.4,V,V/F15.4.md,"Troubles mentaux et du comportement liés à l'utilisation d'autres stimulants, y compris la caféine - "" Syndrome de sevrage avec délirium """,true,false,true,false,false,0,codable,OWL_ANS,emissible,3585
F15.40,V,V/F15.40.md,"Troubles mentaux et du comportement liés à l'utilisation d'autres stimulants, y compris la caféine - ""Syndrome de sevrage avec délirium"" - ""sans convulsion""",true,false,true,true,false,0,codable,OWL_ANS,emissible,4111
F15.41,V,V/F15.41.md,"Troubles mentaux et du comportement liés à l'utilisation d'autres stimulants, y compris la caféine - ""Syndrome de sevrage avec délirium"" - ""avec convulsions""",true,false,true,true,false,0,codable,OWL_ANS,emissible,4112
F15.5,V,V/F15.5.md,"Troubles mentaux et du comportement liés à l'utilisation d'autres stimulants, y compris la caféine - "" Trouble psychotique """,true,false,true,false,false,0,codable,OWL_ANS,emissible,4526
F15.50,V,V/F15.50.md,"Troubles mentaux et du comportement liés à l'utilisation d'autres stimulants, y compris la caféine - ""Trouble psychotique"" - ""d’allure schizophrénique""",true,false,true,true,false,0,codable,OWL_ANS,emissible,5058
F15.51,V,V/F15.51.md,"Troubles mentaux et du comportement liés à l'utilisation d'autres stimulants, y compris la caféine - ""Trouble psychotique"" - ""avec idées délirantes au premier plan""",true,false,true,true,false,0,codable,OWL_ANS,emissible,5071
F15.52,V,V/F15.52.md,"Troubles mentaux et du comportement liés à l'utilisation d'autres stimulants, y compris la caféine - ""Trouble psychotique"" - ""avec hallucinations au premier plan""",true,false,true,true,false,0,codable,OWL_ANS,emissible,5069
F15.53,V,V/F15.53.md,"Troubles mentaux et du comportement liés à l'utilisation d'autres stimulants, y compris la caféine - ""Trouble psychotique"" - ""avec symptômes polymorphes au premier plan""",true,false,true,true,false,0,codable,OWL_ANS,emissible,5076
F15.54,V,V/F15.54.md,"Troubles mentaux et du comportement liés à l'utilisation d'autres stimulants, y compris la caféine - ""Trouble psychotique"" - ""avec symptômes dépressifs au premier plan""",true,false,true,true,false,0,codable,OWL_ANS,emissible,5075
F15.55,V,V/F15.55.md,"Troubles mentaux et du comportement liés à l'utilisation d'autres stimulants, y compris la caféine - ""Trouble psychotique"" - ""avec symptômes maniaques au premier plan""",true,false,true,true,false,0,codable,OWL_ANS,emissible,5074
F15.56,V,V/F15.56.md,"Troubles mentaux et du comportement liés à l'utilisation d'autres stimulants, y compris la caféine - ""Trouble psychotique"" - ""mixte""",true,false,true,true,false,0,codable,OWL_ANS,emissible,5039
F15.6,V,V/F15.6.md,"Troubles mentaux et du comportement liés à l'utilisation d'autres stimulants, y compris la caféine - "" Syndrome amnésique """,true,false,true,true,false,0,codable,OWL_ANS,emissible,4581
F15.7,V,V/F15.7.md,"Troubles mentaux et du comportement liés à l'utilisation d'autres stimulants, y compris la caféine - "" Trouble résiduel ou psychotique de survenue tardive """,true,false,true,false,false,0,codable,OWL_ANS,emissible,5799
F15.70,V,V/F15.70.md,"Troubles mentaux et du comportement liés à l'utilisation d'autres stimulants, y compris la caféine - ""Trouble résiduel ou psychotique de survenue tardive"" - ""flashbacks""",true,false,true,true,false,0,codable,OWL_ANS,emissible,5104
F15.71,V,V/F15.71.md,"Troubles mentaux et du comportement liés à l'utilisation d'autres stimulants, y compris la caféine - ""Trouble résiduel ou psychotique de survenue tardive"" - ""trouble de la personnalité ou du comportement""",true,false,true,true,false,0,codable,OWL_ANS,emissible,5139
F15.72,V,V/F15.72.md,"Troubles mentaux et du comportement liés à l'utilisation d'autres stimulants, y compris la caféine - ""Trouble résiduel ou psychotique de survenue tardive"" - ""trouble thymique résiduel""",true,false,true,true,false,0,codable,OWL_ANS,emissible,5119
F15.73,V,V/F15.73.md,"Troubles mentaux et du comportement liés à l'utilisation d'autres stimulants, y compris la caféine - ""Trouble résiduel ou psychotique de survenue tardive"" - ""démence""",true,false,true,true,false,0,codable,OWL_ANS,emissible,5101
F15.74,V,V/F15.74.md,"Troubles mentaux et du comportement liés à l'utilisation d'autres stimulants, y compris la caféine - ""Trouble résiduel ou psychotique de survenue tardive"" - ""autre déficit cognitif persistant""",true,false,true,true,false,0,codable,OWL_ANS,emissible,5127
F15.75,V,V/F15.75.md,"Troubles mentaux et du comportement liés à l'utilisation d'autres stimulants, y compris la caféine - ""Trouble résiduel ou psychotique de survenue tardive"" - ""trouble psychotique à début tardif """,true,false,true,true,false,0,codable,OWL_ANS,emissible,5129
F15.8,V,V/F15.8.md,"Troubles mentaux et du comportement liés à l'utilisation d'autres stimulants, y compris la caféine - "" Autres troubles mentaux et du comportement """,true,false,true,true,false,0,codable,OWL_ANS,emissible,4764
F15.9,V,V/F15.9.md,"Troubles mentaux et du comportement liés à l'utilisation d'autres stimulants, y compris la caféine - "" Trouble mental ou du comportement, sans précision """,true,false,true,true,true,0,codable,OWL_ANS,emissible,3664
F16.0,V,V/F16.0.md,"Troubles mentaux et du comportement liés à l'utilisation d'hallucinogènes - "" Intoxication aigüe """,true,false,true,false,true,0,codable,OWL_ANS,emissible,4339
F16.00,V,V/F16.00.md,"Troubles mentaux et du comportement liés à l'utilisation d'hallucinogènes - ""Intoxication aigüe"" - ""sans complication""",true,false,true,true,false,0,codable,OWL_ANS,emissible,4849
F16.01,V,V/F16.01.md,"Troubles mentaux et du comportement liés à l'utilisation d'hallucinogènes - ""Intoxication aigüe"" - ""avec traumatismes ou autres blessures physiques""",true,false,true,true,false,0,codable,OWL_ANS,emissible,4879
F16.02,V,V/F16.02.md,"Troubles mentaux et du comportement liés à l'utilisation d'hallucinogènes - ""Intoxication aigüe"" - ""avec d’autres complications médicales""",true,false,true,true,false,0,codable,OWL_ANS,emissible,4869
F16.03,V,V/F16.03.md,"Troubles mentaux et du comportement liés à l'utilisation d'hallucinogènes - ""Intoxication aigüe"" - ""avec délirium""",true,false,true,true,false,0,codable,OWL_ANS,emissible,4845
F16.04,V,V/F16.04.md,"Troubles mentaux et du comportement liés à l'utilisation d'hallucinogènes - ""Intoxication aigüe"" - ""avec distorsion des perceptions""",true,false,true,true,false,0,codable,OWL_ANS,emissible,4863
F16.05,V,V/F16.05.md,"Troubles mentaux et du comportement liés à l'utilisation d'hallucinogènes - ""Intoxication aigüe"" - ""avec coma""",true,false,true,true,false,0,codable,OWL_ANS,emissible,4841
F16.06,V,V/F16.06.md,"Troubles mentaux et du comportement liés à l'utilisation d'hallucinogènes - ""Intoxication aigüe"" - ""avec convulsions""",true,false,true,true,false,0,codable,OWL_ANS,emissible,4848
F16.07,V,V/F16.07.md,"Troubles mentaux et du comportement liés à l'utilisation d'hallucinogènes - ""Intoxication aigüe"" - ""intoxication pathologique """,true,false,true,true,false,0,codable,OWL_ANS,emissible,4858
F16.1,V,V/F16.1.md,"Troubles mentaux et du comportement liés à l'utilisation d'hallucinogènes - "" Utilisation nocive pour la santé """,true,false,true,true,false,0,codable,OWL_ANS,emissible,3945
F16.2,V,V/F16.2.md,"Troubles mentaux et du comportement liés à l'utilisation d'hallucinogènes - "" Syndrome de dépendance """,true,false,true,false,true,0,codable,OWL_ANS,emissible,4733
F16.20,V,V/F16.20.md,"Troubles mentaux et du comportement liés à l'utilisation d'hallucinogènes - ""Syndrome de dépendance"" - ""actuellement abstinent""",true,false,true,false,false,0,codable,OWL_ANS,emissible,4630
F16.200,V,V/F16.200.md,"Troubles mentaux et du comportement liés à l'utilisation d'hallucinogènes - ""Syndrome de dépendance"" - ""actuellement abstinent en rémission récente""",true,false,true,true,false,0,codable,OWL_ANS,emissible,5172
F16.201,V,V/F16.201.md,"Troubles mentaux et du comportement liés à l'utilisation d'hallucinogènes - ""Syndrome de dépendance"" - ""actuellement abstinent en rémission partielle""",true,false,true,true,false,0,codable,OWL_ANS,emissible,5174
F16.202,V,V/F16.202.md,"Troubles mentaux et du comportement liés à l'utilisation d'hallucinogènes - ""Syndrome de dépendance"" - ""actuellement abstinent en rémission complète""",true,false,true,true,false,0,codable,OWL_ANS,emissible,5173
F16.21,V,V/F16.21.md,"Troubles mentaux et du comportement liés à l'utilisation d'hallucinogènes - ""Syndrome de dépendance"" - ""actuellement abstinent mais dans un environnement protégé""",true,false,true,true,false,0,codable,OWL_ANS,emissible,5184
F16.22,V,V/F16.22.md,"Troubles mentaux et du comportement liés à l'utilisation d'hallucinogènes - ""Syndrome de dépendance"" - ""suit actuellement un régime de maintenance ou de substitution, sous surveillance médicale""",true,false,true,true,false,0,codable,OWL_ANS,emissible,5216
F16.23,V,V/F16.23.md,"Troubles mentaux et du comportement liés à l'utilisation d'hallucinogènes - ""Syndrome de dépendance"" - ""actuellement abstinent mais prend des médicaments aversifs ou bloquants""",true,false,true,true,false,0,codable,OWL_ANS,emissible,5198
F16.24,V,V/F16.24.md,"Troubles mentaux et du comportement liés à l'utilisation d'hallucinogènes - ""Syndrome de dépendance"" - ""utilise actuellement la drogue [dépendance active]""",true,false,true,false,false,0,codable,OWL_ANS,emissible,4658
F16.240,V,V/F16.240.md,"Troubles mentaux et du comportement liés à l'utilisation d'hallucinogènes - ""Syndrome de dépendance"" - ""dépendance active sans signe physique""",true,false,true,true,false,0,codable,OWL_ANS,emissible,5166
F16.241,V,V/F16.241.md,"Troubles mentaux et du comportement liés à l'utilisation d'hallucinogènes - ""Syndrome de dépendance"" - ""dépendance active avec signe physique""",true,false,true,true,false,0,codable,OWL_ANS,emissible,5166
F16.25,V,V/F16.25.md,"Troubles mentaux et du comportement liés à l'utilisation d'hallucinogènes - ""Syndrome de dépendance"" - ""utilisation continue""",true,false,true,true,false,0,codable,OWL_ANS,emissible,5147
F16.26,V,V/F16.26.md,"Troubles mentaux et du comportement liés à l'utilisation d'hallucinogènes - ""Syndrome de dépendance"" - ""utilisation épisodique (dipsomanie)""",true,false,true,true,false,0,codable,OWL_ANS,emissible,5162
F16.3,V,V/F16.3.md,"Troubles mentaux et du comportement liés à l'utilisation d'hallucinogènes - "" Syndrome de sevrage """,true,false,true,false,false,0,codable,OWL_ANS,emissible,3679
F16.30,V,V/F16.30.md,"Troubles mentaux et du comportement liés à l'utilisation d'hallucinogènes - ""Syndrome de sevrage"" - ""sans complication""",true,false,true,true,false,0,codable,OWL_ANS,emissible,4266
F16.31,V,V/F16.31.md,"Troubles mentaux et du comportement liés à l'utilisation d'hallucinogènes - ""Syndrome de sevrage"" - ""avec convulsions""",true,false,true,true,false,0,codable,OWL_ANS,emissible,4265
F16.4,V,V/F16.4.md,"Troubles mentaux et du comportement liés à l'utilisation d'hallucinogènes - "" Syndrome de sevrage avec délirium """,true,false,true,false,false,0,codable,OWL_ANS,emissible,3560
F16.40,V,V/F16.40.md,"Troubles mentaux et du comportement liés à l'utilisation d'hallucinogènes - ""Syndrome de sevrage avec délirium"" - ""sans convulsion""",true,false,true,true,false,0,codable,OWL_ANS,emissible,4086
F16.41,V,V/F16.41.md,"Troubles mentaux et du comportement liés à l'utilisation d'hallucinogènes - ""Syndrome de sevrage avec délirium"" - ""avec convulsions""",true,false,true,true,false,0,codable,OWL_ANS,emissible,4087
F16.5,V,V/F16.5.md,"Troubles mentaux et du comportement liés à l'utilisation d'hallucinogènes - "" Trouble psychotique """,true,false,true,false,false,0,codable,OWL_ANS,emissible,4501
F16.50,V,V/F16.50.md,"Troubles mentaux et du comportement liés à l'utilisation d'hallucinogènes - ""Trouble psychotique"" - ""d’allure schizophrénique""",true,false,true,true,false,0,codable,OWL_ANS,emissible,5033
F16.51,V,V/F16.51.md,"Troubles mentaux et du comportement liés à l'utilisation d'hallucinogènes - ""Trouble psychotique"" - ""avec idées délirantes au premier plan""",true,false,true,true,false,0,codable,OWL_ANS,emissible,5046
F16.52,V,V/F16.52.md,"Troubles mentaux et du comportement liés à l'utilisation d'hallucinogènes - ""Trouble psychotique"" - ""avec hallucinations au premier plan""",true,false,true,true,false,0,codable,OWL_ANS,emissible,5044
F16.53,V,V/F16.53.md,"Troubles mentaux et du comportement liés à l'utilisation d'hallucinogènes - ""Trouble psychotique"" - ""avec symptômes polymorphes au premier plan""",true,false,true,true,false,0,codable,OWL_ANS,emissible,5051
F16.54,V,V/F16.54.md,"Troubles mentaux et du comportement liés à l'utilisation d'hallucinogènes - ""Trouble psychotique"" - ""avec symptômes dépressifs au premier plan""",true,false,true,true,false,0,codable,OWL_ANS,emissible,5050
F16.55,V,V/F16.55.md,"Troubles mentaux et du comportement liés à l'utilisation d'hallucinogènes - ""Trouble psychotique"" - ""avec symptômes maniaques au premier plan""",true,false,true,true,false,0,codable,OWL_ANS,emissible,5049
F16.56,V,V/F16.56.md,"Troubles mentaux et du comportement liés à l'utilisation d'hallucinogènes - ""Trouble psychotique"" - ""mixte""",true,false,true,true,false,0,codable,OWL_ANS,emissible,5014
F16.6,V,V/F16.6.md,"Troubles mentaux et du comportement liés à l'utilisation d'hallucinogènes - "" Syndrome amnésique """,true,false,true,true,false,0,codable,OWL_ANS,emissible,4556
F16.7,V,V/F16.7.md,"Troubles mentaux et du comportement liés à l'utilisation d'hallucinogènes - "" Trouble résiduel ou psychotique de survenue tardive """,true,false,true,false,false,0,codable,OWL_ANS,emissible,5774
F16.70,V,V/F16.70.md,"Troubles mentaux et du comportement liés à l'utilisation d'hallucinogènes - ""Trouble résiduel ou psychotique de survenue tardive"" - ""flashbacks""",true,false,true,true,false,0,codable,OWL_ANS,emissible,5079
F16.71,V,V/F16.71.md,"Troubles mentaux et du comportement liés à l'utilisation d'hallucinogènes - ""Trouble résiduel ou psychotique de survenue tardive"" - ""trouble de la personnalité ou du comportement""",true,false,true,true,false,0,codable,OWL_ANS,emissible,5114
F16.72,V,V/F16.72.md,"Troubles mentaux et du comportement liés à l'utilisation d'hallucinogènes - ""Trouble résiduel ou psychotique de survenue tardive"" - ""trouble thymique résiduel""",true,false,true,true,false,0,codable,OWL_ANS,emissible,5094
F16.73,V,V/F16.73.md,"Troubles mentaux et du comportement liés à l'utilisation d'hallucinogènes - ""Trouble résiduel ou psychotique de survenue tardive"" - ""démence""",true,false,true,true,false,0,codable,OWL_ANS,emissible,5076
F16.74,V,V/F16.74.md,"Troubles mentaux et du comportement liés à l'utilisation d'hallucinogènes - ""Trouble résiduel ou psychotique de survenue tardive"" - ""autre déficit cognitif persistant""",true,false,true,true,false,0,codable,OWL_ANS,emissible,5102
F16.75,V,V/F16.75.md,"Troubles mentaux et du comportement liés à l'utilisation d'hallucinogènes - ""Trouble résiduel ou psychotique de survenue tardive"" - ""trouble psychotique à début tardif """,true,false,true,true,false,0,codable,OWL_ANS,emissible,5104
F16.8,V,V/F16.8.md,"Troubles mentaux et du comportement liés à l'utilisation d'hallucinogènes - "" Autres troubles mentaux et du comportement """,true,false,true,true,false,0,codable,OWL_ANS,emissible,4539
F16.9,V,V/F16.9.md,"Troubles mentaux et du comportement liés à l'utilisation d'hallucinogènes - "" Trouble mental ou du comportement, sans précision """,true,false,true,true,true,0,codable,OWL_ANS,emissible,3597
F17.0,V,V/F17.0.md,"Troubles mentaux et du comportement liés à l'utilisation de tabac - "" Intoxication aigüe """,true,false,true,false,false,0,codable,OWL_ANS,emissible,4441
F17.00,V,V/F17.00.md,"Troubles mentaux et du comportement liés à l'utilisation de tabac - ""Intoxication aigüe"" - ""sans complication""",true,false,true,true,false,0,codable,OWL_ANS,emissible,4841
F17.01,V,V/F17.01.md,"Troubles mentaux et du comportement liés à l'utilisation de tabac - ""Intoxication aigüe"" - ""avec traumatismes ou autres blessures physiques""",true,false,true,true,false,0,codable,OWL_ANS,emissible,4871
F17.02,V,V/F17.02.md,"Troubles mentaux et du comportement liés à l'utilisation de tabac - ""Intoxication aigüe"" - ""avec d’autres complications médicales""",true,false,true,true,false,0,codable,OWL_ANS,emissible,4861
F17.03,V,V/F17.03.md,"Troubles mentaux et du comportement liés à l'utilisation de tabac - ""Intoxication aigüe"" - ""avec délirium""",true,false,true,true,false,0,codable,OWL_ANS,emissible,4837
F17.04,V,V/F17.04.md,"Troubles mentaux et du comportement liés à l'utilisation de tabac - ""Intoxication aigüe"" - ""avec distorsion des perceptions""",true,false,true,true,false,0,codable,OWL_ANS,emissible,4855
F17.05,V,V/F17.05.md,"Troubles mentaux et du comportement liés à l'utilisation de tabac - ""Intoxication aigüe"" - ""avec coma""",true,false,true,true,false,0,codable,OWL_ANS,emissible,4833
F17.06,V,V/F17.06.md,"Troubles mentaux et du comportement liés à l'utilisation de tabac - ""Intoxication aigüe"" - ""avec convulsions""",true,false,true,true,false,0,codable,OWL_ANS,emissible,4840
F17.07,V,V/F17.07.md,"Troubles mentaux et du comportement liés à l'utilisation de tabac - ""Intoxication aigüe"" - ""intoxication pathologique """,true,false,true,true,false,0,codable,OWL_ANS,emissible,4850
F17.1,V,V/F17.1.md,"Troubles mentaux et du comportement liés à l'utilisation de tabac - "" Utilisation nocive pour la santé """,true,false,true,true,true,0,codable,OWL_ANS,emissible,3990
F17.2,V,V/F17.2.md,"Troubles mentaux et du comportement liés à l'utilisation de tabac - "" Syndrome de dépendance """,true,false,true,false,true,0,codable,OWL_ANS,emissible,4842
F17.20,V,V/F17.20.md,"Troubles mentaux et du comportement liés à l'utilisation de tabac - ""Syndrome de dépendance"" - ""actuellement abstinent""",true,false,true,false,false,0,codable,OWL_ANS,emissible,4622
F17.200,V,V/F17.200.md,"Troubles mentaux et du comportement liés à l'utilisation de tabac - ""Syndrome de dépendance"" - ""actuellement abstinent en rémission récente""",true,false,true,true,false,0,codable,OWL_ANS,emissible,5164
F17.201,V,V/F17.201.md,"Troubles mentaux et du comportement liés à l'utilisation de tabac - ""Syndrome de dépendance"" - ""actuellement abstinent en rémission partielle""",true,false,true,true,false,0,codable,OWL_ANS,emissible,5166
F17.202,V,V/F17.202.md,"Troubles mentaux et du comportement liés à l'utilisation de tabac - ""Syndrome de dépendance"" - ""actuellement abstinent en rémission complète""",true,false,true,true,false,0,codable,OWL_ANS,emissible,5165
F17.21,V,V/F17.21.md,"Troubles mentaux et du comportement liés à l'utilisation de tabac - ""Syndrome de dépendance"" - ""actuellement abstinent mais dans un environnement protégé""",true,false,true,true,false,0,codable,OWL_ANS,emissible,5176
F17.22,V,V/F17.22.md,"Troubles mentaux et du comportement liés à l'utilisation de tabac - ""Syndrome de dépendance"" - ""suit actuellement un régime de maintenance ou de substitution, sous surveillance médicale""",true,false,true,true,false,0,codable,OWL_ANS,emissible,5208
F17.23,V,V/F17.23.md,"Troubles mentaux et du comportement liés à l'utilisation de tabac - ""Syndrome de dépendance"" - ""actuellement abstinent mais prend des médicaments aversifs ou bloquants""",true,false,true,true,false,0,codable,OWL_ANS,emissible,5190
F17.24,V,V/F17.24.md,"Troubles mentaux et du comportement liés à l'utilisation de tabac - ""Syndrome de dépendance"" - ""utilise actuellement la drogue [dépendance active]""",true,false,true,false,false,0,codable,OWL_ANS,emissible,4650
F17.240,V,V/F17.240.md,"Troubles mentaux et du comportement liés à l'utilisation de tabac - ""Syndrome de dépendance"" - ""dépendance active sans signe physique""",true,false,true,true,false,0,codable,OWL_ANS,emissible,5158
F17.241,V,V/F17.241.md,"Troubles mentaux et du comportement liés à l'utilisation de tabac - ""Syndrome de dépendance"" - ""dépendance active avec signe physique""",true,false,true,true,false,0,codable,OWL_ANS,emissible,5158
F17.25,V,V/F17.25.md,"Troubles mentaux et du comportement liés à l'utilisation de tabac - ""Syndrome de dépendance"" - ""utilisation continue""",true,false,true,true,false,0,codable,OWL_ANS,emissible,5139
F17.26,V,V/F17.26.md,"Troubles mentaux et du comportement liés à l'utilisation de tabac - ""Syndrome de dépendance"" - ""utilisation épisodique (dipsomanie)""",true,false,true,true,false,0,codable,OWL_ANS,emissible,5154
F17.3,V,V/F17.3.md,"Troubles mentaux et du comportement liés à l'utilisation de tabac - "" Syndrome de sevrage """,true,false,true,false,true,0,codable,OWL_ANS,emissible,3731
F17.30,V,V/F17.30.md,"Troubles mentaux et du comportement liés à l'utilisation de tabac - ""Syndrome de sevrage"" - ""sans complication""",true,false,true,true,false,0,codable,OWL_ANS,emissible,4258
F17.31,V,V/F17.31.md,"Troubles mentaux et du comportement liés à l'utilisation de tabac - ""Syndrome de sevrage"" - ""avec convulsions""",true,false,true,true,false,0,codable,OWL_ANS,emissible,4257
F17.4,V,V/F17.4.md,"Troubles mentaux et du comportement liés à l'utilisation de tabac - "" Syndrome de sevrage avec délirium """,true,false,true,false,false,0,codable,OWL_ANS,emissible,3552
F17.40,V,V/F17.40.md,"Troubles mentaux et du comportement liés à l'utilisation de tabac - ""Syndrome de sevrage avec délirium"" - ""sans convulsion""",true,false,true,true,false,0,codable,OWL_ANS,emissible,4078
F17.41,V,V/F17.41.md,"Troubles mentaux et du comportement liés à l'utilisation de tabac - ""Syndrome de sevrage avec délirium"" - ""avec convulsions""",true,false,true,true,false,0,codable,OWL_ANS,emissible,4079
F17.5,V,V/F17.5.md,"Troubles mentaux et du comportement liés à l'utilisation de tabac - "" Trouble psychotique """,true,false,true,false,false,0,codable,OWL_ANS,emissible,4493
F17.50,V,V/F17.50.md,"Troubles mentaux et du comportement liés à l'utilisation de tabac - ""Trouble psychotique"" - ""d’allure schizophrénique""",true,false,true,true,false,0,codable,OWL_ANS,emissible,5025
F17.51,V,V/F17.51.md,"Troubles mentaux et du comportement liés à l'utilisation de tabac - ""Trouble psychotique"" - ""avec idées délirantes au premier plan""",true,false,true,true,false,0,codable,OWL_ANS,emissible,5038
F17.52,V,V/F17.52.md,"Troubles mentaux et du comportement liés à l'utilisation de tabac - ""Trouble psychotique"" - ""avec hallucinations au premier plan""",true,false,true,true,false,0,codable,OWL_ANS,emissible,5036
F17.53,V,V/F17.53.md,"Troubles mentaux et du comportement liés à l'utilisation de tabac - ""Trouble psychotique"" - ""avec symptômes polymorphes au premier plan""",true,false,true,true,false,0,codable,OWL_ANS,emissible,5043
F17.54,V,V/F17.54.md,"Troubles mentaux et du comportement liés à l'utilisation de tabac - ""Trouble psychotique"" - ""avec symptômes dépressifs au premier plan""",true,false,true,true,false,0,codable,OWL_ANS,emissible,5042
F17.55,V,V/F17.55.md,"Troubles mentaux et du comportement liés à l'utilisation de tabac - ""Trouble psychotique"" - ""avec symptômes maniaques au premier plan""",true,false,true,true,false,0,codable,OWL_ANS,emissible,5041
F17.56,V,V/F17.56.md,"Troubles mentaux et du comportement liés à l'utilisation de tabac - ""Trouble psychotique"" - ""mixte""",true,false,true,true,false,0,codable,OWL_ANS,emissible,5006
F17.6,V,V/F17.6.md,"Troubles mentaux et du comportement liés à l'utilisation de tabac - "" Syndrome amnésique """,true,false,true,true,false,0,codable,OWL_ANS,emissible,4548
F17.7,V,V/F17.7.md,"Troubles mentaux et du comportement liés à l'utilisation de tabac - "" Trouble résiduel ou psychotique de survenue tardive """,true,false,true,false,false,0,codable,OWL_ANS,emissible,5766
F17.70,V,V/F17.70.md,"Troubles mentaux et du comportement liés à l'utilisation de tabac - ""Trouble résiduel ou psychotique de survenue tardive"" - ""flashbacks""",true,false,true,true,false,0,codable,OWL_ANS,emissible,5071
F17.71,V,V/F17.71.md,"Troubles mentaux et du comportement liés à l'utilisation de tabac - ""Trouble résiduel ou psychotique de survenue tardive"" - ""trouble de la personnalité ou du comportement""",true,false,true,true,false,0,codable,OWL_ANS,emissible,5106
F17.72,V,V/F17.72.md,"Troubles mentaux et du comportement liés à l'utilisation de tabac - ""Trouble résiduel ou psychotique de survenue tardive"" - ""trouble thymique résiduel""",true,false,true,true,false,0,codable,OWL_ANS,emissible,5086
F17.73,V,V/F17.73.md,"Troubles mentaux et du comportement liés à l'utilisation de tabac - ""Trouble résiduel ou psychotique de survenue tardive"" - ""démence""",true,false,true,true,false,0,codable,OWL_ANS,emissible,5068
F17.74,V,V/F17.74.md,"Troubles mentaux et du comportement liés à l'utilisation de tabac - ""Trouble résiduel ou psychotique de survenue tardive"" - ""autre déficit cognitif persistant""",true,false,true,true,false,0,codable,OWL_ANS,emissible,5094
F17.75,V,V/F17.75.md,"Troubles mentaux et du comportement liés à l'utilisation de tabac - ""Trouble résiduel ou psychotique de survenue tardive"" - ""trouble psychotique à début tardif """,true,false,true,true,false,0,codable,OWL_ANS,emissible,5096
F17.8,V,V/F17.8.md,"Troubles mentaux et du comportement liés à l'utilisation de tabac - "" Autres troubles mentaux et du comportement """,true,false,true,true,false,0,codable,OWL_ANS,emissible,4467
F17.9,V,V/F17.9.md,"Troubles mentaux et du comportement liés à l'utilisation de tabac - "" Trouble mental ou du comportement, sans précision """,true,false,true,true,true,0,codable,OWL_ANS,emissible,3780
F18.0,V,V/F18.0.md,"Troubles mentaux et du comportement liés à l'utilisation de solvants volatils - "" Intoxication aigüe """,true,false,true,false,true,0,codable,OWL_ANS,emissible,4521
F18.00,V,V/F18.00.md,"Troubles mentaux et du comportement liés à l'utilisation de solvants volatils - ""Intoxication aigüe"" - ""sans complication""",true,false,true,true,false,0,codable,OWL_ANS,emissible,4853
F18.01,V,V/F18.01.md,"Troubles mentaux et du comportement liés à l'utilisation de solvants volatils - ""Intoxication aigüe"" - ""avec traumatismes ou autres blessures physiques""",true,false,true,true,false,0,codable,OWL_ANS,emissible,4883
F18.02,V,V/F18.02.md,"Troubles mentaux et du comportement liés à l'utilisation de solvants volatils - ""Intoxication aigüe"" - ""avec d’autres complications médicales""",true,false,true,true,false,0,codable,OWL_ANS,emissible,4873
F18.03,V,V/F18.03.md,"Troubles mentaux et du comportement liés à l'utilisation de solvants volatils - ""Intoxication aigüe"" - ""avec délirium""",true,false,true,true,false,0,codable,OWL_ANS,emissible,4849
F18.04,V,V/F18.04.md,"Troubles mentaux et du comportement liés à l'utilisation de solvants volatils - ""Intoxication aigüe"" - ""avec distorsion des perceptions""",true,false,true,true,false,0,codable,OWL_ANS,emissible,4867
F18.05,V,V/F18.05.md,"Troubles mentaux et du comportement liés à l'utilisation de solvants volatils - ""Intoxication aigüe"" - ""avec coma""",true,false,true,true,false,0,codable,OWL_ANS,emissible,4845
F18.06,V,V/F18.06.md,"Troubles mentaux et du comportement liés à l'utilisation de solvants volatils - ""Intoxication aigüe"" - ""avec convulsions""",true,false,true,true,false,0,codable,OWL_ANS,emissible,4852
F18.07,V,V/F18.07.md,"Troubles mentaux et du comportement liés à l'utilisation de solvants volatils - ""Intoxication aigüe"" - ""intoxication pathologique """,true,false,true,true,false,0,codable,OWL_ANS,emissible,4862
F18.1,V,V/F18.1.md,"Troubles mentaux et du comportement liés à l'utilisation de solvants volatils - "" Utilisation nocive pour la santé """,true,false,true,true,false,0,codable,OWL_ANS,emissible,3949
F18.2,V,V/F18.2.md,"Troubles mentaux et du comportement liés à l'utilisation de solvants volatils - "" Syndrome de dépendance """,true,false,true,false,true,0,codable,OWL_ANS,emissible,4941
F18.20,V,V/F18.20.md,"Troubles mentaux et du comportement liés à l'utilisation de solvants volatils - ""Syndrome de dépendance"" - ""actuellement abstinent""",true,false,true,false,false,0,codable,OWL_ANS,emissible,4634
F18.200,V,V/F18.200.md,"Troubles mentaux et du comportement liés à l'utilisation de solvants volatils - ""Syndrome de dépendance"" - ""actuellement abstinent en rémission récente""",true,false,true,true,false,0,codable,OWL_ANS,emissible,5176
F18.201,V,V/F18.201.md,"Troubles mentaux et du comportement liés à l'utilisation de solvants volatils - ""Syndrome de dépendance"" - ""actuellement abstinent en rémission partielle""",true,false,true,true,false,0,codable,OWL_ANS,emissible,5178
F18.202,V,V/F18.202.md,"Troubles mentaux et du comportement liés à l'utilisation de solvants volatils - ""Syndrome de dépendance"" - ""actuellement abstinent en rémission complète""",true,false,true,true,false,0,codable,OWL_ANS,emissible,5177
F18.21,V,V/F18.21.md,"Troubles mentaux et du comportement liés à l'utilisation de solvants volatils - ""Syndrome de dépendance"" - ""actuellement abstinent mais dans un environnement protégé""",true,false,true,true,false,0,codable,OWL_ANS,emissible,5188
F18.22,V,V/F18.22.md,"Troubles mentaux et du comportement liés à l'utilisation de solvants volatils - ""Syndrome de dépendance"" - ""suit actuellement un régime de maintenance ou de substitution, sous surveillance médicale""",true,false,true,true,false,0,codable,OWL_ANS,emissible,5220
F18.23,V,V/F18.23.md,"Troubles mentaux et du comportement liés à l'utilisation de solvants volatils - ""Syndrome de dépendance"" - ""actuellement abstinent mais prend des médicaments aversifs ou bloquants""",true,false,true,true,false,0,codable,OWL_ANS,emissible,5202
F18.24,V,V/F18.24.md,"Troubles mentaux et du comportement liés à l'utilisation de solvants volatils - ""Syndrome de dépendance"" - ""utilise actuellement la drogue [dépendance active]""",true,false,true,false,false,0,codable,OWL_ANS,emissible,4662
F18.240,V,V/F18.240.md,"Troubles mentaux et du comportement liés à l'utilisation de solvants volatils - ""Syndrome de dépendance"" - ""dépendance active sans signe physique""",true,false,true,true,false,0,codable,OWL_ANS,emissible,5170
F18.241,V,V/F18.241.md,"Troubles mentaux et du comportement liés à l'utilisation de solvants volatils - ""Syndrome de dépendance"" - ""dépendance active avec signe physique""",true,false,true,true,false,0,codable,OWL_ANS,emissible,5170
F18.25,V,V/F18.25.md,"Troubles mentaux et du comportement liés à l'utilisation de solvants volatils - ""Syndrome de dépendance"" - ""utilisation continue""",true,false,true,true,false,0,codable,OWL_ANS,emissible,5151
F18.26,V,V/F18.26.md,"Troubles mentaux et du comportement liés à l'utilisation de solvants volatils - ""Syndrome de dépendance"" - ""utilisation épisodique (dipsomanie)""",true,false,true,true,false,0,codable,OWL_ANS,emissible,5166
F18.3,V,V/F18.3.md,"Troubles mentaux et du comportement liés à l'utilisation de solvants volatils - "" Syndrome de sevrage """,true,false,true,false,false,0,codable,OWL_ANS,emissible,3683
F18.30,V,V/F18.30.md,"Troubles mentaux et du comportement liés à l'utilisation de solvants volatils - ""Syndrome de sevrage"" - ""sans complication""",true,false,true,true,false,0,codable,OWL_ANS,emissible,4270
F18.31,V,V/F18.31.md,"Troubles mentaux et du comportement liés à l'utilisation de solvants volatils - ""Syndrome de sevrage"" - ""avec convulsions""",true,false,true,true,false,0,codable,OWL_ANS,emissible,4269
F18.4,V,V/F18.4.md,"Troubles mentaux et du comportement liés à l'utilisation de solvants volatils - "" Syndrome de sevrage avec délirium """,true,false,true,false,false,0,codable,OWL_ANS,emissible,3564
F18.40,V,V/F18.40.md,"Troubles mentaux et du comportement liés à l'utilisation de solvants volatils - ""Syndrome de sevrage avec délirium"" - ""sans convulsion""",true,false,true,true,false,0,codable,OWL_ANS,emissible,4090
F18.41,V,V/F18.41.md,"Troubles mentaux et du comportement liés à l'utilisation de solvants volatils - ""Syndrome de sevrage avec délirium"" - ""avec convulsions""",true,false,true,true,false,0,codable,OWL_ANS,emissible,4091
F18.5,V,V/F18.5.md,"Troubles mentaux et du comportement liés à l'utilisation de solvants volatils - "" Trouble psychotique """,true,false,true,false,false,0,codable,OWL_ANS,emissible,4505
F18.50,V,V/F18.50.md,"Troubles mentaux et du comportement liés à l'utilisation de solvants volatils - ""Trouble psychotique"" - ""d’allure schizophrénique""",true,false,true,true,false,0,codable,OWL_ANS,emissible,5037
F18.51,V,V/F18.51.md,"Troubles mentaux et du comportement liés à l'utilisation de solvants volatils - ""Trouble psychotique"" - ""avec idées délirantes au premier plan""",true,false,true,true,false,0,codable,OWL_ANS,emissible,5050
F18.52,V,V/F18.52.md,"Troubles mentaux et du comportement liés à l'utilisation de solvants volatils - ""Trouble psychotique"" - ""avec hallucinations au premier plan""",true,false,true,true,false,0,codable,OWL_ANS,emissible,5048
F18.53,V,V/F18.53.md,"Troubles mentaux et du comportement liés à l'utilisation de solvants volatils - ""Trouble psychotique"" - ""avec symptômes polymorphes au premier plan""",true,false,true,true,false,0,codable,OWL_ANS,emissible,5055
F18.54,V,V/F18.54.md,"Troubles mentaux et du comportement liés à l'utilisation de solvants volatils - ""Trouble psychotique"" - ""avec symptômes dépressifs au premier plan""",true,false,true,true,false,0,codable,OWL_ANS,emissible,5054
F18.55,V,V/F18.55.md,"Troubles mentaux et du comportement liés à l'utilisation de solvants volatils - ""Trouble psychotique"" - ""avec symptômes maniaques au premier plan""",true,false,true,true,false,0,codable,OWL_ANS,emissible,5053
F18.56,V,V/F18.56.md,"Troubles mentaux et du comportement liés à l'utilisation de solvants volatils - ""Trouble psychotique"" - ""mixte""",true,false,true,true,false,0,codable,OWL_ANS,emissible,5018
F18.6,V,V/F18.6.md,"Troubles mentaux et du comportement liés à l'utilisation de solvants volatils - "" Syndrome amnésique """,true,false,true,true,false,0,codable,OWL_ANS,emissible,4560
F18.7,V,V/F18.7.md,"Troubles mentaux et du comportement liés à l'utilisation de solvants volatils - "" Trouble résiduel ou psychotique de survenue tardive """,true,false,true,false,false,0,codable,OWL_ANS,emissible,5778
F18.70,V,V/F18.70.md,"Troubles mentaux et du comportement liés à l'utilisation de solvants volatils - ""Trouble résiduel ou psychotique de survenue tardive"" - ""flashbacks""",true,false,true,true,false,0,codable,OWL_ANS,emissible,5083
F18.71,V,V/F18.71.md,"Troubles mentaux et du comportement liés à l'utilisation de solvants volatils - ""Trouble résiduel ou psychotique de survenue tardive"" - ""trouble de la personnalité ou du comportement""",true,false,true,true,false,0,codable,OWL_ANS,emissible,5118
F18.72,V,V/F18.72.md,"Troubles mentaux et du comportement liés à l'utilisation de solvants volatils - ""Trouble résiduel ou psychotique de survenue tardive"" - ""trouble thymique résiduel""",true,false,true,true,false,0,codable,OWL_ANS,emissible,5098
F18.73,V,V/F18.73.md,"Troubles mentaux et du comportement liés à l'utilisation de solvants volatils - ""Trouble résiduel ou psychotique de survenue tardive"" - ""démence""",true,false,true,true,false,0,codable,OWL_ANS,emissible,5080
F18.74,V,V/F18.74.md,"Troubles mentaux et du comportement liés à l'utilisation de solvants volatils - ""Trouble résiduel ou psychotique de survenue tardive"" - ""autre déficit cognitif persistant""",true,false,true,true,false,0,codable,OWL_ANS,emissible,5106
F18.75,V,V/F18.75.md,"Troubles mentaux et du comportement liés à l'utilisation de solvants volatils - ""Trouble résiduel ou psychotique de survenue tardive"" - ""trouble psychotique à début tardif """,true,false,true,true,false,0,codable,OWL_ANS,emissible,5108
F18.8,V,V/F18.8.md,"Troubles mentaux et du comportement liés à l'utilisation de solvants volatils - "" Autres troubles mentaux et du comportement """,true,false,true,true,false,0,codable,OWL_ANS,emissible,4575
F18.9,V,V/F18.9.md,"Troubles mentaux et du comportement liés à l'utilisation de solvants volatils - "" Trouble mental ou du comportement, sans précision """,true,false,true,true,true,0,codable,OWL_ANS,emissible,3666
F19.0,V,V/F19.0.md,"Troubles mentaux et du comportement liés à l'utilisation de drogues multiples et troubles liés à l'utilisation d'autres substances psychoactives - "" Intoxication aigüe """,true,false,true,false,false,0,codable,OWL_ANS,emissible,4554
F19.00,V,V/F19.00.md,"Troubles mentaux et du comportement liés à l'utilisation de drogues multiples et troubles liés à l'utilisation d'autres substances psychoactives - ""Intoxication aigüe"" - ""sans complication""",true,false,true,true,false,0,codable,OWL_ANS,emissible,5003
F19.01,V,V/F19.01.md,"Troubles mentaux et du comportement liés à l'utilisation de drogues multiples et troubles liés à l'utilisation d'autres substances psychoactives - ""Intoxication aigüe"" - ""avec traumatismes ou autres blessures physiques""",true,false,true,true,false,0,codable,OWL_ANS,emissible,5033
F19.02,V,V/F19.02.md,"Troubles mentaux et du comportement liés à l'utilisation de drogues multiples et troubles liés à l'utilisation d'autres substances psychoactives - ""Intoxication aigüe"" - ""avec d’autres complications médicales""",true,false,true,true,false,0,codable,OWL_ANS,emissible,5023
F19.03,V,V/F19.03.md,"Troubles mentaux et du comportement liés à l'utilisation de drogues multiples et troubles liés à l'utilisation d'autres substances psychoactives - ""Intoxication aigüe"" - ""avec délirium""",true,false,true,true,false,0,codable,OWL_ANS,emissible,4999
F19.04,V,V/F19.04.md,"Troubles mentaux et du comportement liés à l'utilisation de drogues multiples et troubles liés à l'utilisation d'autres substances psychoactives - ""Intoxication aigüe"" - ""avec distorsion des perceptions""",true,false,true,true,false,0,codable,OWL_ANS,emissible,5017
F19.05,V,V/F19.05.md,"Troubles mentaux et du comportement liés à l'utilisation de drogues multiples et troubles liés à l'utilisation d'autres substances psychoactives - ""Intoxication aigüe"" - ""avec coma""",true,false,true,true,false,0,codable,OWL_ANS,emissible,4995
F19.06,V,V/F19.06.md,"Troubles mentaux et du comportement liés à l'utilisation de drogues multiples et troubles liés à l'utilisation d'autres substances psychoactives - ""Intoxication aigüe"" - ""avec convulsions""",true,false,true,true,false,0,codable,OWL_ANS,emissible,5002
F19.07,V,V/F19.07.md,"Troubles mentaux et du comportement liés à l'utilisation de drogues multiples et troubles liés à l'utilisation d'autres substances psychoactives - ""Intoxication aigüe"" - ""intoxication pathologique """,true,false,true,true,false,0,codable,OWL_ANS,emissible,5012
F19.1,V,V/F19.1.md,"Troubles mentaux et du comportement liés à l'utilisation de drogues multiples et troubles liés à l'utilisation d'autres substances psychoactives - "" Utilisation nocive pour la santé """,true,false,true,true,false,0,codable,OWL_ANS,emissible,4100
F19.2,V,V/F19.2.md,"Troubles mentaux et du comportement liés à l'utilisation de drogues multiples et troubles liés à l'utilisation d'autres substances psychoactives - "" Syndrome de dépendance """,true,false,true,false,true,0,codable,OWL_ANS,emissible,5063
F19.20,V,V/F19.20.md,"Troubles mentaux et du comportement liés à l'utilisation de drogues multiples et troubles liés à l'utilisation d'autres substances psychoactives - ""Syndrome de dépendance"" - ""actuellement abstinent""",true,false,true,false,false,0,codable,OWL_ANS,emissible,4784
F19.200,V,V/F19.200.md,"Troubles mentaux et du comportement liés à l'utilisation de drogues multiples et troubles liés à l'utilisation d'autres substances psychoactives - ""Syndrome de dépendance"" - ""actuellement abstinent en rémission récente""",true,false,true,true,false,0,codable,OWL_ANS,emissible,5326
F19.201,V,V/F19.201.md,"Troubles mentaux et du comportement liés à l'utilisation de drogues multiples et troubles liés à l'utilisation d'autres substances psychoactives - ""Syndrome de dépendance"" - ""actuellement abstinent en rémission partielle""",true,false,true,true,false,0,codable,OWL_ANS,emissible,5328
F19.202,V,V/F19.202.md,"Troubles mentaux et du comportement liés à l'utilisation de drogues multiples et troubles liés à l'utilisation d'autres substances psychoactives - ""Syndrome de dépendance"" - ""actuellement abstinent en rémission complète""",true,false,true,true,false,0,codable,OWL_ANS,emissible,5327
F19.21,V,V/F19.21.md,"Troubles mentaux et du comportement liés à l'utilisation de drogues multiples et troubles liés à l'utilisation d'autres substances psychoactives - ""Syndrome de dépendance"" - ""actuellement abstinent mais dans un environnement protégé""",true,false,true,true,false,0,codable,OWL_ANS,emissible,5338
F19.22,V,V/F19.22.md,"Troubles mentaux et du comportement liés à l'utilisation de drogues multiples et troubles liés à l'utilisation d'autres substances psychoactives - ""Syndrome de dépendance"" - ""suit actuellement un régime de maintenance ou de substitution, sous surveillance médicale""",true,false,true,true,false,0,codable,OWL_ANS,emissible,5370
F19.23,V,V/F19.23.md,"Troubles mentaux et du comportement liés à l'utilisation de drogues multiples et troubles liés à l'utilisation d'autres substances psychoactives - ""Syndrome de dépendance"" - ""actuellement abstinent mais prend des médicaments aversifs ou bloquants""",true,false,true,true,false,0,codable,OWL_ANS,emissible,5352
F19.24,V,V/F19.24.md,"Troubles mentaux et du comportement liés à l'utilisation de drogues multiples et troubles liés à l'utilisation d'autres substances psychoactives - ""Syndrome de dépendance"" - ""utilise actuellement la drogue [dépendance active]""",true,false,true,false,false,0,codable,OWL_ANS,emissible,4812
F19.240,V,V/F19.240.md,"Troubles mentaux et du comportement liés à l'utilisation de drogues multiples et troubles liés à l'utilisation d'autres substances psychoactives - ""Syndrome de dépendance"" - ""dépendance active sans signe physique""",true,false,true,true,false,0,codable,OWL_ANS,emissible,5320
F19.241,V,V/F19.241.md,"Troubles mentaux et du comportement liés à l'utilisation de drogues multiples et troubles liés à l'utilisation d'autres substances psychoactives - ""Syndrome de dépendance"" - ""dépendance active avec signe physique""",true,false,true,true,false,0,codable,OWL_ANS,emissible,5320
F19.25,V,V/F19.25.md,"Troubles mentaux et du comportement liés à l'utilisation de drogues multiples et troubles liés à l'utilisation d'autres substances psychoactives - ""Syndrome de dépendance"" - ""utilisation continue""",true,false,true,true,false,0,codable,OWL_ANS,emissible,5301
F19.26,V,V/F19.26.md,"Troubles mentaux et du comportement liés à l'utilisation de drogues multiples et troubles liés à l'utilisation d'autres substances psychoactives - ""Syndrome de dépendance"" - ""utilisation épisodique (dipsomanie)""",true,false,true,true,false,0,codable,OWL_ANS,emissible,5316
F19.3,V,V/F19.3.md,"Troubles mentaux et du comportement liés à l'utilisation de drogues multiples et troubles liés à l'utilisation d'autres substances psychoactives - "" Syndrome de sevrage """,true,false,true,false,true,0,codable,OWL_ANS,emissible,4109
F19.30,V,V/F19.30.md,"Troubles mentaux et du comportement liés à l'utilisation de drogues multiples et troubles liés à l'utilisation d'autres substances psychoactives - ""Syndrome de sevrage"" - ""sans complication""",true,false,true,true,false,0,codable,OWL_ANS,emissible,4420
F19.31,V,V/F19.31.md,"Troubles mentaux et du comportement liés à l'utilisation de drogues multiples et troubles liés à l'utilisation d'autres substances psychoactives - ""Syndrome de sevrage"" - ""avec convulsions""",true,false,true,true,false,0,codable,OWL_ANS,emissible,4419
F19.4,V,V/F19.4.md,"Troubles mentaux et du comportement liés à l'utilisation de drogues multiples et troubles liés à l'utilisation d'autres substances psychoactives - "" Syndrome de sevrage avec délirium """,true,false,true,false,false,0,codable,OWL_ANS,emissible,3714
F19.40,V,V/F19.40.md,"Troubles mentaux et du comportement liés à l'utilisation de drogues multiples et troubles liés à l'utilisation d'autres substances psychoactives - ""Syndrome de sevrage avec délirium"" - ""sans convulsion""",true,false,true,true,false,0,codable,OWL_ANS,emissible,4240
F19.41,V,V/F19.41.md,"Troubles mentaux et du comportement liés à l'utilisation de drogues multiples et troubles liés à l'utilisation d'autres substances psychoactives - ""Syndrome de sevrage avec délirium"" - ""avec convulsions""",true,false,true,true,false,0,codable,OWL_ANS,emissible,4241
F19.5,V,V/F19.5.md,"Troubles mentaux et du comportement liés à l'utilisation de drogues multiples et troubles liés à l'utilisation d'autres substances psychoactives - "" Trouble psychotique """,true,false,true,false,false,0,codable,OWL_ANS,emissible,4655
F19.50,V,V/F19.50.md,"Troubles mentaux et du comportement liés à l'utilisation de drogues multiples et troubles liés à l'utilisation d'autres substances psychoactives - ""Trouble psychotique"" - ""d’allure schizophrénique""",true,false,true,true,false,0,codable,OWL_ANS,emissible,5187
F19.51,V,V/F19.51.md,"Troubles mentaux et du comportement liés à l'utilisation de drogues multiples et troubles liés à l'utilisation d'autres substances psychoactives - ""Trouble psychotique"" - ""avec idées délirantes au premier plan""",true,false,true,true,false,0,codable,OWL_ANS,emissible,5200
F19.52,V,V/F19.52.md,"Troubles mentaux et du comportement liés à l'utilisation de drogues multiples et troubles liés à l'utilisation d'autres substances psychoactives - ""Trouble psychotique"" - ""avec hallucinations au premier plan""",true,false,true,true,false,0,codable,OWL_ANS,emissible,5198
F19.53,V,V/F19.53.md,"Troubles mentaux et du comportement liés à l'utilisation de drogues multiples et troubles liés à l'utilisation d'autres substances psychoactives - ""Trouble psychotique"" - ""avec symptômes polymorphes au premier plan""",true,false,true,true,false,0,codable,OWL_ANS,emissible,5205
F19.54,V,V/F19.54.md,"Troubles mentaux et du comportement liés à l'utilisation de drogues multiples et troubles liés à l'utilisation d'autres substances psychoactives - ""Trouble psychotique"" - ""avec symptômes dépressifs au premier plan""",true,false,true,true,false,0,codable,OWL_ANS,emissible,5204
F19.55,V,V/F19.55.md,"Troubles mentaux et du comportement liés à l'utilisation de drogues multiples et troubles liés à l'utilisation d'autres substances psychoactives - ""Trouble psychotique"" - ""avec symptômes maniaques au premier plan""",true,false,true,true,false,0,codable,OWL_ANS,emissible,5203
F19.56,V,V/F19.56.md,"Troubles mentaux et du comportement liés à l'utilisation de drogues multiples et troubles liés à l'utilisation d'autres substances psychoactives - ""Trouble psychotique"" - ""mixte""",true,false,true,true,false,0,codable,OWL_ANS,emissible,5168
F19.6,V,V/F19.6.md,"Troubles mentaux et du comportement liés à l'utilisation de drogues multiples et troubles liés à l'utilisation d'autres substances psychoactives - "" Syndrome amnésique """,true,false,true,true,false,0,codable,OWL_ANS,emissible,4710
F19.7,V,V/F19.7.md,"Troubles mentaux et du comportement liés à l'utilisation de drogues multiples et troubles liés à l'utilisation d'autres substances psychoactives - "" Trouble résiduel ou psychotique de survenue tardive """,true,false,true,false,false,0,codable,OWL_ANS,emissible,5928
F19.70,V,V/F19.70.md,"Troubles mentaux et du comportement liés à l'utilisation de drogues multiples et troubles liés à l'utilisation d'autres substances psychoactives - ""Trouble résiduel ou psychotique de survenue tardive"" - ""flashbacks""",true,false,true,true,false,0,codable,OWL_ANS,emissible,5233
F19.71,V,V/F19.71.md,"Troubles mentaux et du comportement liés à l'utilisation de drogues multiples et troubles liés à l'utilisation d'autres substances psychoactives - ""Trouble résiduel ou psychotique de survenue tardive"" - ""trouble de la personnalité ou du comportement""",true,false,true,true,false,0,codable,OWL_ANS,emissible,5268
F19.72,V,V/F19.72.md,"Troubles mentaux et du comportement liés à l'utilisation de drogues multiples et troubles liés à l'utilisation d'autres substances psychoactives - ""Trouble résiduel ou psychotique de survenue tardive"" - ""trouble thymique résiduel""",true,false,true,true,false,0,codable,OWL_ANS,emissible,5248
F19.73,V,V/F19.73.md,"Troubles mentaux et du comportement liés à l'utilisation de drogues multiples et troubles liés à l'utilisation d'autres substances psychoactives - ""Trouble résiduel ou psychotique de survenue tardive"" - ""démence""",true,false,true,true,false,0,codable,OWL_ANS,emissible,5230
F19.74,V,V/F19.74.md,"Troubles mentaux et du comportement liés à l'utilisation de drogues multiples et troubles liés à l'utilisation d'autres substances psychoactives - ""Trouble résiduel ou psychotique de survenue tardive"" - ""autre déficit cognitif persistant""",true,false,true,true,false,0,codable,OWL_ANS,emissible,5256
F19.75,V,V/F19.75.md,"Troubles mentaux et du comportement liés à l'utilisation de drogues multiples et troubles liés à l'utilisation d'autres substances psychoactives - ""Trouble résiduel ou psychotique de survenue tardive"" - ""trouble psychotique à début tardif """,true,false,true,true,false,0,codable,OWL_ANS,emissible,5258
F19.8,V,V/F19.8.md,"Troubles mentaux et du comportement liés à l'utilisation de drogues multiples et troubles liés à l'utilisation d'autres substances psychoactives - "" Autres troubles mentaux et du comportement """,true,false,true,true,false,0,codable,OWL_ANS,emissible,5261
F19.9,V,V/F19.9.md,"Troubles mentaux et du comportement liés à l'utilisation de drogues multiples et troubles liés à l'utilisation d'autres substances psychoactives - "" Trouble mental ou du comportement, sans précision """,true,false,true,true,true,0,codable,OWL_ANS,emissible,4008
F20.0,V,V/F20.0.md,Schizophrénie paranoïde,true,false,true,false,true,0,codable,OWL_ANS,emissible,2219
F20.00,V,V/F20.00.md,"Schizophrénie paranoïde - "" continue """,true,false,true,false,false,0,codable,OWL_ANS,emissible,1460
F20.01,V,V/F20.01.md,"Schizophrénie paranoïde - "" épisodique avec déficit progressif """,true,false,true,false,false,0,codable,OWL_ANS,emissible,1486
F20.02,V,V/F20.02.md,"Schizophrénie paranoïde - "" épisodique avec déficit stable """,true,false,true,false,false,0,codable,OWL_ANS,emissible,1482
F20.03,V,V/F20.03.md,"Schizophrénie paranoïde - "" épisodique rémittente """,true,false,true,false,false,0,codable,OWL_ANS,emissible,1473
F20.04,V,V/F20.04.md,"Schizophrénie paranoïde - "" rémission incomplète """,true,false,true,false,false,0,codable,OWL_ANS,emissible,1472
F20.05,V,V/F20.05.md,"Schizophrénie paranoïde - "" rémission complète """,true,false,true,false,false,0,codable,OWL_ANS,emissible,1470
F20.08,V,V/F20.08.md,"Schizophrénie paranoïde - "" autre """,true,false,true,false,false,0,codable,OWL_ANS,emissible,1457
F20.09,V,V/F20.09.md,"Schizophrénie paranoïde - "" évolution imprévisible, période d’observation trop brève """,true,false,true,false,false,0,codable,OWL_ANS,emissible,1508
F20.1,V,V/F20.1.md,Schizophrénie hébéphrénique,true,false,true,false,true,0,codable,OWL_ANS,emissible,2287
F20.10,V,V/F20.10.md,"Schizophrénie hébéphrénique - "" continue """,true,false,true,false,false,0,codable,OWL_ANS,emissible,1420
F20.11,V,V/F20.11.md,"Schizophrénie hébéphrénique - "" épisodique avec déficit progressif """,true,false,true,false,false,0,codable,OWL_ANS,emissible,1446
F20.12,V,V/F20.12.md,"Schizophrénie hébéphrénique - "" épisodique avec déficit stable """,true,false,true,false,false,0,codable,OWL_ANS,emissible,1442
F20.13,V,V/F20.13.md,"Schizophrénie hébéphrénique - "" épisodique rémittente """,true,false,true,false,false,0,codable,OWL_ANS,emissible,1433
F20.14,V,V/F20.14.md,"Schizophrénie hébéphrénique - "" rémission incomplète """,true,false,true,false,false,0,codable,OWL_ANS,emissible,1432
F20.15,V,V/F20.15.md,"Schizophrénie hébéphrénique - "" rémission complète """,true,false,true,false,false,0,codable,OWL_ANS,emissible,1430
F20.18,V,V/F20.18.md,"Schizophrénie hébéphrénique - "" autre """,true,false,true,false,false,0,codable,OWL_ANS,emissible,1417
F20.19,V,V/F20.19.md,"Schizophrénie hébéphrénique - "" évolution imprévisible, période d’observation trop brève """,true,false,true,false,false,0,codable,OWL_ANS,emissible,1468
F20.2,V,V/F20.2.md,Schizophrénie catatonique,true,false,true,false,true,0,codable,OWL_ANS,emissible,2441
F20.20,V,V/F20.20.md,"Schizophrénie catatonique - "" continue """,true,false,true,false,false,0,codable,OWL_ANS,emissible,1491
F20.21,V,V/F20.21.md,"Schizophrénie catatonique - "" épisodique avec déficit progressif """,true,false,true,false,false,0,codable,OWL_ANS,emissible,1517
F20.22,V,V/F20.22.md,"Schizophrénie catatonique - "" épisodique avec déficit stable """,true,false,true,false,false,0,codable,OWL_ANS,emissible,1513
F20.23,V,V/F20.23.md,"Schizophrénie catatonique - "" épisodique rémittente """,true,false,true,false,false,0,codable,OWL_ANS,emissible,1504
F20.24,V,V/F20.24.md,"Schizophrénie catatonique - "" rémission incomplète """,true,false,true,false,false,0,codable,OWL_ANS,emissible,1503
F20.25,V,V/F20.25.md,"Schizophrénie catatonique - "" rémission complète """,true,false,true,false,false,0,codable,OWL_ANS,emissible,1501
F20.28,V,V/F20.28.md,"Schizophrénie catatonique - "" autre """,true,false,true,false,false,0,codable,OWL_ANS,emissible,1488
F20.29,V,V/F20.29.md,"Schizophrénie catatonique - "" évolution imprévisible, période d’observation trop brève """,true,false,true,false,false,0,codable,OWL_ANS,emissible,1539
F20.3,V,V/F20.3.md,Schizophrénie indifférenciée,true,false,true,false,true,0,codable,OWL_ANS,emissible,1987
F20.30,V,V/F20.30.md,"Schizophrénie indifférenciée - "" continue """,true,false,true,false,false,0,codable,OWL_ANS,emissible,1551
F20.31,V,V/F20.31.md,"Schizophrénie indifférenciée - "" épisodique avec déficit progressif """,true,false,true,false,false,0,codable,OWL_ANS,emissible,1577
F20.32,V,V/F20.32.md,"Schizophrénie indifférenciée - "" épisodique avec déficit stable """,true,false,true,false,false,0,codable,OWL_ANS,emissible,1573
F20.33,V,V/F20.33.md,"Schizophrénie indifférenciée - "" épisodique rémittente """,true,false,true,false,false,0,codable,OWL_ANS,emissible,1564
F20.34,V,V/F20.34.md,"Schizophrénie indifférenciée - "" rémission incomplète """,true,false,true,false,false,0,codable,OWL_ANS,emissible,1563
F20.35,V,V/F20.35.md,"Schizophrénie indifférenciée - "" rémission complète """,true,false,true,false,false,0,codable,OWL_ANS,emissible,1561
F20.38,V,V/F20.38.md,"Schizophrénie indifférenciée - "" autre """,true,false,true,false,false,0,codable,OWL_ANS,emissible,1548
F20.39,V,V/F20.39.md,"Schizophrénie indifférenciée - "" évolution imprévisible, période d’observation trop brève """,true,false,true,false,false,0,codable,OWL_ANS,emissible,1599
F20.4,V,V/F20.4.md,Dépression postschizophrénique,true,false,true,false,false,0,codable,OWL_ANS,emissible,1959
F20.40,V,V/F20.40.md,"Dépression postschizophrénique - "" continue """,true,false,true,false,false,0,codable,OWL_ANS,emissible,1337
F20.41,V,V/F20.41.md,"Dépression postschizophrénique - "" épisodique avec déficit progressif """,true,false,true,false,false,0,codable,OWL_ANS,emissible,1363
F20.42,V,V/F20.42.md,"Dépression postschizophrénique - "" épisodique avec déficit stable """,true,false,true,false,false,0,codable,OWL_ANS,emissible,1359
F20.43,V,V/F20.43.md,"Dépression postschizophrénique - "" épisodique rémittente """,true,false,true,false,false,0,codable,OWL_ANS,emissible,1350
F20.44,V,V/F20.44.md,"Dépression postschizophrénique - "" rémission incomplète """,true,false,true,false,false,0,codable,OWL_ANS,emissible,1349
F20.45,V,V/F20.45.md,"Dépression postschizophrénique - "" rémission complète """,true,false,true,false,false,0,codable,OWL_ANS,emissible,1347
F20.48,V,V/F20.48.md,"Dépression postschizophrénique - "" autre """,true,false,true,false,false,0,codable,OWL_ANS,emissible,1334
F20.49,V,V/F20.49.md,"Dépression postschizophrénique - "" évolution imprévisible, période d’observation trop brève """,true,false,true,false,false,0,codable,OWL_ANS,emissible,1385
F20.5,V,V/F20.5.md,Schizophrénie résiduelle,true,false,true,false,true,0,codable,OWL_ANS,emissible,2120
F20.50,V,V/F20.50.md,"Schizophrénie résiduelle - "" continue """,true,false,true,false,false,0,codable,OWL_ANS,emissible,1447
F20.51,V,V/F20.51.md,"Schizophrénie résiduelle - "" épisodique avec déficit progressif """,true,false,true,false,false,0,codable,OWL_ANS,emissible,1473
F20.52,V,V/F20.52.md,"Schizophrénie résiduelle - "" épisodique avec déficit stable """,true,false,true,false,false,0,codable,OWL_ANS,emissible,1469
F20.53,V,V/F20.53.md,"Schizophrénie résiduelle - "" épisodique rémittente """,true,false,true,false,false,0,codable,OWL_ANS,emissible,1460
F20.54,V,V/F20.54.md,"Schizophrénie résiduelle - "" rémission incomplète """,true,false,true,false,false,0,codable,OWL_ANS,emissible,1459
F20.55,V,V/F20.55.md,"Schizophrénie résiduelle - "" rémission complète """,true,false,true,false,false,0,codable,OWL_ANS,emissible,1457
F20.58,V,V/F20.58.md,"Schizophrénie résiduelle - "" autre """,true,false,true,false,false,0,codable,OWL_ANS,emissible,1444
F20.59,V,V/F20.59.md,"Schizophrénie résiduelle - "" évolution imprévisible, période d’observation trop brève """,true,false,true,false,false,0,codable,OWL_ANS,emissible,1495
F20.6,V,V/F20.6.md,Schizophrénie simple,true,false,true,false,true,0,codable,OWL_ANS,emissible,1820
F20.60,V,V/F20.60.md,"Schizophrénie simple - "" continue """,true,false,true,false,false,0,codable,OWL_ANS,emissible,1327
F20.61,V,V/F20.61.md,"Schizophrénie simple - "" épisodique avec déficit progressif """,true,false,true,false,false,0,codable,OWL_ANS,emissible,1353
F20.62,V,V/F20.62.md,"Schizophrénie simple - "" épisodique avec déficit stable """,true,false,true,false,false,0,codable,OWL_ANS,emissible,1349
F20.63,V,V/F20.63.md,"Schizophrénie simple - "" épisodique rémittente """,true,false,true,false,false,0,codable,OWL_ANS,emissible,1340
F20.64,V,V/F20.64.md,"Schizophrénie simple - "" rémission incomplète """,true,false,true,false,false,0,codable,OWL_ANS,emissible,1339
F20.65,V,V/F20.65.md,"Schizophrénie simple - "" rémission complète """,true,false,true,false,false,0,codable,OWL_ANS,emissible,1337
F20.68,V,V/F20.68.md,"Schizophrénie simple - "" autre """,true,false,true,false,false,0,codable,OWL_ANS,emissible,1324
F20.69,V,V/F20.69.md,"Schizophrénie simple - "" évolution imprévisible, période d’observation trop brève """,true,false,true,false,false,0,codable,OWL_ANS,emissible,1375
F20.8,V,V/F20.8.md,Autres formes de schizophrénie,true,false,true,false,true,0,codable,OWL_ANS,emissible,2265
F20.80,V,V/F20.80.md,"Autres formes de schizophrénie - "" continue """,true,false,true,false,false,0,codable,OWL_ANS,emissible,1544
F20.81,V,V/F20.81.md,"Autres formes de schizophrénie - "" épisodique avec déficit progressif """,true,false,true,false,false,0,codable,OWL_ANS,emissible,1570
F20.82,V,V/F20.82.md,"Autres formes de schizophrénie - "" épisodique avec déficit stable """,true,false,true,false,false,0,codable,OWL_ANS,emissible,1566
F20.83,V,V/F20.83.md,"Autres formes de schizophrénie - "" épisodique rémittente """,true,false,true,false,false,0,codable,OWL_ANS,emissible,1557
F20.84,V,V/F20.84.md,"Autres formes de schizophrénie - "" rémission incomplète """,true,false,true,false,false,0,codable,OWL_ANS,emissible,1556
F20.85,V,V/F20.85.md,"Autres formes de schizophrénie - "" rémission complète """,true,false,true,false,false,0,codable,OWL_ANS,emissible,1554
F20.88,V,V/F20.88.md,"Autres formes de schizophrénie - "" autre """,true,false,true,false,false,0,codable,OWL_ANS,emissible,1541
F20.89,V,V/F20.89.md,"Autres formes de schizophrénie - "" évolution imprévisible, période d’observation trop brève """,true,false,true,false,false,0,codable,OWL_ANS,emissible,1592
F20.9,V,V/F20.9.md,"Schizophrénie, sans précision",true,false,true,false,true,0,codable,OWL_ANS,emissible,1626
F20.90,V,V/F20.90.md,"Schizophrénie, sans précision - "" continue """,true,false,true,false,false,0,codable,OWL_ANS,emissible,1336
F20.91,V,V/F20.91.md,"Schizophrénie, sans précision - "" épisodique avec déficit progressif """,true,false,true,false,false,0,codable,OWL_ANS,emissible,1362
F20.92,V,V/F20.92.md,"Schizophrénie, sans précision - "" épisodique avec déficit stable """,true,false,true,false,false,0,codable,OWL_ANS,emissible,1358
F20.93,V,V/F20.93.md,"Schizophrénie, sans précision - "" épisodique rémittente """,true,false,true,false,false,0,codable,OWL_ANS,emissible,1349
F20.94,V,V/F20.94.md,"Schizophrénie, sans précision - "" rémission incomplète """,true,false,true,false,false,0,codable,OWL_ANS,emissible,1348
F20.95,V,V/F20.95.md,"Schizophrénie, sans précision - "" rémission complète """,true,false,true,false,false,0,codable,OWL_ANS,emissible,1346
F20.98,V,V/F20.98.md,"Schizophrénie, sans précision - "" autre """,true,false,true,false,false,0,codable,OWL_ANS,emissible,1333
F20.99,V,V/F20.99.md,"Schizophrénie, sans précision - "" évolution imprévisible, période d’observation trop brève """,true,false,true,false,false,0,codable,OWL_ANS,emissible,1384
F21,V,V/F21.md,Trouble schizotypique,true,false,true,false,true,0,codable,OWL_ANS,emissible,2421
F22.0,V,V/F22.0.md,Trouble délirant,true,false,true,false,true,0,codable,OWL_ANS,emissible,2611
F22.8,V,V/F22.8.md,Autres troubles délirants persistants,true,false,true,false,true,0,codable,OWL_ANS,emissible,1799
F22.9,V,V/F22.9.md,"Trouble délirant persistant, sans précision",true,false,true,false,true,0,codable,OWL_ANS,emissible,1302
F23.0,V,V/F23.0.md,"Trouble psychotique aigu polymorphe, sans symptômes schizophréniques",true,false,true,false,true,0,codable,OWL_ANS,emissible,2503
F23.00,V,V/F23.00.md,"Trouble psychotique aigu polymorphe, sans symptômes schizophréniques - "" sans facteur de stress aigu associé """,true,false,true,false,false,0,codable,OWL_ANS,emissible,1424
F23.01,V,V/F23.01.md,"Trouble psychotique aigu polymorphe, sans symptômes schizophréniques - "" avec facteur de stress aigu associé """,true,false,true,false,false,0,codable,OWL_ANS,emissible,1424
F23.1,V,V/F23.1.md,"Trouble psychotique aigu polymorphe, avec symptômes schizophréniques",true,false,true,false,false,0,codable,OWL_ANS,emissible,1710
F23.10,V,V/F23.10.md,"Trouble psychotique aigu polymorphe, avec symptômes schizophréniques - "" sans facteur de stress aigu associé """,true,false,true,false,false,0,codable,OWL_ANS,emissible,1388
F23.11,V,V/F23.11.md,"Trouble psychotique aigu polymorphe, avec symptômes schizophréniques - "" avec facteur de stress aigu associé """,true,false,true,false,false,0,codable,OWL_ANS,emissible,1388
F23.2,V,V/F23.2.md,Trouble psychotique aigu d'allure schizophrénique,true,false,true,false,true,0,codable,OWL_ANS,emissible,2064
F23.20,V,V/F23.20.md,"Trouble psychotique aigu d'allure schizophrénique - "" sans facteur de stress aigu associé """,true,false,true,false,false,0,codable,OWL_ANS,emissible,1641
F23.21,V,V/F23.21.md,"Trouble psychotique aigu d'allure schizophrénique - "" avec facteur de stress aigu associé """,true,false,true,false,false,0,codable,OWL_ANS,emissible,1641
F23.3,V,V/F23.3.md,"Autre trouble psychotique aigu, essentiellement délirant",true,false,true,false,true,0,codable,OWL_ANS,emissible,1795
F23.30,V,V/F23.30.md,"Autre trouble psychotique aigu, essentiellement délirant - "" sans facteur de stress aigu associé """,true,false,true,false,false,0,codable,OWL_ANS,emissible,1327
F23.31,V,V/F23.31.md,"Autre trouble psychotique aigu, essentiellement délirant - "" avec facteur de stress aigu associé """,true,false,true,false,false,0,codable,OWL_ANS,emissible,1327
F23.8,V,V/F23.8.md,Autres troubles psychotiques aigus et transitoires,true,false,true,false,false,0,codable,OWL_ANS,emissible,1704
F23.80,V,V/F23.80.md,"Autres troubles psychotiques aigus et transitoires - "" sans facteur de stress aigu associé """,true,false,true,false,false,0,codable,OWL_ANS,emissible,1221
F23.81,V,V/F23.81.md,"Autres troubles psychotiques aigus et transitoires - "" avec facteur de stress aigu associé """,true,false,true,false,false,0,codable,OWL_ANS,emissible,1221
F23.9,V,V/F23.9.md,"Trouble psychotique aigu et transitoire, sans précision",true,false,true,false,true,0,codable,OWL_ANS,emissible,1457
F23.90,V,V/F23.90.md,"Trouble psychotique aigu et transitoire, sans précision - "" sans facteur de stress aigu associé """,true,false,true,false,false,0,codable,OWL_ANS,emissible,1308
F23.91,V,V/F23.91.md,"Trouble psychotique aigu et transitoire, sans précision - "" avec facteur de stress aigu associé """,true,false,true,false,false,0,codable,OWL_ANS,emissible,1308
F24,V,V/F24.md,Trouble délirant induit,true,false,true,false,true,0,codable,OWL_ANS,emissible,1488
F25.0,V,V/F25.0.md,"Trouble schizoaffectif, type maniaque",true,false,true,false,false,0,codable,OWL_ANS,emissible,1713
F25.00,V,V/F25.00.md,"Trouble schizoaffectif, type maniaque - "" présence simultanée de symptômes affectifs et schizophréniques, sans persistance de symptômes schizophréniques après la disparition des symptômes affectifs """,true,false,true,false,false,0,codable,OWL_ANS,emissible,1418
F25.01,V,V/F25.01.md,"Trouble schizoaffectif, type maniaque - "" présence simultanée de symptômes affectifs et schizophréniques, avec persistance de symptômes schizophréniques après la disparition des symptômes affectifs """,true,false,true,false,false,0,codable,OWL_ANS,emissible,1418
F25.1,V,V/F25.1.md,"Trouble schizoaffectif, type dépressif",true,false,true,false,true,0,codable,OWL_ANS,emissible,1787
F25.10,V,V/F25.10.md,"Trouble schizoaffectif, type dépressif - "" présence simultanée de symptômes affectifs et schizophréniques, sans persistance de symptômes schizophréniques après la disparition des symptômes affectifs """,true,false,true,false,false,0,codable,OWL_ANS,emissible,1421
F25.11,V,V/F25.11.md,"Trouble schizoaffectif, type dépressif - "" présence simultanée de symptômes affectifs et schizophréniques, avec persistance de symptômes schizophréniques après la disparition des symptômes affectifs """,true,false,true,false,false,0,codable,OWL_ANS,emissible,1421
F25.2,V,V/F25.2.md,"Trouble schizoaffectif, type mixte",true,false,true,false,true,0,codable,OWL_ANS,emissible,1301
F25.20,V,V/F25.20.md,"Trouble schizoaffectif, type mixte - "" présence simultanée de symptômes affectifs et schizophréniques, sans persistance de symptômes schizophréniques après la disparition des symptômes affectifs """,true,false,true,false,false,0,codable,OWL_ANS,emissible,1401
F25.21,V,V/F25.21.md,"Trouble schizoaffectif, type mixte - "" présence simultanée de symptômes affectifs et schizophréniques, avec persistance de symptômes schizophréniques après la disparition des symptômes affectifs """,true,false,true,false,false,0,codable,OWL_ANS,emissible,1401
F25.8,V,V/F25.8.md,Autres troubles schizoaffectifs,true,false,true,false,false,0,codable,OWL_ANS,emissible,1309
F25.80,V,V/F25.80.md,"Autres troubles schizoaffectifs - "" présence simultanée de symptômes affectifs et schizophréniques, sans persistance de symptômes schizophréniques après la disparition des symptômes affectifs """,true,false,true,false,false,0,codable,OWL_ANS,emissible,1284
F25.81,V,V/F25.81.md,"Autres troubles schizoaffectifs - "" présence simultanée de symptômes affectifs et schizophréniques, avec persistance de symptômes schizophréniques après la disparition des symptômes affectifs """,true,false,true,false,false,0,codable,OWL_ANS,emissible,1284
F25.9,V,V/F25.9.md,"Trouble schizoaffectif, sans précision",true,false,true,false,true,0,codable,OWL_ANS,emissible,1299
F25.90,V,V/F25.90.md,"Trouble schizoaffectif, sans précision - "" présence simultanée de symptômes affectifs et schizophréniques, sans persistance de symptômes schizophréniques après la disparition des symptômes affectifs """,true,false,true,false,false,0,codable,OWL_ANS,emissible,1367
F25.91,V,V/F25.91.md,"Trouble schizoaffectif, sans précision - "" présence simultanée de symptômes affectifs et schizophréniques, avec persistance de symptômes schizophréniques après la disparition des symptômes affectifs """,true,false,true,false,false,0,codable,OWL_ANS,emissible,1367
F28,V,V/F28.md,Autres troubles psychotiques non organiques,true,false,true,false,true,0,codable,OWL_ANS,emissible,1802
F29,V,V/F29.md,"Psychose non organique, sans précision",true,false,true,false,true,0,codable,OWL_ANS,emissible,1485
F30.0,V,V/F30.0.md,Hypomanie,true,false,true,false,true,0,codable,OWL_ANS,emissible,2168
F30.1,V,V/F30.1.md,Manie sans symptômes psychotiques,true,false,true,false,true,0,codable,OWL_ANS,emissible,2129
F30.2,V,V/F30.2.md,Manie avec symptômes psychotiques,true,false,true,false,true,0,codable,OWL_ANS,emissible,2081
F30.20,V,V/F30.20.md,Manie avec symptômes psychotiques congruents à l’humeur,true,false,true,false,false,0,codable,OWL_ANS,emissible,1416
F30.21,V,V/F30.21.md,Manie avec symptômes psychotiques non congruents à l’humeur,true,false,true,false,false,0,codable,OWL_ANS,emissible,1420
F30.8,V,V/F30.8.md,Autres épisodes maniaques,true,false,true,false,true,0,codable,OWL_ANS,emissible,1839
F30.9,V,V/F30.9.md,"Épisode maniaque, sans précision",true,false,true,false,true,0,codable,OWL_ANS,emissible,1655
F31.0,V,V/F31.0.md,"Trouble affectif bipolaire, épisode actuel hypomaniaque",true,false,true,false,false,0,codable,OWL_ANS,emissible,1858
F31.1,V,V/F31.1.md,"Trouble affectif bipolaire, épisode actuel maniaque sans symptômes psychotiques",true,false,true,false,false,0,codable,OWL_ANS,emissible,1924
F31.2,V,V/F31.2.md,"Trouble affectif bipolaire, épisode actuel maniaque avec symptômes psychotiques",true,false,true,false,false,0,codable,OWL_ANS,emissible,1924
F31.20,V,V/F31.20.md,"Trouble affectif bipolaire, épisode actuel maniaque, avec symptômes psychotiques congruents à l’humeur",true,false,true,false,false,0,codable,OWL_ANS,emissible,1730
F31.21,V,V/F31.21.md,"Trouble affectif bipolaire, épisode actuel maniaque, avec symptômes psychotiques non congruents à l’humeur",true,false,true,false,false,0,codable,OWL_ANS,emissible,1734
F31.3,V,V/F31.3.md,"Trouble affectif bipolaire, épisode actuel de dépression légère ou moyenne",true,false,true,false,false,0,codable,OWL_ANS,emissible,1943
F31.30,V,V/F31.30.md,"Trouble affectif bipolaire, épisode actuel de dépression légère ou moyenne, sans syndrome somatique",true,false,true,false,false,0,codable,OWL_ANS,emissible,1727
F31.31,V,V/F31.31.md,"Trouble affectif bipolaire, épisode actuel de dépression légère ou moyenne, avec syndrome somatique",true,false,true,false,false,0,codable,OWL_ANS,emissible,1727
F31.4,V,V/F31.4.md,"Trouble affectif bipolaire, épisode actuel de dépression sévère sans symptômes psychotiques",true,false,true,false,true,0,codable,OWL_ANS,emissible,2277
F31.5,V,V/F31.5.md,"Trouble affectif bipolaire, épisode actuel de dépression sévère avec symptômes psychotiques",true,false,true,false,false,0,codable,OWL_ANS,emissible,1968
F31.50,V,V/F31.50.md,"Trouble affectif bipolaire, épisode actuel de dépression sévère, avec symptômes psychotiques congruents à l’humeur",true,false,true,false,false,0,codable,OWL_ANS,emissible,1742
F31.51,V,V/F31.51.md,"Trouble affectif bipolaire, épisode actuel de dépression sévère, avec symptômes psychotiques non congruents à l’humeur",true,false,true,false,false,0,codable,OWL_ANS,emissible,1746
F31.6,V,V/F31.6.md,"Trouble affectif bipolaire, épisode actuel mixte",true,false,true,false,true,0,codable,OWL_ANS,emissible,2143
F31.7,V,V/F31.7.md,"Trouble affectif bipolaire, actuellement en rémission",true,false,true,false,false,0,codable,OWL_ANS,emissible,2069
F31.8,V,V/F31.8.md,Autres troubles affectifs bipolaires,true,false,true,false,true,0,codable,OWL_ANS,emissible,2531
F31.9,V,V/F31.9.md,"Trouble affectif bipolaire, sans précision",true,false,true,false,true,0,codable,OWL_ANS,emissible,2025
F32.0,V,V/F32.0.md,Épisode dépressif léger,true,false,true,false,false,0,codable,OWL_ANS,emissible,2004
F32.00,V,V/F32.00.md,"Épisode dépressif léger, sans syndrome somatique",true,false,true,true,false,0,codable,OWL_ANS,emissible,2006
F32.01,V,V/F32.01.md,"Épisode dépressif léger, avec syndrome somatique",true,false,true,true,false,0,codable,OWL_ANS,emissible,2006
F32.1,V,V/F32.1.md,Épisode dépressif moyen,true,false,true,false,false,0,codable,OWL_ANS,emissible,1926
F32.10,V,V/F32.10.md,"Épisode dépressif moyen, sans syndrome somatique",true,false,true,true,false,0,codable,OWL_ANS,emissible,2006
F32.11,V,V/F32.11.md,"Épisode dépressif moyen, avec syndrome somatique",true,false,true,true,false,0,codable,OWL_ANS,emissible,2006
F32.2,V,V/F32.2.md,Épisode dépressif sévère sans symptômes psychotiques,true,false,true,true,true,0,codable,OWL_ANS,emissible,2890
F32.3,V,V/F32.3.md,Épisode dépressif sévère avec symptômes psychotiques,true,false,true,false,true,0,codable,OWL_ANS,emissible,2908
F32.30,V,V/F32.30.md,"Épisode dépressif sévère, avec symptômes psychotiques congruents à l’humeur",true,false,true,true,false,0,codable,OWL_ANS,emissible,2203
F32.31,V,V/F32.31.md,"Épisode dépressif sévère, avec symptômes psychotiques non congruents à l’humeur",true,false,true,true,false,0,codable,OWL_ANS,emissible,2207
F32.8,V,V/F32.8.md,Autres épisodes dépressifs,true,false,true,true,true,0,codable,OWL_ANS,emissible,2485
F32.9,V,V/F32.9.md,"Épisode dépressif, sans précision",true,false,true,true,true,0,codable,OWL_ANS,emissible,2322
F33.0,V,V/F33.0.md,"Trouble dépressif récurrent, épisode actuel léger",true,false,true,false,false,0,codable,OWL_ANS,emissible,1946
F33.00,V,V/F33.00.md,"Trouble dépressif récurrent, épisode actuel léger, sans syndrome somatique",true,false,true,false,false,0,codable,OWL_ANS,emissible,1794
F33.01,V,V/F33.01.md,"Trouble dépressif récurrent, épisode actuel léger, avec syndrome somatique",true,false,true,false,false,0,codable,OWL_ANS,emissible,1794
F33.1,V,V/F33.1.md,"Trouble dépressif récurrent, épisode actuel moyen",true,false,true,false,false,0,codable,OWL_ANS,emissible,1946
F33.10,V,V/F33.10.md,"Trouble dépressif récurrent, épisode actuel moyen, sans syndrome somatique",true,false,true,false,false,0,codable,OWL_ANS,emissible,1794
F33.11,V,V/F33.11.md,"Trouble dépressif récurrent, épisode actuel moyen, avec syndrome somatique",true,false,true,false,false,0,codable,OWL_ANS,emissible,1794
F33.2,V,V/F33.2.md,"Trouble dépressif récurrent, épisode actuel sévère sans symptômes psychotiques",true,false,true,false,true,0,codable,OWL_ANS,emissible,2553
F33.3,V,V/F33.3.md,"Trouble dépressif récurrent, épisode actuel sévère avec symptômes psychotiques",true,false,true,false,false,0,codable,OWL_ANS,emissible,2428
F33.30,V,V/F33.30.md,"Trouble dépressif récurrent, épisode actuel sévère, avec symptômes psychotiques congruents à l’humeur",true,false,true,false,false,0,codable,OWL_ANS,emissible,2127
F33.31,V,V/F33.31.md,"Trouble dépressif récurrent, épisode actuel sévère, avec symptômes psychotiques non congruents à l’humeur",true,false,true,false,false,0,codable,OWL_ANS,emissible,2131
F33.4,V,V/F33.4.md,"Trouble dépressif récurrent, actuellement en rémission",true,false,true,false,false,0,codable,OWL_ANS,emissible,1982
F33.8,V,V/F33.8.md,Autres troubles dépressifs récurrents,true,false,true,false,true,0,codable,OWL_ANS,emissible,2247
F33.9,V,V/F33.9.md,"Trouble dépressif récurrent, sans précision",true,false,true,false,true,0,codable,OWL_ANS,emissible,2118
F34.0,V,V/F34.0.md,Cyclothymie,true,false,true,false,true,0,codable,OWL_ANS,emissible,2002
F34.1,V,V/F34.1.md,Dysthymie,true,false,true,false,true,0,codable,OWL_ANS,emissible,2116
F34.8,V,V/F34.8.md,Autres troubles de l'humeur [affectifs] persistants,true,false,true,false,true,0,codable,OWL_ANS,emissible,1450
F34.9,V,V/F34.9.md,"Trouble de l'humeur [affectif] persistant, sans précision",true,false,true,false,true,0,codable,OWL_ANS,emissible,1377
F38.0,V,V/F38.0.md,Autres troubles de l'humeur [affectifs] isolés,true,false,true,false,false,0,codable,OWL_ANS,emissible,1349
F38.00,V,V/F38.00.md,Épisode affectif mixte isolé,true,false,true,false,false,0,codable,OWL_ANS,emissible,1281
F38.1,V,V/F38.1.md,Autres troubles de l'humeur [affectifs] récurrents,true,false,true,false,false,0,codable,OWL_ANS,emissible,1371
F38.10,V,V/F38.10.md,Épisodes dépressifs récurrents de courte durée,true,false,true,false,false,0,codable,OWL_ANS,emissible,1299
F38.8,V,V/F38.8.md,Autres troubles de l'humeur [affectifs] précisés,true,false,true,false,true,0,codable,OWL_ANS,emissible,1519
F39,V,V/F39.md,"Trouble de l'humeur [affectif], sans précision",true,false,true,false,true,0,codable,OWL_ANS,emissible,1586
F40.0,V,V/F40.0.md,Agoraphobie,true,false,true,false,true,0,codable,OWL_ANS,emissible,1599
F40.00,V,V/F40.00.md,Agoraphobie sans trouble panique (actuel) (antérieur),true,false,true,false,false,0,codable,OWL_ANS,emissible,789
F40.01,V,V/F40.01.md,Agoraphobie avec trouble panique,true,false,true,false,false,0,codable,OWL_ANS,emissible,768
F40.1,V,V/F40.1.md,Phobies sociales,true,false,true,false,true,0,codable,OWL_ANS,emissible,1459
F40.2,V,V/F40.2.md,Phobies spécifiques (isolées),true,false,true,false,true,0,codable,OWL_ANS,emissible,1721
F40.8,V,V/F40.8.md,Autres troubles anxieux phobiques,true,false,true,false,true,0,codable,OWL_ANS,emissible,957
F40.9,V,V/F40.9.md,"Trouble anxieux phobique, sans précision",true,false,true,false,true,0,codable,OWL_ANS,emissible,982
F41.0,V,V/F41.0.md,Trouble panique [anxiété épisodique paroxystique],true,false,true,false,true,0,codable,OWL_ANS,emissible,2095
F41.00,V,V/F41.00.md,Trouble panique moyen,true,false,true,false,false,0,codable,OWL_ANS,emissible,952
F41.01,V,V/F41.01.md,Trouble panique sévère,true,false,true,false,false,0,codable,OWL_ANS,emissible,953
F41.1,V,V/F41.1.md,Anxiété généralisée,true,false,true,false,true,0,codable,OWL_ANS,emissible,1798
F41.2,V,V/F41.2.md,Trouble anxieux et dépressif mixte,true,false,true,false,true,0,codable,OWL_ANS,emissible,1675
F41.3,V,V/F41.3.md,Autres troubles anxieux mixtes,true,false,true,false,true,0,codable,OWL_ANS,emissible,1042
F41.8,V,V/F41.8.md,Autres troubles anxieux précisés,true,false,true,false,true,0,codable,OWL_ANS,emissible,1236
F41.9,V,V/F41.9.md,"Trouble anxieux, sans précision",true,false,true,false,true,0,codable,OWL_ANS,emissible,1014
F42.0,V,V/F42.0.md,Avec idées ou ruminations obsédantes au premier plan,true,false,true,false,true,0,codable,OWL_ANS,emissible,1812
F42.1,V,V/F42.1.md,Avec comportements compulsifs [rituels obsessionnels] au premier plan,true,false,true,false,true,0,codable,OWL_ANS,emissible,1711
F42.2,V,V/F42.2.md,"Forme mixte, avec idées obsédantes et comportements compulsifs",true,false,true,false,false,0,codable,OWL_ANS,emissible,1070
F42.8,V,V/F42.8.md,Autres troubles obsessionnels-compulsifs,true,false,true,false,true,0,codable,OWL_ANS,emissible,1406
F42.9,V,V/F42.9.md,"Trouble obsessionnel-compulsif, sans précision",true,false,true,false,true,0,codable,OWL_ANS,emissible,1329
F43.0,V,V/F43.0.md,Réaction aigüe à un facteur de stress,true,false,true,false,true,0,codable,OWL_ANS,emissible,2622
F43.00,V,V/F43.00.md,Réaction aigüe légère à un facteur de stress,true,false,true,false,false,0,codable,OWL_ANS,emissible,920
F43.01,V,V/F43.01.md,Réaction aigüe moyenne à un facteur de stress,true,false,true,false,false,0,codable,OWL_ANS,emissible,921
F43.02,V,V/F43.02.md,Réaction aigüe sévère à un facteur de stress,true,false,true,false,false,0,codable,OWL_ANS,emissible,920
F43.1,V,V/F43.1.md,État de stress posttraumatique,true,false,true,false,true,0,codable,OWL_ANS,emissible,2612
F43.2,V,V/F43.2.md,Troubles de l'adaptation,true,false,true,false,true,0,codable,OWL_ANS,emissible,2763
F43.20,V,V/F43.20.md,"Trouble de l’adaptation, réaction dépressive brève",true,false,true,false,false,0,codable,OWL_ANS,emissible,1006
F43.21,V,V/F43.21.md,"Trouble de l’adaptation, réaction dépressive prolongée",true,false,true,false,false,0,codable,OWL_ANS,emissible,1010
F43.22,V,V/F43.22.md,"Trouble de l’adaptation, réaction mixte, anxieuse et dépressive",true,false,true,false,false,0,codable,OWL_ANS,emissible,1019
F43.23,V,V/F43.23.md,"Trouble de l’adaptation, avec prédominance d’une perturbation d’autres émotions",true,false,true,false,false,0,codable,OWL_ANS,emissible,1035
F43.24,V,V/F43.24.md,"Trouble de l’adaptation, avec prédominance d’une perturbation des conduites",true,false,true,false,false,0,codable,OWL_ANS,emissible,1031
F43.25,V,V/F43.25.md,"Trouble de l’adaptation, avec prédominance d’une perturbation mixte des émotions et des conduites",true,false,true,false,false,0,codable,OWL_ANS,emissible,1053
F43.28,V,V/F43.28.md,"Trouble de l’adaptation, avec prédominance d’une perturbation d’autres symptômes précisés",true,false,true,false,false,0,codable,OWL_ANS,emissible,1045
F43.8,V,V/F43.8.md,Autres réactions à un facteur de stress sévère,true,false,true,false,true,0,codable,OWL_ANS,emissible,1065
F43.9,V,V/F43.9.md,"Réaction à un facteur de stress sévère, sans précision",true,false,true,false,true,0,codable,OWL_ANS,emissible,913
F44.0,V,V/F44.0.md,Amnésie dissociative,true,false,true,false,true,0,codable,OWL_ANS,emissible,2149
F44.1,V,V/F44.1.md,Fugue dissociative,true,false,true,false,true,0,codable,OWL_ANS,emissible,1604
F44.2,V,V/F44.2.md,Stupeur dissociative,true,false,true,false,true,0,codable,OWL_ANS,emissible,1862
F44.3,V,V/F44.3.md,États de transe et de possession,true,false,true,false,true,0,codable,OWL_ANS,emissible,2035
F44.4,V,V/F44.4.md,Troubles moteurs dissociatifs,true,false,true,false,true,0,codable,OWL_ANS,emissible,1790
F44.5,V,V/F44.5.md,Convulsions dissociatives,true,false,true,false,true,0,codable,OWL_ANS,emissible,1524
F44.6,V,V/F44.6.md,Anesthésie et atteintes sensorielles dissociatives,true,false,true,false,true,0,codable,OWL_ANS,emissible,1852
F44.7,V,V/F44.7.md,Trouble dissociatif [de conversion] mixte,true,false,true,false,false,0,codable,OWL_ANS,emissible,1156
F44.8,V,V/F44.8.md,Autres troubles dissociatifs [de conversion],true,false,true,false,true,0,codable,OWL_ANS,emissible,2000
F44.80,V,V/F44.80.md,Syndrome de Ganser,true,false,true,false,false,0,codable,OWL_ANS,emissible,1078
F44.81,V,V/F44.81.md,Personnalité multiple,true,false,true,false,false,0,codable,OWL_ANS,emissible,1081
F44.82,V,V/F44.82.md,Troubles dissociatifs [de conversion] transitoires survenant dans l’enfance ou dans l’adolescence,true,false,true,false,false,0,codable,OWL_ANS,emissible,1157
F44.88,V,V/F44.88.md,Autres troubles dissociatifs [de conversion] précisés,true,false,true,false,false,0,codable,OWL_ANS,emissible,1113
F44.9,V,V/F44.9.md,"Trouble dissociatif [de conversion], sans précision",true,false,true,false,true,0,codable,OWL_ANS,emissible,1328
F45.0,V,V/F45.0.md,Somatisation,true,false,true,false,true,0,codable,OWL_ANS,emissible,2367
F45.1,V,V/F45.1.md,Trouble somatoforme indifférencié,true,false,true,false,false,0,codable,OWL_ANS,emissible,1652
F45.2,V,V/F45.2.md,Trouble hypocondriaque,true,false,true,false,true,0,codable,OWL_ANS,emissible,2530
F45.3,V,V/F45.3.md,Dysfonctionnement neurovégétatif somatoforme,true,false,true,false,true,0,codable,OWL_ANS,emissible,3381
F45.30,V,V/F45.30.md,Dysfonctionnement neurovégétatif d’expression circulatoire,true,false,true,false,false,0,codable,OWL_ANS,emissible,1549
F45.31,V,V/F45.31.md,Dysfonctionnement neurovégétatif d’expression œsogastrique,true,false,true,false,false,0,codable,OWL_ANS,emissible,1638
F45.32,V,V/F45.32.md,Dysfonctionnement neurovégétatif d’expression intestinale,true,false,true,false,false,0,codable,OWL_ANS,emissible,1625
F45.33,V,V/F45.33.md,Dysfonctionnement neurovégétatif d’expression respiratoire,true,false,true,false,false,0,codable,OWL_ANS,emissible,1547
F45.34,V,V/F45.34.md,Dysfonctionnement neurovégétatif d’expression génito-urinaire,true,false,true,false,false,0,codable,OWL_ANS,emissible,1556
F45.38,V,V/F45.38.md,Dysfonctionnement neurovégétatif d’expression autre,true,false,true,false,false,0,codable,OWL_ANS,emissible,1449
F45.4,V,V/F45.4.md,Syndrome douloureux somatoforme persistant,true,false,true,false,true,0,codable,OWL_ANS,emissible,2598
F45.8,V,V/F45.8.md,Autres troubles somatoformes,true,false,true,false,true,0,codable,OWL_ANS,emissible,2718
F45.9,V,V/F45.9.md,"Trouble somatoforme, sans précision",true,false,true,false,true,0,codable,OWL_ANS,emissible,1410
F48.0,V,V/F48.0.md,Neurasthénie,true,false,true,false,true,0,codable,OWL_ANS,emissible,2530
F48.1,V,V/F48.1.md,Syndrome de dépersonnalisation-déréalisation,true,false,true,false,true,0,codable,OWL_ANS,emissible,1792
F48.8,V,V/F48.8.md,Autres troubles névrotiques précisés,true,false,true,false,true,0,codable,OWL_ANS,emissible,1384
F48.9,V,V/F48.9.md,"Trouble névrotique, sans précision",true,false,true,false,true,0,codable,OWL_ANS,emissible,1078
F50.0,V,V/F50.0.md,Anorexie mentale,true,false,true,false,true,0,codable,OWL_ANS,emissible,2228
F50.1,V,V/F50.1.md,Anorexie mentale atypique,true,false,true,false,true,0,codable,OWL_ANS,emissible,1423
F50.2,V,V/F50.2.md,Boulimie [bulimia nervosa],true,false,true,false,true,0,codable,OWL_ANS,emissible,1664
F50.3,V,V/F50.3.md,Boulimie atypique,true,false,true,false,true,0,codable,OWL_ANS,emissible,1310
F50.4,V,V/F50.4.md,Hyperphagie associée à d'autres perturbations psychologiques,true,false,true,false,true,0,codable,OWL_ANS,emissible,1278
F50.5,V,V/F50.5.md,Vomissements associés à d'autres perturbations psychologiques,true,false,true,false,true,0,codable,OWL_ANS,emissible,1369
F50.8,V,V/F50.8.md,Autres troubles de l'alimentation,true,false,true,false,true,0,codable,OWL_ANS,emissible,1699
F50.9,V,V/F50.9.md,"Trouble de l'alimentation, sans précision",true,false,true,false,true,0,codable,OWL_ANS,emissible,1069
F51.0,V,V/F51.0.md,Insomnie non organique,true,false,true,false,true,0,codable,OWL_ANS,emissible,1376
F51.1,V,V/F51.1.md,Hypersomnie non organique,true,false,true,false,true,0,codable,OWL_ANS,emissible,1417
F51.2,V,V/F51.2.md,Trouble du rythme veille-sommeil non dû à une cause organique,true,false,true,false,false,0,codable,OWL_ANS,emissible,1292
F51.3,V,V/F51.3.md,Somnambulisme,true,false,true,false,true,0,codable,OWL_ANS,emissible,1237
F51.4,V,V/F51.4.md,Terreurs nocturnes,true,false,true,false,true,0,codable,OWL_ANS,emissible,1426
F51.5,V,V/F51.5.md,Cauchemars,true,false,true,false,true,0,codable,OWL_ANS,emissible,1418
F51.8,V,V/F51.8.md,Autres troubles du sommeil non organiques,true,false,true,false,false,0,codable,OWL_ANS,emissible,1049
F51.9,V,V/F51.9.md,"Trouble du sommeil non organique, sans précision",true,false,true,false,true,0,codable,OWL_ANS,emissible,893
F52.0,V,V/F52.0.md,Absence ou perte de désir sexuel,true,false,true,false,true,0,codable,OWL_ANS,emissible,1134
F52.1,V,V/F52.1.md,Aversion sexuelle et manque de plaisir sexuel,true,false,true,false,true,0,codable,OWL_ANS,emissible,1252
F52.10,V,V/F52.10.md,Aversion sexuelle,true,false,true,false,false,0,codable,OWL_ANS,emissible,736
F52.11,V,V/F52.11.md,Manque de plaisir sexuel [Anhédonie sexuelle],true,false,true,false,false,0,codable,OWL_ANS,emissible,764
F52.2,V,V/F52.2.md,Échec de la réponse génitale,true,false,true,false,true,0,codable,OWL_ANS,emissible,1326
F52.3,V,V/F52.3.md,Dysfonctionnement orgasmique,true,false,true,false,true,0,codable,OWL_ANS,emissible,996
F52.4,V,V/F52.4.md,Éjaculation précoce,true,false,true,false,false,0,codable,OWL_ANS,emissible,899
F52.5,V,V/F52.5.md,Vaginisme non organique,true,false,true,false,true,0,codable,OWL_ANS,emissible,1129
F52.6,V,V/F52.6.md,Dyspareunie non organique,true,false,true,false,true,0,codable,OWL_ANS,emissible,1427
F52.7,V,V/F52.7.md,Activité sexuelle excessive,true,false,true,false,true,0,codable,OWL_ANS,emissible,862
F52.8,V,V/F52.8.md,"Autres dysfonctionnements sexuels, non dus à un trouble ou à une maladie organique",true,false,true,false,false,0,codable,OWL_ANS,emissible,1171
F52.9,V,V/F52.9.md,"Dysfonctionnement sexuel non dû à un trouble ou à une maladie organique, sans précision",true,false,true,false,false,0,codable,OWL_ANS,emissible,775
F53.0,V,V/F53.0.md,"Troubles mentaux et du comportement légers associés à la puerpéralité, non classés ailleurs",true,false,true,false,true,0,codable,OWL_ANS,emissible,959
F53.1,V,V/F53.1.md,"Troubles mentaux et du comportement sévères associés à la puerpéralité, non classés ailleurs",true,false,true,false,true,0,codable,OWL_ANS,emissible,825
F53.8,V,V/F53.8.md,"Autres troubles mentaux et du comportement associés à la puerpéralité, non classés ailleurs",true,false,true,false,true,0,codable,OWL_ANS,emissible,1033
F53.9,V,V/F53.9.md,"Trouble mental de la puerpéralité, sans précision",true,false,true,false,false,0,codable,OWL_ANS,emissible,673
F54,V,V/F54.md,Facteurs psychologiques et comportementaux associés à des maladies ou des troubles classés ailleurs,true,false,true,false,false,0,codable,OWL_ANS,emissible,1869
F55,V,V/F55.md,Abus de substances n'entraînant pas de dépendance,true,false,true,false,true,0,codable,OWL_ANS,emissible,2456
F55.+0,V,V/F55.+0.md,Abus d'antidépresseurs,true,false,true,false,false,0,codable,OWL_ANS,emissible,759
F55.+1,V,V/F55.+1.md,Prise régulière de laxatifs,true,false,true,false,false,0,codable,OWL_ANS,emissible,764
F55.+2,V,V/F55.+2.md,Abus d'analgésiques,true,false,true,false,false,0,codable,OWL_ANS,emissible,756
F55.+3,V,V/F55.+3.md,Abus d'antiacides,true,false,true,false,false,0,codable,OWL_ANS,emissible,754
F55.+4,V,V/F55.+4.md,Abus de vitamines,true,false,true,false,false,0,codable,OWL_ANS,emissible,754
F55.+5,V,V/F55.+5.md,Abus de stéroïdes ou d'hormones,true,false,true,false,false,0,codable,OWL_ANS,emissible,768
F55.+6,V,V/F55.+6.md,Abus de préparation à base de plantes ou de remèdes populaires,true,false,true,false,false,0,codable,OWL_ANS,emissible,799
F55.+8,V,V/F55.+8.md,Abus d'autres substances n'entraînant pas de dépendance,true,false,true,false,false,0,codable,OWL_ANS,emissible,792
F55.+9,V,V/F55.+9.md,"Abus de substances n'entraînant pas de dépendance, sans précision",true,false,true,false,false,0,codable,OWL_ANS,emissible,802
F59,V,V/F59.md,Syndromes comportementaux non précisés associés à des perturbations physiologiques et à des facteurs physiques,true,false,true,false,false,0,codable,OWL_ANS,emissible,800
F60.0,V,V/F60.0.md,Personnalité paranoïaque,true,false,true,false,true,0,codable,OWL_ANS,emissible,3144
F60.1,V,V/F60.1.md,Personnalité schizoïde,true,false,true,false,true,0,codable,OWL_ANS,emissible,2676
F60.2,V,V/F60.2.md,Personnalité dyssociale,true,false,true,false,true,0,codable,OWL_ANS,emissible,3289
F60.3,V,V/F60.3.md,Personnalité émotionnellement labile,true,false,true,false,true,0,codable,OWL_ANS,emissible,3721
F60.30,V,V/F60.30.md,"Personnalité émotionnellement labile, de type impulsif",true,false,true,false,false,0,codable,OWL_ANS,emissible,2231
F60.31,V,V/F60.31.md,"Personnalité émotionnellement labile, de type borderline",true,false,true,false,false,0,codable,OWL_ANS,emissible,2162
F60.4,V,V/F60.4.md,Personnalité histrionique,true,false,true,false,true,0,codable,OWL_ANS,emissible,2649
F60.5,V,V/F60.5.md,Personnalité anankastique,true,false,true,false,true,0,codable,OWL_ANS,emissible,2715
F60.6,V,V/F60.6.md,Personnalité anxieuse [évitante],true,false,true,false,true,0,codable,OWL_ANS,emissible,2542
F60.7,V,V/F60.7.md,Personnalité dépendante,true,false,true,false,true,0,codable,OWL_ANS,emissible,2921
F60.8,V,V/F60.8.md,Autres troubles spécifiques de la personnalité,true,false,true,false,true,0,codable,OWL_ANS,emissible,2985
F60.9,V,V/F60.9.md,"Trouble de la personnalité, sans précision",true,false,true,false,true,0,codable,OWL_ANS,emissible,2396
F61,V,V/F61.md,Troubles mixtes de la personnalité et autres troubles de la personnalité,true,false,true,false,true,0,codable,OWL_ANS,emissible,3027
F61.+0,V,V/F61.+0.md,Troubles mixtes de la personnalité,true,false,true,false,false,0,codable,OWL_ANS,emissible,2165
F61.+1,V,V/F61.+1.md,Modifications gênantes de la personnalité,true,false,true,false,false,0,codable,OWL_ANS,emissible,2362
F62.0,V,V/F62.0.md,Modification durable de la personnalité après une expérience de catastrophe,true,false,true,false,true,0,codable,OWL_ANS,emissible,3569
F62.1,V,V/F62.1.md,Modification durable de la personnalité après une maladie psychiatrique,true,false,true,false,false,0,codable,OWL_ANS,emissible,3414
F62.8,V,V/F62.8.md,Autres modifications durables de la personnalité,true,false,true,false,true,0,codable,OWL_ANS,emissible,2617
F62.9,V,V/F62.9.md,"Modification durable de la personnalité, sans précision",true,false,true,false,true,0,codable,OWL_ANS,emissible,2289
F63.0,V,V/F63.0.md,Jeu pathologique,true,false,true,false,true,0,codable,OWL_ANS,emissible,2758
F63.1,V,V/F63.1.md,Tendance pathologique à allumer des incendies [pyromanie],true,false,true,false,true,0,codable,OWL_ANS,emissible,3172
F63.2,V,V/F63.2.md,Tendance pathologique à commettre des vols [kleptomanie],true,false,true,false,true,0,codable,OWL_ANS,emissible,3042
F63.3,V,V/F63.3.md,Trichotillomanie,true,false,true,false,true,0,codable,OWL_ANS,emissible,2971
F63.8,V,V/F63.8.md,Autres troubles des habitudes et des impulsions,true,false,true,false,true,0,codable,OWL_ANS,emissible,3029
F63.9,V,V/F63.9.md,"Trouble des habitudes et des impulsions, sans précision",true,false,true,false,true,0,codable,OWL_ANS,emissible,2326
F64.0,V,V/F64.0.md,Transsexualisme,true,false,true,false,true,0,codable,OWL_ANS,emissible,2577
F64.1,V,V/F64.1.md,Travestisme bivalent,true,false,true,false,true,0,codable,OWL_ANS,emissible,2634
F64.2,V,V/F64.2.md,Trouble de l'identité sexuelle de l'enfance,true,false,true,false,false,0,codable,OWL_ANS,emissible,2959
F64.8,V,V/F64.8.md,Autres troubles de l'identité sexuelle,true,false,true,false,false,0,codable,OWL_ANS,emissible,2198
F64.9,V,V/F64.9.md,"Trouble de l'identité sexuelle, sans précision",true,false,true,false,true,0,codable,OWL_ANS,emissible,2167
F65.0,V,V/F65.0.md,Fétichisme,true,false,true,false,true,0,codable,OWL_ANS,emissible,2731
F65.1,V,V/F65.1.md,Travestisme fétichiste,true,false,true,false,true,0,codable,OWL_ANS,emissible,2692
F65.2,V,V/F65.2.md,Exhibitionnisme,true,false,true,false,true,0,codable,OWL_ANS,emissible,2532
F65.3,V,V/F65.3.md,Voyeurisme,true,false,true,false,true,0,codable,OWL_ANS,emissible,2426
F65.4,V,V/F65.4.md,Pédophilie,true,false,true,false,true,0,codable,OWL_ANS,emissible,2350
F65.5,V,V/F65.5.md,Sadomasochisme,true,false,true,false,true,0,codable,OWL_ANS,emissible,2660
F65.6,V,V/F65.6.md,Troubles multiples de la préférence sexuelle,true,false,true,false,false,0,codable,OWL_ANS,emissible,2356
F65.8,V,V/F65.8.md,Autres troubles de la préférence sexuelle,true,false,true,false,true,0,codable,OWL_ANS,emissible,3086
F65.9,V,V/F65.9.md,"Trouble de la préférence sexuelle, sans précision",true,false,true,false,true,0,codable,OWL_ANS,emissible,2223
F66.0,V,V/F66.0.md,Trouble de la maturation sexuelle,true,false,true,false,false,0,codable,OWL_ANS,emissible,2537
F66.1,V,V/F66.1.md,Orientation sexuelle égodystonique,true,false,true,false,true,0,codable,OWL_ANS,emissible,2522
F66.2,V,V/F66.2.md,Problème sexuel relationnel,true,false,true,false,true,0,codable,OWL_ANS,emissible,2317
F66.8,V,V/F66.8.md,Autres troubles du développement psychosexuel,true,false,true,false,true,0,codable,OWL_ANS,emissible,2290
F66.9,V,V/F66.9.md,"Trouble du développement psychosexuel, sans précision",true,false,true,false,false,0,codable,OWL_ANS,emissible,2055
F68.0,V,V/F68.0.md,Majoration de symptômes physiques pour des raisons psychologiques,true,false,true,false,true,0,codable,OWL_ANS,emissible,2628
F68.1,V,V/F68.1.md,"Production intentionnelle ou simulation de symptômes ou d'une incapacité, soit physique soit psychologique [trouble factice]",true,false,true,false,true,0,codable,OWL_ANS,emissible,3013
F68.8,V,V/F68.8.md,Autres troubles précisés de la personnalité et du comportement chez l'adulte,true,false,true,false,true,0,codable,OWL_ANS,emissible,2654
F69,V,V/F69.md,"Trouble de la personnalité et du comportement chez l'adulte, sans précision",true,false,true,false,true,0,codable,OWL_ANS,emissible,2413
F70.0,V,V/F70.0.md,"Retard mental léger - "" Déficience du comportement absent ou minime """,true,false,true,false,false,0,codable,OWL_ANS,emissible,2000
F70.1,V,V/F70.1.md,"Retard mental léger - "" Déficience du comportement significatif, nécessitant une surveillance ou traitement """,true,false,true,false,false,0,codable,OWL_ANS,emissible,2040
F70.8,V,V/F70.8.md,"Retard mental léger - "" Autres déficiences du comportement """,true,false,true,false,false,0,codable,OWL_ANS,emissible,2236
F70.9,V,V/F70.9.md,"Retard mental léger - "" Sans mention d'une déficience du comportement """,true,false,true,false,true,0,codable,OWL_ANS,emissible,2262
F71.0,V,V/F71.0.md,"Retard mental moyen - "" Déficience du comportement absent ou minime """,true,false,true,false,false,0,codable,OWL_ANS,emissible,2001
F71.1,V,V/F71.1.md,"Retard mental moyen - "" Déficience du comportement significatif, nécessitant une surveillance ou traitement """,true,false,true,false,false,0,codable,OWL_ANS,emissible,2041
F71.8,V,V/F71.8.md,"Retard mental moyen - "" Autres déficiences du comportement """,true,false,true,false,false,0,codable,OWL_ANS,emissible,2237
F71.9,V,V/F71.9.md,"Retard mental moyen - "" Sans mention d'une déficience du comportement """,true,false,true,false,true,0,codable,OWL_ANS,emissible,2276
F72.0,V,V/F72.0.md,"Retard mental grave - "" Déficience du comportement absent ou minime """,true,false,true,false,false,0,codable,OWL_ANS,emissible,1999
F72.1,V,V/F72.1.md,"Retard mental grave - "" Déficience du comportement significatif, nécessitant une surveillance ou traitement """,true,false,true,false,false,0,codable,OWL_ANS,emissible,2039
F72.8,V,V/F72.8.md,"Retard mental grave - "" Autres déficiences du comportement """,true,false,true,false,false,0,codable,OWL_ANS,emissible,2235
F72.9,V,V/F72.9.md,"Retard mental grave - "" Sans mention d'une déficience du comportement """,true,false,true,false,true,0,codable,OWL_ANS,emissible,2162
F73.0,V,V/F73.0.md,"Retard mental profond - "" Déficience du comportement absent ou minime """,true,false,true,false,false,0,codable,OWL_ANS,emissible,2004
F73.1,V,V/F73.1.md,"Retard mental profond - "" Déficience du comportement significatif, nécessitant une surveillance ou traitement """,true,false,true,false,false,0,codable,OWL_ANS,emissible,2044
F73.8,V,V/F73.8.md,"Retard mental profond - "" Autres déficiences du comportement """,true,false,true,false,false,0,codable,OWL_ANS,emissible,2244
F73.9,V,V/F73.9.md,"Retard mental profond - "" Sans mention d'une déficience du comportement """,true,false,true,false,true,0,codable,OWL_ANS,emissible,2339
F78.0,V,V/F78.0.md,"Autres formes de retard mental - "" Déficience du comportement absent ou minime """,true,false,true,false,false,0,codable,OWL_ANS,emissible,1939
F78.1,V,V/F78.1.md,"Autres formes de retard mental - "" Déficience du comportement significatif, nécessitant une surveillance ou traitement """,true,false,true,false,false,0,codable,OWL_ANS,emissible,1979
F78.8,V,V/F78.8.md,"Autres formes de retard mental - "" Autres déficiences du comportement """,true,false,true,false,false,0,codable,OWL_ANS,emissible,2197
F78.9,V,V/F78.9.md,"Autres formes de retard mental - "" Sans mention d'une déficience du comportement """,true,false,true,false,false,0,codable,OWL_ANS,emissible,1941
F79.0,V,V/F79.0.md,"Retard mental, sans précision - "" Déficience du comportement absent ou minime """,true,false,true,false,false,0,codable,OWL_ANS,emissible,2077
F79.1,V,V/F79.1.md,"Retard mental, sans précision - "" Déficience du comportement significatif, nécessitant une surveillance ou traitement """,true,false,true,false,false,0,codable,OWL_ANS,emissible,2117
F79.8,V,V/F79.8.md,"Retard mental, sans précision - "" Autres déficiences du comportement """,true,false,true,false,false,0,codable,OWL_ANS,emissible,2333
F79.9,V,V/F79.9.md,"Retard mental, sans précision - "" Sans mention d'une déficience du comportement """,true,false,true,false,true,0,codable,OWL_ANS,emissible,2392
F80.0,V,V/F80.0.md,Trouble spécifique de l'acquisition de l'articulation,true,false,true,false,true,0,codable,OWL_ANS,emissible,2040
F80.1,V,V/F80.1.md,"Trouble de l'acquisition du langage, de type expressif",true,false,true,false,false,0,codable,OWL_ANS,emissible,2028
F80.2,V,V/F80.2.md,"Trouble de l'acquisition du langage, de type réceptif",true,false,true,false,true,0,codable,OWL_ANS,emissible,2345
F80.3,V,V/F80.3.md,Aphasie acquise avec épilepsie [Landau–Kleffner],true,false,true,false,true,0,codable,OWL_ANS,emissible,2423
F80.8,V,V/F80.8.md,Autres troubles du développement de la parole et du langage,true,false,true,false,false,0,codable,OWL_ANS,emissible,1669
F80.9,V,V/F80.9.md,"Trouble du développement de la parole et du langage, sans précision",true,false,true,false,false,0,codable,OWL_ANS,emissible,1388
F81.0,V,V/F81.0.md,Trouble spécifique de la lecture,true,false,true,false,true,0,codable,OWL_ANS,emissible,2507
F81.1,V,V/F81.1.md,Trouble spécifique de l'acquisition de l'orthographe,true,false,true,false,true,0,codable,OWL_ANS,emissible,2080
F81.2,V,V/F81.2.md,Trouble spécifique de l'acquisition de l'arithmétique,true,false,true,false,true,0,codable,OWL_ANS,emissible,2202
F81.3,V,V/F81.3.md,Trouble mixte des acquisitions scolaires,true,false,true,false,false,0,codable,OWL_ANS,emissible,1827
F81.8,V,V/F81.8.md,Autres troubles du développement des acquisitions scolaires,true,false,true,false,true,0,codable,OWL_ANS,emissible,1752
F81.9,V,V/F81.9.md,"Trouble du développement des acquisitions scolaires, sans précision",true,false,true,false,false,0,codable,OWL_ANS,emissible,1497
F82,V,V/F82.md,Trouble spécifique du développement moteur,true,false,true,false,true,0,codable,OWL_ANS,emissible,2261
F83,V,V/F83.md,Troubles spécifiques mixtes du développement,true,false,true,false,false,0,codable,OWL_ANS,emissible,2008
F84.0,V,V/F84.0.md,Autisme infantile,true,false,true,false,true,0,codable,OWL_ANS,emissible,2422
F84.1,V,V/F84.1.md,Autisme atypique,true,false,true,false,true,0,codable,OWL_ANS,emissible,2324
F84.10,V,V/F84.10.md,Autisme atypique en raison de l’âge de survenue,true,false,true,false,false,0,codable,OWL_ANS,emissible,1447
F84.11,V,V/F84.11.md,Autisme atypique en raison de la symptomatologie,true,false,true,false,false,0,codable,OWL_ANS,emissible,1448
F84.12,V,V/F84.12.md,Autisme atypique en raison de l’âge de survenue et de la symptomatologie,true,false,true,false,false,0,codable,OWL_ANS,emissible,1472
F84.2,V,V/F84.2.md,Syndrome de Rett,true,false,true,false,true,0,codable,OWL_ANS,emissible,2166
F84.3,V,V/F84.3.md,Autre trouble désintégratif de l'enfance,true,false,true,false,true,0,codable,OWL_ANS,emissible,2518
F84.4,V,V/F84.4.md,Hyperactivité associée à un retard mental et à des mouvements stéréotypés,true,false,true,false,true,0,codable,OWL_ANS,emissible,2371
F84.5,V,V/F84.5.md,Syndrome d'Asperger,true,false,true,false,true,0,codable,OWL_ANS,emissible,2236
F84.8,V,V/F84.8.md,Autres troubles envahissants du développement,true,false,true,false,false,0,codable,OWL_ANS,emissible,1620
F84.9,V,V/F84.9.md,"Trouble envahissant du développement, sans précision",true,false,true,false,true,0,codable,OWL_ANS,emissible,1435
F88,V,V/F88.md,Autres troubles du développement psychologique,true,false,true,false,true,0,codable,OWL_ANS,emissible,1432
F89,V,V/F89.md,"Trouble du développement psychologique, sans précision",true,false,true,false,true,0,codable,OWL_ANS,emissible,1442
F90.0,V,V/F90.0.md,Perturbation de l'activité et de l'attention,true,false,true,false,true,0,codable,OWL_ANS,emissible,1179
F90.1,V,V/F90.1.md,Trouble hyperkinétique et trouble des conduites,true,false,true,false,false,0,codable,OWL_ANS,emissible,953
F90.8,V,V/F90.8.md,Autres troubles hyperkinétiques,true,false,true,false,false,0,codable,OWL_ANS,emissible,1014
F90.9,V,V/F90.9.md,"Trouble hyperkinétique, sans précision",true,false,true,false,true,0,codable,OWL_ANS,emissible,1003
F91.0,V,V/F91.0.md,Trouble des conduites limité au milieu familial,true,false,true,false,false,0,codable,OWL_ANS,emissible,1561
F91.1,V,V/F91.1.md,"Trouble des conduites, type mal socialisé",true,false,true,false,false,0,codable,OWL_ANS,emissible,1393
F91.2,V,V/F91.2.md,"Trouble des conduites, type socialisé",true,false,true,false,true,0,codable,OWL_ANS,emissible,1494
F91.3,V,V/F91.3.md,Trouble oppositionnel avec provocation,true,false,true,false,false,0,codable,OWL_ANS,emissible,1827
F91.8,V,V/F91.8.md,Autres troubles des conduites,true,false,true,false,true,0,codable,OWL_ANS,emissible,1335
F91.9,V,V/F91.9.md,"Trouble des conduites, sans précision",true,false,true,false,true,0,codable,OWL_ANS,emissible,1091
F92.0,V,V/F92.0.md,Troubles des conduites avec dépression,true,false,true,false,false,0,codable,OWL_ANS,emissible,1204
F92.8,V,V/F92.8.md,Autres troubles mixtes des conduites et troubles émotionnels,true,false,true,false,false,0,codable,OWL_ANS,emissible,1287
F92.9,V,V/F92.9.md,"Trouble mixte des conduites et troubles émotionnels, sans précision",true,false,true,false,false,0,codable,OWL_ANS,emissible,704
F93.0,V,V/F93.0.md,Angoisse de séparation de l'enfance,true,false,true,false,true,0,codable,OWL_ANS,emissible,1533
F93.1,V,V/F93.1.md,Trouble anxieux phobique de l'enfance,true,false,true,false,false,0,codable,OWL_ANS,emissible,1341
F93.2,V,V/F93.2.md,Anxiété sociale de l'enfance,true,false,true,false,true,0,codable,OWL_ANS,emissible,1345
F93.3,V,V/F93.3.md,Rivalité dans la fratrie,true,false,true,false,false,0,codable,OWL_ANS,emissible,1164
F93.8,V,V/F93.8.md,Autres troubles émotionnels de l'enfance,true,false,true,false,true,0,codable,OWL_ANS,emissible,1312
F93.80,V,V/F93.80.md,Anxiété généralisée de l’enfance,true,false,true,false,false,0,codable,OWL_ANS,emissible,940
F93.9,V,V/F93.9.md,"Trouble émotionnel de l'enfance, sans précision",true,false,true,false,false,0,codable,OWL_ANS,emissible,788
F94.0,V,V/F94.0.md,Mutisme électif,true,false,true,false,false,0,codable,OWL_ANS,emissible,1429
F94.1,V,V/F94.1.md,Trouble réactionnel de l'attachement de l'enfance,true,false,true,false,false,0,codable,OWL_ANS,emissible,1700
F94.2,V,V/F94.2.md,Trouble de l'attachement de l'enfance avec désinhibition,true,false,true,false,true,0,codable,OWL_ANS,emissible,1637
F94.8,V,V/F94.8.md,Autres troubles du fonctionnement social de l'enfance,true,false,true,false,true,0,codable,OWL_ANS,emissible,962
F94.9,V,V/F94.9.md,"Trouble du fonctionnement social de l'enfance, sans précision",true,false,true,false,false,0,codable,OWL_ANS,emissible,698
F95.0,V,V/F95.0.md,Tic transitoire,true,false,true,false,true,0,codable,OWL_ANS,emissible,942
F95.1,V,V/F95.1.md,Tic moteur ou vocal chronique,true,false,true,false,true,0,codable,OWL_ANS,emissible,1030
F95.2,V,V/F95.2.md,Forme associant tics vocaux et tics moteurs [syndrome de Gilles de la Tourette],true,false,true,false,true,0,codable,OWL_ANS,emissible,1482
F95.8,V,V/F95.8.md,Autres tics,true,false,true,false,false,0,codable,OWL_ANS,emissible,851
F95.9,V,V/F95.9.md,"Tic, sans précision",true,false,true,false,true,0,codable,OWL_ANS,emissible,719
F98.0,V,V/F98.0.md,Énurésie non organique,true,false,true,false,false,0,codable,OWL_ANS,emissible,1681
F98.00,V,V/F98.00.md,Énurésie non organique uniquement nocturne,true,false,true,false,false,0,codable,OWL_ANS,emissible,1159
F98.01,V,V/F98.01.md,Énurésie non organique uniquement diurne,true,false,true,false,false,0,codable,OWL_ANS,emissible,1157
F98.02,V,V/F98.02.md,Énurésie non organique nocturne et diurne,true,false,true,false,false,0,codable,OWL_ANS,emissible,1158
F98.1,V,V/F98.1.md,Encoprésie non organique,true,false,true,false,true,0,codable,OWL_ANS,emissible,1923
F98.10,V,V/F98.10.md,Encoprésie non organique par échec de l’acquisition de la maitrise sphinctérienne,true,false,true,false,false,0,codable,OWL_ANS,emissible,1151
F98.11,V,V/F98.11.md,Encoprésie non organique avec contrôle sphinctérien adéquat et émission de selles normales dans des endroits inappropriés,true,false,true,false,false,0,codable,OWL_ANS,emissible,1191
F98.12,V,V/F98.12.md,Encoprésie non organique avec souillure associée à des selles trop liquides,true,false,true,false,false,0,codable,OWL_ANS,emissible,1229
F98.2,V,V/F98.2.md,Trouble de l'alimentation du nourrisson et de l'enfant,true,false,true,false,true,0,codable,OWL_ANS,emissible,1854
F98.3,V,V/F98.3.md,Pica du nourrisson et de l'enfant,true,false,true,false,false,0,codable,OWL_ANS,emissible,1500
F98.4,V,V/F98.4.md,Mouvements stéréotypés,true,false,true,false,true,0,codable,OWL_ANS,emissible,2755
F98.40,V,V/F98.40.md,Mouvements stéréotypés sans automutilation,true,false,true,false,false,0,codable,OWL_ANS,emissible,1336
F98.41,V,V/F98.41.md,Mouvements stéréotypés avec automutilations,true,false,true,false,false,0,codable,OWL_ANS,emissible,1337
F98.42,V,V/F98.42.md,Mouvements stéréotypés mixtes,true,false,true,false,false,0,codable,OWL_ANS,emissible,1323
F98.5,V,V/F98.5.md,Bégaiement,true,false,true,false,true,0,codable,OWL_ANS,emissible,1399
F98.6,V,V/F98.6.md,Bredouillement [langage précipité],true,false,true,false,true,0,codable,OWL_ANS,emissible,1496
F98.8,V,V/F98.8.md,Autres troubles précisés du comportement et troubles émotionnels apparaissant habituellement durant l'enfance et l'adolescence,true,false,true,false,true,0,codable,OWL_ANS,emissible,1623
F98.9,V,V/F98.9.md,"Trouble du comportement et trouble émotionnel apparaissant habituellement durant l'enfance et l'adolescence, sans précision",true,false,true,false,true,0,codable,OWL_ANS,emissible,1089
F99,V,V/F99.md,"Trouble mental, sans autre indication",true,false,true,false,true,1,interdit_dp_dr,OWL_ANS,emissible,1141
G00.0,VI,VI/G00.0.md,Méningite à Hæmophilus,true,false,true,false,true,0,codable,OWL_ANS,emissible,1577
G00.1,VI,VI/G00.1.md,Méningite à pneumocoques,true,false,true,false,true,0,codable,OWL_ANS,emissible,1624
G00.2,VI,VI/G00.2.md,Méningite à streptocoques,true,false,true,false,true,0,codable,OWL_ANS,emissible,1760
G00.3,VI,VI/G00.3.md,Méningite à staphylocoques,true,false,true,false,true,0,codable,OWL_ANS,emissible,1757
G00.8,VI,VI/G00.8.md,Autres méningites bactériennes,true,false,true,false,true,0,codable,OWL_ANS,emissible,2012
G00.9,VI,VI/G00.9.md,"Méningite bactérienne, sans précision",true,false,true,false,true,0,codable,OWL_ANS,emissible,1750
G01,VI,VI/G01.md,Méningite au cours d'affections bactériennes classées ailleurs,true,false,true,false,false,0,codable,OWL_ANS,emissible,1689
G02.0,VI,VI/G02.0.md,Méningite au cours d'infections virales classées ailleurs,true,false,true,false,false,0,codable,OWL_ANS,emissible,1818
G02.1,VI,VI/G02.1.md,Méningite au cours de mycoses classées ailleurs,true,false,true,false,false,0,codable,OWL_ANS,emissible,1305
G02.8,VI,VI/G02.8.md,Méningite au cours d'autres maladies infectieuses et parasitaires précisées classées ailleurs,true,false,true,false,false,0,codable,OWL_ANS,emissible,1532
G03.0,VI,VI/G03.0.md,Méningite à liquide clair,true,false,true,false,true,0,codable,OWL_ANS,emissible,1731
G03.1,VI,VI/G03.1.md,Méningite chronique,true,false,true,false,true,0,codable,OWL_ANS,emissible,1653
G03.2,VI,VI/G03.2.md,Méningite récurrente bénigne [Mollaret],true,false,true,false,true,0,codable,OWL_ANS,emissible,1682
G03.8,VI,VI/G03.8.md,Méningite due à d'autres causes précisées,true,false,true,false,true,0,codable,OWL_ANS,emissible,2089
G03.9,VI,VI/G03.9.md,"Méningite, sans précision",true,false,true,false,true,0,codable,OWL_ANS,emissible,1986
G04.0,VI,VI/G04.0.md,Encéphalite aigüe disséminée,true,false,true,false,true,0,codable,OWL_ANS,emissible,1926
G04.1,VI,VI/G04.1.md,Myélopathies associées au virus HTLV,true,false,true,false,true,0,codable,OWL_ANS,emissible,1619
G04.2,VI,VI/G04.2.md,"Méningoencéphalite et méningomyélite bactériennes, non classées ailleurs",true,false,true,false,true,0,codable,OWL_ANS,emissible,2048
G04.8,VI,VI/G04.8.md,"Autres encéphalites, myélites et encéphalomyélites",true,false,true,false,true,0,codable,OWL_ANS,emissible,2192
G04.9,VI,VI/G04.9.md,"Encéphalite, myélite et encéphalomyélite, sans précision",true,false,true,false,true,0,codable,OWL_ANS,emissible,1904
G05.0,VI,VI/G05.0.md,"Encéphalite, myélite et encéphalomyélite au cours d'infections bactériennes classées ailleurs",true,false,true,false,false,0,codable,OWL_ANS,emissible,1581
G05.1,VI,VI/G05.1.md,"Encéphalite, myélite et encéphalomyélite au cours d'infections virales classées ailleurs",true,false,true,false,false,0,codable,OWL_ANS,emissible,2212
G05.2,VI,VI/G05.2.md,"Encéphalite, myélite et encéphalomyélite au cours d'autres maladies infectieuses et parasitaires classées ailleurs",true,false,true,false,false,0,codable,OWL_ANS,emissible,1637
G05.8,VI,VI/G05.8.md,"Encéphalite, myélite et encéphalomyélite au cours d'autres affections classées ailleurs",true,false,true,false,true,0,codable,OWL_ANS,emissible,1861
G06.0,VI,VI/G06.0.md,Abcès et granulome intracrâniens,true,false,true,false,true,0,codable,OWL_ANS,emissible,1716
G06.1,VI,VI/G06.1.md,Abcès et granulome intrarachidiens,true,false,true,false,true,0,codable,OWL_ANS,emissible,1632
G06.2,VI,VI/G06.2.md,"Abcès extradural et sousdural, sans précision",false,false,true,false,true,0,codable,OWL_ANS,emissible,1206
G07,VI,VI/G07.md,Abcès et granulome intracrâniens et intrarachidiens au cours d'affections classées ailleurs,true,false,true,false,false,0,codable,OWL_ANS,emissible,1243
G08,VI,VI/G08.md,Phlébite et thrombophlébite intracrâniennes et intrarachidiennes,true,false,true,false,true,0,codable,OWL_ANS,emissible,2384
G09,VI,VI/G09.md,Séquelles d'affections inflammatoires du système nerveux central,false,false,true,true,true,4,interdit_dp,OWL_ANS,emissible,3203
G10,VI,VI/G10.md,Chorée de Huntington,false,false,true,false,true,0,codable,OWL_ANS,emissible,1243
G11.0,VI,VI/G11.0.md,Ataxie congénitale non progressive,false,false,true,false,true,0,codable,OWL_ANS,emissible,1259
G11.1,VI,VI/G11.1.md,Ataxie cérébelleuse à début précoce,true,false,true,false,true,0,codable,OWL_ANS,emissible,2197
G11.2,VI,VI/G11.2.md,Ataxie cérébelleuse tardive,false,false,true,false,true,0,codable,OWL_ANS,emissible,1709
G11.3,VI,VI/G11.3.md,Ataxie cérébelleuse avec défaut de réparation de l'ADN,true,false,true,false,true,0,codable,OWL_ANS,emissible,1643
G11.4,VI,VI/G11.4.md,Paraplégie spastique héréditaire,true,false,true,false,true,0,codable,OWL_ANS,emissible,1632
G11.8,VI,VI/G11.8.md,Autres ataxies héréditaires,false,false,true,false,true,0,codable,OWL_ANS,emissible,1843
G11.9,VI,VI/G11.9.md,"Ataxie héréditaire, sans précision",true,false,true,false,true,0,codable,OWL_ANS,emissible,1911
G12.0,VI,VI/G12.0.md,"Amyotrophie spinale infantile, type I [Werdnig–Hoffman]",false,false,true,false,true,0,codable,OWL_ANS,emissible,1588
G12.1,VI,VI/G12.1.md,Autres amyotrophies spinales héréditaires,true,false,true,false,true,0,codable,OWL_ANS,emissible,1785
G12.2,VI,VI/G12.2.md,Maladies du neurone moteur,true,false,true,false,true,0,codable,OWL_ANS,emissible,1584
G12.8,VI,VI/G12.8.md,Autres amyotrophies spinales et syndromes apparentés,false,false,true,false,true,0,codable,OWL_ANS,emissible,1437
G12.9,VI,VI/G12.9.md,"Amyotrophie spinale, sans précision",false,false,true,false,true,0,codable,OWL_ANS,emissible,1274
G13.0,VI,VI/G13.0.md,Neuromyopathie et neuropathie paranéoplasiques,true,false,true,false,true,0,codable,OWL_ANS,emissible,1220
G13.1,VI,VI/G13.1.md,Autres affections dégénératives systémiques affectant principalement le système nerveux central au cours de maladies tumorales,true,false,true,false,false,0,codable,OWL_ANS,emissible,1191
G13.2,VI,VI/G13.2.md,Affections dégénératives systémiques affectant principalement le système nerveux central au cours d'un myxœdème ,false,false,true,false,false,0,codable,OWL_ANS,emissible,1082
G13.8,VI,VI/G13.8.md,Affections dégénératives systémiques affectant principalement le système nerveux central au cours d'autres affections classées ailleurs,false,false,true,false,false,0,codable,OWL_ANS,emissible,1468
G14,VI,VI/G14.md,Syndrome postpoliomyélitique,true,false,true,false,true,0,codable,OWL_ANS,emissible,1206
G20,VI,VI/G20.md,Maladie de Parkinson,true,false,true,false,false,0,codable,OWL_ANS,emissible,1216
G21.0,VI,VI/G21.0.md,Syndrome malin des neuroleptiques,false,false,true,false,true,0,codable,OWL_ANS,emissible,1204
G21.1,VI,VI/G21.1.md,Autres syndromes parkinsoniens secondaires dus à des médicaments,false,false,true,false,true,0,codable,OWL_ANS,emissible,1182
G21.2,VI,VI/G21.2.md,Syndrome parkinsonien secondaire dû à d'autres agents externes,false,false,true,false,true,0,codable,OWL_ANS,emissible,1070
G21.3,VI,VI/G21.3.md,Syndrome parkinsonien postencéphalitique,false,false,true,false,false,0,codable,OWL_ANS,emissible,975
G21.4,VI,VI/G21.4.md,Syndrome parkinsonien vasculaire,false,false,true,false,true,0,codable,OWL_ANS,emissible,1042
G21.8,VI,VI/G21.8.md,Autres syndromes parkinsoniens secondaires,false,false,true,false,true,0,codable,OWL_ANS,emissible,1436
G21.9,VI,VI/G21.9.md,"Syndrome parkinsonien secondaire, sans précision",false,false,true,false,true,0,codable,OWL_ANS,emissible,1058
G22,VI,VI/G22.md,Syndrome parkinsonien au cours de maladies classées ailleurs,true,false,true,false,false,0,codable,OWL_ANS,emissible,1072
G23.0,VI,VI/G23.0.md,Maladie de Hallervorden–Spatz,true,false,true,false,true,0,codable,OWL_ANS,emissible,1507
G23.1,VI,VI/G23.1.md,Ophtalmoplégie supranucléaire progressive [maladie de Steele–Richardson–Olszewski],true,false,true,false,true,0,codable,OWL_ANS,emissible,1595
G23.2,VI,VI/G23.2.md,Atrophie multisystématisée de type parkinsonien [AMS-P] [MSA-P],false,false,true,false,true,0,codable,OWL_ANS,emissible,1398
G23.3,VI,VI/G23.3.md,Atrophie multisystématisée de type cérébelleux [AMS-C] [MSA-C],false,false,true,false,false,0,codable,OWL_ANS,emissible,997
G23.8,VI,VI/G23.8.md,Autres maladies dégénératives précisées des noyaux gris centraux,true,false,true,true,true,0,codable,OWL_ANS,emissible,2725
G23.9,VI,VI/G23.9.md,"Maladie dégénérative des noyaux gris centraux, sans précision",false,false,true,false,true,0,codable,OWL_ANS,emissible,1384
G24.0,VI,VI/G24.0.md,Dystonie médicamenteuse,true,false,true,false,true,0,codable,OWL_ANS,emissible,1397
G24.1,VI,VI/G24.1.md,Dystonie idiopathique familiale,true,false,true,false,true,0,codable,OWL_ANS,emissible,1507
G24.2,VI,VI/G24.2.md,Dystonie idiopathique non familiale,true,false,true,false,false,0,codable,OWL_ANS,emissible,1165
G24.3,VI,VI/G24.3.md,Torticolis spasmodique,true,false,true,false,true,0,codable,OWL_ANS,emissible,1296
G24.4,VI,VI/G24.4.md,Dystonie buccofaciale idiopathique,true,false,true,false,true,0,codable,OWL_ANS,emissible,1516
G24.5,VI,VI/G24.5.md,Blépharospasme,true,false,true,false,true,0,codable,OWL_ANS,emissible,1201
G24.8,VI,VI/G24.8.md,Autres dystonies,true,false,true,false,true,0,codable,OWL_ANS,emissible,1768
G24.9,VI,VI/G24.9.md,"Dystonie, sans précision",true,false,true,false,true,0,codable,OWL_ANS,emissible,1462
G25.0,VI,VI/G25.0.md,Tremblement essentiel,true,false,true,false,true,0,codable,OWL_ANS,emissible,1347
G25.1,VI,VI/G25.1.md,Tremblement dû à des médicaments,false,false,true,false,true,0,codable,OWL_ANS,emissible,1035
G25.2,VI,VI/G25.2.md,Autres formes précisées de tremblement,true,false,true,false,true,0,codable,OWL_ANS,emissible,1140
G25.3,VI,VI/G25.3.md,Myoclonie,true,false,true,false,true,0,codable,OWL_ANS,emissible,1461
G25.4,VI,VI/G25.4.md,Chorée médicamenteuse,false,false,true,false,true,0,codable,OWL_ANS,emissible,1176
G25.5,VI,VI/G25.5.md,Autres chorées,true,false,true,false,true,0,codable,OWL_ANS,emissible,1606
G25.6,VI,VI/G25.6.md,Tics médicamenteux et autres tics d'origine organique,false,false,true,false,true,0,codable,OWL_ANS,emissible,1198
G25.8,VI,VI/G25.8.md,Autres syndromes précisés extrapyramidaux et troubles de la motricité,true,false,true,false,true,0,codable,OWL_ANS,emissible,1944
G25.9,VI,VI/G25.9.md,"Syndrome extrapyramidal et trouble de la motricité, sans précision",false,false,true,false,true,0,codable,OWL_ANS,emissible,1482
G26,VI,VI/G26.md,Syndromes extrapyramidaux et troubles de la motricité au cours d'affections classées ailleurs,false,false,true,false,true,0,codable,OWL_ANS,emissible,1101
G30.0,VI,VI/G30.0.md,Maladie d'Alzheimer à début précoce,true,false,true,false,true,0,codable,OWL_ANS,emissible,1461
G30.1,VI,VI/G30.1.md,Maladie d'Alzheimer à début tardif,true,false,true,false,true,0,codable,OWL_ANS,emissible,1648
G30.8,VI,VI/G30.8.md,Autres formes de la maladie d'Alzheimer,true,false,true,false,true,0,codable,OWL_ANS,emissible,1425
G30.9,VI,VI/G30.9.md,"Maladie d'Alzheimer, sans précision",true,false,true,false,true,0,codable,OWL_ANS,emissible,1578
G31.0,VI,VI/G31.0.md,Atrophie cérébrale circonscrite,true,false,true,false,true,0,codable,OWL_ANS,emissible,1487
G31.1,VI,VI/G31.1.md,"Dégénérescence cérébrale sénile, non classée ailleurs",false,false,true,false,true,0,codable,OWL_ANS,emissible,1509
G31.2,VI,VI/G31.2.md,Dégénérescence du système nerveux liée à l'alcool,true,false,true,false,true,0,codable,OWL_ANS,emissible,1730
G31.8,VI,VI/G31.8.md,Autres affections dégénératives précisées du système nerveux,true,false,true,false,true,0,codable,OWL_ANS,emissible,2081
G31.9,VI,VI/G31.9.md,"Affection dégénérative du système nerveux, sans précision",false,false,true,false,true,0,codable,OWL_ANS,emissible,1538
G32.0,VI,VI/G32.0.md,Dégénérescence combinée subaigüe de la moelle épinière au cours de maladies classées ailleurs,true,false,true,false,false,0,codable,OWL_ANS,emissible,1170
G32.8,VI,VI/G32.8.md,Autres affections dégénératives précisées du système nerveux au cours de maladies classées ailleurs,false,false,true,false,true,0,codable,OWL_ANS,emissible,1285
G35,VI,VI/G35.md,Sclérose en plaques,true,false,true,false,true,0,codable,OWL_ANS,emissible,1585
G36.0,VI,VI/G36.0.md,Neuromyélite optique [Devic],true,false,true,false,true,0,codable,OWL_ANS,emissible,1543
G36.1,VI,VI/G36.1.md,Leucoencéphalite hémorragique aigüe et subaigüe [Hurst],false,false,true,false,true,0,codable,OWL_ANS,emissible,1420
G36.8,VI,VI/G36.8.md,Autres affections démyélinisantes aigües disséminées précisées,false,false,true,false,true,0,codable,OWL_ANS,emissible,1355
G36.9,VI,VI/G36.9.md,"Affection démyélinisante aigüe disséminée, sans précision",false,false,true,false,true,0,codable,OWL_ANS,emissible,1180
G37.0,VI,VI/G37.0.md,Sclérose diffuse,true,false,true,false,true,0,codable,OWL_ANS,emissible,1355
G37.1,VI,VI/G37.1.md,Démyélinisation centrale du corps calleux,true,false,true,false,true,0,codable,OWL_ANS,emissible,1332
G37.2,VI,VI/G37.2.md,Myélinolyse centropontine,false,false,true,false,true,0,codable,OWL_ANS,emissible,1346
G37.3,VI,VI/G37.3.md,Myélite transverse aigüe au cours d'affections démyélinisantes du système nerveux central,true,false,true,false,true,0,codable,OWL_ANS,emissible,1399
G37.4,VI,VI/G37.4.md,Myélite nécrosante subaigüe,false,false,true,false,true,0,codable,OWL_ANS,emissible,1096
G37.5,VI,VI/G37.5.md,Sclérose concentrique [Baló],false,false,true,false,true,0,codable,OWL_ANS,emissible,1051
G37.8,VI,VI/G37.8.md,Autres affections démyélinisantes précisées du système nerveux central,false,false,true,false,true,0,codable,OWL_ANS,emissible,1631
G37.9,VI,VI/G37.9.md,"Affection démyélinisante du système nerveux central, sans précision",false,false,true,false,true,0,codable,OWL_ANS,emissible,1504
G40.0,VI,VI/G40.0.md,"Épilepsie et syndromes épileptiques idiopathiques définis par leur localisation (focale, partielle) avec crises à début focal",true,false,true,true,true,0,codable,OWL_ANS,emissible,1815
G40.1,VI,VI/G40.1.md,"Épilepsie et syndromes épileptiques symptomatiques définis par leur localisation (focale, partielle) avec crises partielles simples",true,false,true,true,true,0,codable,OWL_ANS,emissible,2082
G40.2,VI,VI/G40.2.md,"Épilepsie et syndromes épileptiques symptomatiques définis par leur localisation (focale, partielle) avec des crises partielles complexes",true,false,true,true,true,0,codable,OWL_ANS,emissible,2081
G40.3,VI,VI/G40.3.md,Épilepsie et syndromes épileptiques généralisés idiopathiques,true,false,true,true,true,0,codable,OWL_ANS,emissible,2462
G40.4,VI,VI/G40.4.md,Autres épilepsies et syndromes épileptiques généralisés,true,false,true,true,true,0,codable,OWL_ANS,emissible,2297
G40.5,VI,VI/G40.5.md,Syndromes épileptiques particuliers,true,false,true,true,true,0,codable,OWL_ANS,emissible,2148
G40.6,VI,VI/G40.6.md,"Crise de grand mal, sans précision (avec ou sans petit mal)",false,false,true,true,true,0,codable,OWL_ANS,emissible,1749
G40.7,VI,VI/G40.7.md,"Petit mal, sans crises de grand mal, sans précision",false,false,true,true,true,0,codable,OWL_ANS,emissible,1691
G40.8,VI,VI/G40.8.md,Autres épilepsies,true,false,true,true,true,0,codable,OWL_ANS,emissible,2670
G40.9,VI,VI/G40.9.md,"Épilepsie, sans précision",true,false,true,true,true,0,codable,OWL_ANS,emissible,1817
G41.0,VI,VI/G41.0.md,État de grand mal épileptique,true,false,true,true,true,0,codable,OWL_ANS,emissible,1592
G41.1,VI,VI/G41.1.md,État de petit mal épileptique,true,false,true,true,true,0,codable,OWL_ANS,emissible,1360
G41.2,VI,VI/G41.2.md,État de mal épileptique partiel complexe,false,false,true,true,true,0,codable,OWL_ANS,emissible,1482
G41.8,VI,VI/G41.8.md,Autres états de mal épileptique,false,false,true,true,true,0,codable,OWL_ANS,emissible,1697
G41.9,VI,VI/G41.9.md,"État de mal épileptique, sans précision",false,false,true,true,true,0,codable,OWL_ANS,emissible,1559
G43.0,VI,VI/G43.0.md,Migraine sans aura [migraine commune],false,false,true,false,true,0,codable,OWL_ANS,emissible,1125
G43.1,VI,VI/G43.1.md,Migraine avec aura [migraine classique],true,false,true,false,true,0,codable,OWL_ANS,emissible,1621
G43.2,VI,VI/G43.2.md,État de mal migraineux,false,false,true,false,true,0,codable,OWL_ANS,emissible,1098
G43.3,VI,VI/G43.3.md,Migraine compliquée,false,false,true,false,true,0,codable,OWL_ANS,emissible,1089
G43.8,VI,VI/G43.8.md,Autres migraines,true,false,true,false,true,0,codable,OWL_ANS,emissible,1484
G43.9,VI,VI/G43.9.md,"Migraine, sans précision",false,false,true,false,true,0,codable,OWL_ANS,emissible,1161
G44.0,VI,VI/G44.0.md,Syndrome d'algie vasculaire de la face,true,false,true,false,true,0,codable,OWL_ANS,emissible,1509
G44.1,VI,VI/G44.1.md,"Céphalée vasculaire, non classée ailleurs",true,false,true,false,false,0,codable,OWL_ANS,emissible,1189
G44.2,VI,VI/G44.2.md,Céphalée dite de tension,true,false,true,false,true,0,codable,OWL_ANS,emissible,1361
G44.3,VI,VI/G44.3.md,Céphalée chronique posttraumatique,false,false,true,false,false,0,codable,OWL_ANS,emissible,1104
G44.4,VI,VI/G44.4.md,"Céphalée médicamenteuse, non classée ailleurs",false,false,true,false,true,0,codable,OWL_ANS,emissible,1181
G44.8,VI,VI/G44.8.md,Autres syndromes précisés d'algies céphaliques,false,false,true,false,true,0,codable,OWL_ANS,emissible,1529
G45.0,VI,VI/G45.0.md,Syndrome vertébrobasilaire,false,false,true,true,true,0,codable,OWL_ANS,emissible,1544
G45.1,VI,VI/G45.1.md,Syndrome carotidien (hémisphérique),false,false,true,true,true,0,codable,OWL_ANS,emissible,1640
G45.2,VI,VI/G45.2.md,Accident ischémique transitoire de territoires artériels précérébraux multiples et bilatéraux,false,false,true,true,false,0,codable,OWL_ANS,emissible,1546
G45.3,VI,VI/G45.3.md,Amaurose fugace,false,false,true,true,false,0,codable,OWL_ANS,emissible,1468
G45.4,VI,VI/G45.4.md,Amnésie globale transitoire,false,false,true,true,true,0,codable,OWL_ANS,emissible,1627
G45.8,VI,VI/G45.8.md,Autres accidents ischémiques cérébraux transitoires et syndromes apparentés,false,false,true,true,true,0,codable,OWL_ANS,emissible,2181
G45.9,VI,VI/G45.9.md,"Accident ischémique cérébral transitoire, sans précision",true,false,true,true,true,0,codable,OWL_ANS,emissible,1970
G46.0,VI,VI/G46.0.md,Syndrome de l'artère cérébrale moyenne ,false,false,true,true,false,0,codable,OWL_ANS,emissible,1474
G46.1,VI,VI/G46.1.md,Syndrome de l'artère cérébrale antérieure ,false,false,true,true,false,0,codable,OWL_ANS,emissible,1477
G46.2,VI,VI/G46.2.md,Syndrome de l'artère cérébrale postérieure ,false,false,true,true,false,0,codable,OWL_ANS,emissible,1478
G46.3,VI,VI/G46.3.md,Syndromes vasculaires du tronc cérébral,true,false,true,true,false,0,codable,OWL_ANS,emissible,1477
G46.4,VI,VI/G46.4.md,Syndrome cérébelleux vasculaire ,false,false,true,true,false,0,codable,OWL_ANS,emissible,1278
G46.5,VI,VI/G46.5.md,Syndrome lacunaire moteur pur ,false,false,true,true,false,0,codable,OWL_ANS,emissible,1276
G46.6,VI,VI/G46.6.md,Syndrome lacunaire sensitif pur ,false,false,true,true,false,0,codable,OWL_ANS,emissible,1278
G46.7,VI,VI/G46.7.md,Autres syndromes lacunaires ,false,false,true,true,false,0,codable,OWL_ANS,emissible,1274
G46.8,VI,VI/G46.8.md,Autres syndromes vasculaires cérébraux au cours de maladies cérébrovasculaires ,false,false,true,true,false,0,codable,OWL_ANS,emissible,1748
G47.0,VI,VI/G47.0.md,Troubles de l'endormissement et du maintien du sommeil [insomnies],false,false,true,false,true,0,codable,OWL_ANS,emissible,1251
G47.1,VI,VI/G47.1.md,Troubles du sommeil par somnolence excessive [hypersomnies],false,false,true,false,true,0,codable,OWL_ANS,emissible,1273
G47.2,VI,VI/G47.2.md,Troubles du cycle veille-sommeil,true,false,true,false,true,0,codable,OWL_ANS,emissible,1445
G47.3,VI,VI/G47.3.md,Apnée du sommeil,true,false,true,false,true,0,codable,OWL_ANS,emissible,1601
G47.4,VI,VI/G47.4.md,Narcolepsie et cataplexie,false,false,true,false,true,0,codable,OWL_ANS,emissible,1254
G47.8,VI,VI/G47.8.md,Autres troubles du sommeil,true,false,true,false,true,0,codable,OWL_ANS,emissible,1641
G47.9,VI,VI/G47.9.md,"Trouble du sommeil, sans précision",false,false,true,false,true,0,codable,OWL_ANS,emissible,1182
G50.0,VI,VI/G50.0.md,Névralgie du trijumeau,true,false,true,false,true,0,codable,OWL_ANS,emissible,1690
G50.1,VI,VI/G50.1.md,Algie faciale atypique,true,false,true,false,false,0,codable,OWL_ANS,emissible,1378
G50.8,VI,VI/G50.8.md,Autres affections du nerf trijumeau,true,false,true,false,true,0,codable,OWL_ANS,emissible,1588
G50.9,VI,VI/G50.9.md,"Affection du nerf trijumeau, sans précision",true,false,true,false,true,0,codable,OWL_ANS,emissible,1526
G51.0,VI,VI/G51.0.md,Paralysie faciale a frigore,true,false,true,false,true,0,codable,OWL_ANS,emissible,1929
G51.1,VI,VI/G51.1.md,Atteinte du ganglion géniculé,true,false,true,false,false,0,codable,OWL_ANS,emissible,1479
G51.2,VI,VI/G51.2.md,Syndrome de Melkersson–Rosenthal,true,false,true,false,true,0,codable,OWL_ANS,emissible,1545
G51.3,VI,VI/G51.3.md,Hémispasme facial clonique,true,false,true,false,true,0,codable,OWL_ANS,emissible,1479
G51.4,VI,VI/G51.4.md,Myokymies faciales,true,false,true,false,true,0,codable,OWL_ANS,emissible,1437
G51.8,VI,VI/G51.8.md,Autres affections du nerf facial,true,false,true,false,true,0,codable,OWL_ANS,emissible,1957
G51.9,VI,VI/G51.9.md,"Affection du nerf facial, sans précision",true,false,true,false,true,0,codable,OWL_ANS,emissible,1519
G52.0,VI,VI/G52.0.md,Affections du nerf olfactif,true,false,true,false,true,0,codable,OWL_ANS,emissible,1629
G52.1,VI,VI/G52.1.md,Affections du nerf glossopharyngien,true,false,true,false,true,0,codable,OWL_ANS,emissible,1819
G52.2,VI,VI/G52.2.md,Affections du nerf vague,true,false,true,false,true,0,codable,OWL_ANS,emissible,1897
G52.3,VI,VI/G52.3.md,Affections du nerf grand hypoglosse,true,false,true,false,true,0,codable,OWL_ANS,emissible,1685
G52.7,VI,VI/G52.7.md,Affections de plusieurs nerfs crâniens,true,false,true,false,true,0,codable,OWL_ANS,emissible,2034
G52.8,VI,VI/G52.8.md,Affections d'autres nerfs crâniens précisés,false,false,true,false,true,0,codable,OWL_ANS,emissible,1885
G52.9,VI,VI/G52.9.md,"Affection des nerfs crâniens, sans précision",false,false,true,false,true,1,interdit_dp_dr,OWL_ANS,emissible,1636
G53.0,VI,VI/G53.0.md,Névralgie postzostérienne ,true,false,true,false,true,0,codable,OWL_ANS,emissible,1513
G53.1,VI,VI/G53.1.md,Paralysie de plusieurs nerfs crâniens au cours de maladies infectieuses et parasitaires classées ailleurs ,false,false,true,false,false,0,codable,OWL_ANS,emissible,1357
G53.2,VI,VI/G53.2.md,Paralysie de plusieurs nerfs crâniens au cours de sarcoïdose ,false,false,true,false,false,0,codable,OWL_ANS,emissible,1312
G53.3,VI,VI/G53.3.md,Paralysie de plusieurs nerfs crâniens au cours de maladies tumorales ,false,false,true,false,true,0,codable,OWL_ANS,emissible,1378
G53.8,VI,VI/G53.8.md,Autres affections des nerfs crâniens au cours d'autres maladies classées ailleurs,false,false,true,false,false,0,codable,OWL_ANS,emissible,1683
G54.0,VI,VI/G54.0.md,Affections du plexus brachial,true,false,true,false,true,0,codable,OWL_ANS,emissible,2254
G54.1,VI,VI/G54.1.md,Affections du plexus lombosacré,false,false,true,false,true,0,codable,OWL_ANS,emissible,1799
G54.2,VI,VI/G54.2.md,"Affections radiculaires cervicales, non classées ailleurs",false,false,true,false,true,0,codable,OWL_ANS,emissible,1823
G54.3,VI,VI/G54.3.md,"Affections radiculaires thoraciques, non classées ailleurs",false,false,true,false,false,0,codable,OWL_ANS,emissible,1763
G54.4,VI,VI/G54.4.md,"Affections radiculaires lombosacrées, non classées ailleurs",false,false,true,false,false,0,codable,OWL_ANS,emissible,1764
G54.5,VI,VI/G54.5.md,Névralgie amyotrophique,true,false,true,false,true,0,codable,OWL_ANS,emissible,1929
G54.6,VI,VI/G54.6.md,Syndrome douloureux du membre fantôme,false,false,true,false,true,0,codable,OWL_ANS,emissible,1868
G54.7,VI,VI/G54.7.md,Syndrome du membre fantôme sans élément douloureux,true,false,true,false,false,0,codable,OWL_ANS,emissible,1840
G54.8,VI,VI/G54.8.md,Autres affections des racines et des plexus nerveux,false,false,true,false,true,0,codable,OWL_ANS,emissible,2409
G54.9,VI,VI/G54.9.md,"Affection des racines et des plexus nerveux, sans précision",false,false,true,false,true,1,interdit_dp_dr,OWL_ANS,emissible,1833
G55.0,VI,VI/G55.0.md,Compression des racines et des plexus nerveux au cours de maladies tumorales ,false,false,true,false,false,0,codable,OWL_ANS,emissible,1328
G55.1,VI,VI/G55.1.md,Compression des racines et des plexus nerveux au cours d'atteintes des disques intervertébraux ,false,false,true,false,false,0,codable,OWL_ANS,emissible,1346
G55.2,VI,VI/G55.2.md,Compression des racines et des plexus nerveux au cours de spondylarthroses ,false,false,true,false,false,0,codable,OWL_ANS,emissible,1326
G55.3,VI,VI/G55.3.md,Compression des racines et des plexus nerveux au cours d'autres dorsopathies ,false,false,true,false,true,0,codable,OWL_ANS,emissible,1417
G55.8,VI,VI/G55.8.md,Compression des racines et des plexus nerveux au cours d'autres maladies classées ailleurs,false,false,true,false,false,0,codable,OWL_ANS,emissible,1754
G56.0,VI,VI/G56.0.md,Syndrome du canal carpien,false,false,true,false,true,0,codable,OWL_ANS,emissible,1660
G56.1,VI,VI/G56.1.md,Autres lésions du nerf médian,false,false,true,false,true,0,codable,OWL_ANS,emissible,1552
G56.2,VI,VI/G56.2.md,Lésion du nerf cubital,true,false,true,false,true,0,codable,OWL_ANS,emissible,1608
G56.3,VI,VI/G56.3.md,Lésion du nerf radial,false,false,true,false,true,0,codable,OWL_ANS,emissible,1544
G56.8,VI,VI/G56.8.md,Autres mononévrites du membre supérieur,true,false,true,false,true,0,codable,OWL_ANS,emissible,1878
G56.9,VI,VI/G56.9.md,"Mononévrite du membre supérieur, sans précision",false,false,true,false,true,0,codable,OWL_ANS,emissible,1508
G57.0,VI,VI/G57.0.md,Lésion du nerf sciatique,false,false,true,false,true,0,codable,OWL_ANS,emissible,2008
G57.1,VI,VI/G57.1.md,Méralgie paresthésique,true,false,true,false,true,0,codable,OWL_ANS,emissible,1779
G57.2,VI,VI/G57.2.md,Lésion du nerf fémoral,false,false,true,false,true,0,codable,OWL_ANS,emissible,1563
G57.3,VI,VI/G57.3.md,Lésion du nerf sciatique poplité externe,true,false,true,false,true,0,codable,OWL_ANS,emissible,1723
G57.4,VI,VI/G57.4.md,Lésion du nerf sciatique poplité interne,true,false,true,false,false,0,codable,OWL_ANS,emissible,1553
G57.5,VI,VI/G57.5.md,Syndrome du canal tarsien,false,false,true,false,true,0,codable,OWL_ANS,emissible,1564
G57.6,VI,VI/G57.6.md,Lésion du nerf plantaire,true,false,true,false,true,0,codable,OWL_ANS,emissible,1643
G57.8,VI,VI/G57.8.md,Autres mononévrites du membre inférieur,true,false,true,false,true,0,codable,OWL_ANS,emissible,2033
G57.9,VI,VI/G57.9.md,"Mononévrite du membre inférieur, sans précision",false,false,true,false,true,0,codable,OWL_ANS,emissible,1576
G58.0,VI,VI/G58.0.md,Névrite intercostale,false,false,true,false,true,0,codable,OWL_ANS,emissible,1394
G58.7,VI,VI/G58.7.md,Mononévrite de sièges multiples,false,false,true,false,true,0,codable,OWL_ANS,emissible,1415
G58.8,VI,VI/G58.8.md,Autres mononévrites précisées,false,false,true,false,true,0,codable,OWL_ANS,emissible,1607
G58.9,VI,VI/G58.9.md,"Mononévrite, sans précision",false,false,true,false,true,0,codable,OWL_ANS,emissible,1387
G59.0,VI,VI/G59.0.md,Mononévrite diabétique ( avec le quatrième caractère .4) ,false,false,true,false,true,0,codable,OWL_ANS,emissible,1631
G59.8,VI,VI/G59.8.md,Autres mononévrites au cours de maladies classées ailleurs,false,false,true,false,true,0,codable,OWL_ANS,emissible,1527
G60.0,VI,VI/G60.0.md,Neuropathie héréditaire motrice et sensorielle,true,false,true,false,true,0,codable,OWL_ANS,emissible,2184
G60.1,VI,VI/G60.1.md,Maladie de Refsum,false,false,true,false,true,0,codable,OWL_ANS,emissible,1361
G60.2,VI,VI/G60.2.md,Neuropathie associée à une ataxie héréditaire,false,false,true,false,true,0,codable,OWL_ANS,emissible,1250
G60.3,VI,VI/G60.3.md,Neuropathie progressive idiopathique,false,false,true,false,true,0,codable,OWL_ANS,emissible,1359
G60.8,VI,VI/G60.8.md,Autres neuropathies héréditaires et idiopathiques,true,false,true,false,true,0,codable,OWL_ANS,emissible,2472
G60.9,VI,VI/G60.9.md,"Neuropathie héréditaire et idiopathique, sans précision",false,false,true,false,true,0,codable,OWL_ANS,emissible,1445
G61.0,VI,VI/G61.0.md,Syndrome de Guillain–Barré,true,false,true,false,true,0,codable,OWL_ANS,emissible,1806
G61.1,VI,VI/G61.1.md,Neuropathie sérique,false,false,true,false,true,0,codable,OWL_ANS,emissible,1230
G61.8,VI,VI/G61.8.md,Autres polynévrites inflammatoires,false,false,true,false,true,0,codable,OWL_ANS,emissible,1453
G61.9,VI,VI/G61.9.md,"Polynévrite inflammatoire, sans précision",false,false,true,false,true,0,codable,OWL_ANS,emissible,1338
G62.0,VI,VI/G62.0.md,Polynévrite médicamenteuse,false,false,true,false,true,0,codable,OWL_ANS,emissible,1536
G62.1,VI,VI/G62.1.md,Polynévrite alcoolique,false,false,true,false,true,0,codable,OWL_ANS,emissible,1510
G62.2,VI,VI/G62.2.md,Polynévrite due à d'autres agents toxiques,false,false,true,false,true,0,codable,OWL_ANS,emissible,1392
G62.8,VI,VI/G62.8.md,Autres polynévrites précisées,true,false,true,false,true,0,codable,OWL_ANS,emissible,1775
G62.9,VI,VI/G62.9.md,"Polynévrite, sans précision",true,false,true,false,true,0,codable,OWL_ANS,emissible,1608
G63.0,VI,VI/G63.0.md,Polynévrite au cours de maladies infectieuses et parasitaires classées ailleurs,true,false,true,false,true,0,codable,OWL_ANS,emissible,1743
G63.1,VI,VI/G63.1.md,Polynévrite au cours de maladies tumorales ,false,false,true,false,true,0,codable,OWL_ANS,emissible,1290
G63.2,VI,VI/G63.2.md,Polynévrite diabétique ( avec le quatrième caractère .4),false,false,true,false,true,0,codable,OWL_ANS,emissible,1374
G63.3,VI,VI/G63.3.md,Polynévrite au cours d'autres maladies endocriniennes et métaboliques ,false,false,true,false,false,0,codable,OWL_ANS,emissible,1197
G63.4,VI,VI/G63.4.md,Polynévrite par carence nutritionnelle ,false,false,true,false,true,0,codable,OWL_ANS,emissible,1240
G63.5,VI,VI/G63.5.md,Polynévrite au cours d'affections disséminées du tissu conjonctif ,false,false,true,false,true,0,codable,OWL_ANS,emissible,1301
G63.6,VI,VI/G63.6.md,Polynévrite au cours d'autres affections ostéoarticulaires et des muscles ,false,false,true,false,false,0,codable,OWL_ANS,emissible,1201
G63.8,VI,VI/G63.8.md,Polynévrite au cours d'autres maladies classées ailleurs,true,false,true,false,true,0,codable,OWL_ANS,emissible,1975
G64,VI,VI/G64.md,Autres affections du système nerveux périphérique,true,false,true,false,true,0,codable,OWL_ANS,emissible,1339
G70.0,VI,VI/G70.0.md,Myasthénie,false,false,true,false,true,0,codable,OWL_ANS,emissible,1404
G70.1,VI,VI/G70.1.md,Affections neuromusculaires toxiques,false,false,true,false,false,0,codable,OWL_ANS,emissible,1091
G70.2,VI,VI/G70.2.md,Myasthénie congénitale et au cours du développement,false,false,true,false,true,0,codable,OWL_ANS,emissible,1270
G70.8,VI,VI/G70.8.md,Autres affections neuromusculaires précisées,false,false,true,false,true,0,codable,OWL_ANS,emissible,1494
G70.9,VI,VI/G70.9.md,"Affection neuromusculaire, sans précision",false,false,true,false,true,0,codable,OWL_ANS,emissible,1450
G71.0,VI,VI/G71.0.md,Dystrophie musculaire,true,false,true,false,true,0,codable,OWL_ANS,emissible,2503
G71.1,VI,VI/G71.1.md,Affections myotoniques,true,false,true,false,true,0,codable,OWL_ANS,emissible,2051
G71.2,VI,VI/G71.2.md,Myopathies congénitales,true,false,true,false,true,0,codable,OWL_ANS,emissible,2085
G71.3,VI,VI/G71.3.md,"Myopathie mitochondriale, non classée ailleurs",false,false,true,false,true,0,codable,OWL_ANS,emissible,1515
G71.8,VI,VI/G71.8.md,Autres affections musculaires primitives,false,false,true,false,true,0,codable,OWL_ANS,emissible,1505
G71.9,VI,VI/G71.9.md,"Affection musculaire primitive, sans précision",true,false,true,false,true,0,codable,OWL_ANS,emissible,1472
G72.0,VI,VI/G72.0.md,Myopathie médicamenteuse,false,false,true,false,true,0,codable,OWL_ANS,emissible,1401
G72.1,VI,VI/G72.1.md,Myopathie alcoolique,false,false,true,false,true,0,codable,OWL_ANS,emissible,1248
G72.2,VI,VI/G72.2.md,Myopathie due à d'autres agents toxiques,false,false,true,false,true,0,codable,OWL_ANS,emissible,1307
G72.3,VI,VI/G72.3.md,Paralysies périodiques,true,false,true,false,true,0,codable,OWL_ANS,emissible,1618
G72.4,VI,VI/G72.4.md,"Myopathie inflammatoire, non classée ailleurs",false,false,true,false,true,0,codable,OWL_ANS,emissible,1301
G72.8,VI,VI/G72.8.md,Autres myopathies précisées,false,false,true,false,true,0,codable,OWL_ANS,emissible,1670
G72.9,VI,VI/G72.9.md,"Myopathie, sans précision",false,false,true,false,true,0,codable,OWL_ANS,emissible,1472
G73.0,VI,VI/G73.0.md,Syndrome myasthénique au cours de maladies endocriniennes,true,false,true,false,false,0,codable,OWL_ANS,emissible,1160
G73.1,VI,VI/G73.1.md,Syndrome de Lambert–Eaton ,false,false,true,false,false,0,codable,OWL_ANS,emissible,950
G73.2,VI,VI/G73.2.md,Autres syndromes myasthéniques au cours de maladies tumorales ,false,false,true,false,true,0,codable,OWL_ANS,emissible,1055
G73.3,VI,VI/G73.3.md,Syndrome myasthénique au cours d'autres maladies classées ailleurs,false,false,true,false,true,0,codable,OWL_ANS,emissible,1133
G73.4,VI,VI/G73.4.md,Myopathie au cours de maladies infectieuses et parasitaires classées ailleurs,false,false,true,false,false,0,codable,OWL_ANS,emissible,1001
G73.5,VI,VI/G73.5.md,Myopathie au cours de maladies endocriniennes,true,false,true,false,true,0,codable,OWL_ANS,emissible,1225
G73.6,VI,VI/G73.6.md,Myopathie au cours de maladies métaboliques,true,false,true,false,true,0,codable,OWL_ANS,emissible,1231
G73.7,VI,VI/G73.7.md,Myopathie au cours d'autres maladies classées ailleurs,true,false,true,false,true,0,codable,OWL_ANS,emissible,1327
G80.0,VI,VI/G80.0.md,Paralysie cérébrale spastique quadriplégique,true,false,true,false,true,0,codable,OWL_ANS,emissible,1581
G80.1,VI,VI/G80.1.md,Paralysie cérébrale spastique diplégique,true,false,true,false,true,0,codable,OWL_ANS,emissible,1431
G80.2,VI,VI/G80.2.md,Paralysie cérébrale spastique hémiplégique,true,false,true,false,true,0,codable,OWL_ANS,emissible,1526
G80.3,VI,VI/G80.3.md,Paralysie cérébrale dyskinétique,true,false,true,false,true,0,codable,OWL_ANS,emissible,1346
G80.4,VI,VI/G80.4.md,Paralysie cérébrale ataxique,true,false,true,false,false,0,codable,OWL_ANS,emissible,1167
G80.8,VI,VI/G80.8.md,Autres paralysies cérébrales,true,false,true,false,true,0,codable,OWL_ANS,emissible,2019
G80.9,VI,VI/G80.9.md,"Paralysie cérébrale, sans précision",true,false,true,false,true,0,codable,OWL_ANS,emissible,1541
G81.00,VI,VI/G81.00.md,"Hémiplégie flasque récente, persistant au-delà de 24 heures",false,false,true,true,false,0,codable,OWL_ANS,emissible,1716
G81.01,VI,VI/G81.01.md,"Hémiplégie flasque récente, régressive dans les 24 heures",false,false,true,true,false,0,codable,OWL_ANS,emissible,1714
G81.08,VI,VI/G81.08.md,"Hémiplégie flasque, autre et sans précision",true,false,true,true,false,0,codable,OWL_ANS,emissible,1840
G81.1,VI,VI/G81.1.md,Hémiplégie spastique,false,false,true,true,true,0,codable,OWL_ANS,emissible,1726
G81.9,VI,VI/G81.9.md,"Hémiplégie, sans précision",false,false,true,true,true,0,codable,OWL_ANS,emissible,1745
G82.0,VI,VI/G82.0.md,Paraplégie flasque,false,false,true,false,true,0,codable,OWL_ANS,emissible,1734
G82.00,VI,VI/G82.00.md,"Paraplégie flasque, complète motrice",false,false,true,false,false,0,codable,OWL_ANS,emissible,1444
G82.01,VI,VI/G82.01.md,"Paraplégie flasque, incomplète motrice",false,false,true,false,false,0,codable,OWL_ANS,emissible,1446
G82.09,VI,VI/G82.09.md,"Paraplégie flasque, sans précision",false,false,true,false,false,0,codable,OWL_ANS,emissible,1442
G82.1,VI,VI/G82.1.md,Paraplégie spastique,false,false,true,false,true,0,codable,OWL_ANS,emissible,1751
G82.10,VI,VI/G82.10.md,"Paraplégie spastique, complète motrice",false,false,true,false,false,0,codable,OWL_ANS,emissible,1446
G82.11,VI,VI/G82.11.md,"Paraplégie spastique, incomplète motrice",false,false,true,false,false,0,codable,OWL_ANS,emissible,1448
G82.19,VI,VI/G82.19.md,"Paraplégie spastique, sans précision",false,false,true,false,false,0,codable,OWL_ANS,emissible,1444
G82.2,VI,VI/G82.2.md,"Paraplégie, sans précision",true,false,true,false,true,0,codable,OWL_ANS,emissible,1819
G82.20,VI,VI/G82.20.md,"Paraplégie complète motrice, sans précision",true,false,true,false,false,0,codable,OWL_ANS,emissible,1599
G82.21,VI,VI/G82.21.md,"Paraplégie incomplète motrice, sans précision",true,false,true,false,false,0,codable,OWL_ANS,emissible,1601
G82.3,VI,VI/G82.3.md,Tétraplégie flasque,false,false,true,false,true,0,codable,OWL_ANS,emissible,1557
G82.30,VI,VI/G82.30.md,"Tétraplégie flasque, complète motrice",false,false,true,false,false,0,codable,OWL_ANS,emissible,1445
G82.31,VI,VI/G82.31.md,"Tétraplégie flasque, incomplète motrice",false,false,true,false,false,0,codable,OWL_ANS,emissible,1447
G82.39,VI,VI/G82.39.md,"Tétraplégie flasque, sans précision",false,false,true,false,false,0,codable,OWL_ANS,emissible,1443
G82.4,VI,VI/G82.4.md,Tétraplégie spastique,false,false,true,false,true,0,codable,OWL_ANS,emissible,1747
G82.40,VI,VI/G82.40.md,"Tétraplégie spastique, complète motrice",false,false,true,false,false,0,codable,OWL_ANS,emissible,1447
G82.41,VI,VI/G82.41.md,"Tétraplégie spastique, incomplète motrice",false,false,true,false,false,0,codable,OWL_ANS,emissible,1449
G82.49,VI,VI/G82.49.md,"Tétraplégie spastique, sans précision",false,false,true,false,false,0,codable,OWL_ANS,emissible,1445
G82.5,VI,VI/G82.5.md,"Tétraplégie, sans précision",true,false,true,false,true,0,codable,OWL_ANS,emissible,1825
G82.50,VI,VI/G82.50.md,"Tétraplégie complète motrice, sans précision",true,false,true,false,false,0,codable,OWL_ANS,emissible,1547
G82.51,VI,VI/G82.51.md,"Tétraplégie incomplète motrice, sans précision",true,false,true,false,false,0,codable,OWL_ANS,emissible,1549
G83.0,VI,VI/G83.0.md,Diplégie des membres supérieurs,true,false,true,false,true,0,codable,OWL_ANS,emissible,1551
G83.1,VI,VI/G83.1.md,Monoplégie d'un membre inférieur,true,false,true,true,true,0,codable,OWL_ANS,emissible,2190
G83.2,VI,VI/G83.2.md,Monoplégie d'un membre supérieur,true,false,true,false,true,0,codable,OWL_ANS,emissible,1498
G83.3,VI,VI/G83.3.md,"Monoplégie, sans précision",true,false,true,false,true,0,codable,OWL_ANS,emissible,1398
G83.4,VI,VI/G83.4.md,Syndrome de la queue de cheval,true,false,true,false,true,0,codable,OWL_ANS,emissible,1563
G83.5,VI,VI/G83.5.md,Syndrome de déefférentation motrice [Locked-in syndrome],true,false,true,false,false,0,codable,OWL_ANS,emissible,1238
G83.6,VI,VI/G83.6.md,Paralysie faciale du neurone moteur supérieur [NMS] [MNS],true,false,true,false,false,0,codable,OWL_ANS,emissible,1513
G83.8,VI,VI/G83.8.md,Autres syndromes paralytiques,true,false,true,false,true,0,codable,OWL_ANS,emissible,2096
G83.9,VI,VI/G83.9.md,"Syndrome paralytique, sans précision",true,false,true,false,true,0,codable,OWL_ANS,emissible,1554
G90.0,VI,VI/G90.0.md,Neuropathie autonome périphérique idiopathique,true,false,true,false,true,0,codable,OWL_ANS,emissible,1548
G90.1,VI,VI/G90.1.md,Dysautonomie familiale [Riley–Day],false,false,true,false,true,0,codable,OWL_ANS,emissible,1163
G90.2,VI,VI/G90.2.md,Syndrome de Claude Bernard–Horner,true,false,true,false,true,0,codable,OWL_ANS,emissible,1317
G90.4,VI,VI/G90.4.md,Dysréflexie autonome,false,false,true,false,true,0,codable,OWL_ANS,emissible,1101
G90.5,VI,VI/G90.5.md,Syndrome douloureux régional complexe de type I,true,false,true,false,false,0,codable,OWL_ANS,emissible,1150
G90.6,VI,VI/G90.6.md,Syndrome douloureux régional complexe de type II,true,false,true,false,false,0,codable,OWL_ANS,emissible,1130
G90.7,VI,VI/G90.7.md,"Syndrome douloureux régional complexe, autre et sans précision",false,false,true,false,false,0,codable,OWL_ANS,emissible,1080
G90.8,VI,VI/G90.8.md,Autres affections du système nerveux autonome,false,false,true,false,true,0,codable,OWL_ANS,emissible,1771
G90.9,VI,VI/G90.9.md,"Affection du système nerveux autonome, sans précision",false,false,true,false,true,0,codable,OWL_ANS,emissible,1556
G91.0,VI,VI/G91.0.md,Hydrocéphalie communicante,true,false,true,false,true,0,codable,OWL_ANS,emissible,1444
G91.1,VI,VI/G91.1.md,Hydrocéphalie obstructive (non communicante),true,false,true,false,true,0,codable,OWL_ANS,emissible,1646
G91.2,VI,VI/G91.2.md,Hydrocéphalie à pression normale,true,false,true,false,true,0,codable,OWL_ANS,emissible,1581
G91.3,VI,VI/G91.3.md,"Hydrocéphalie posttraumatique, sans précision",true,false,true,false,true,0,codable,OWL_ANS,emissible,1358
G91.8,VI,VI/G91.8.md,Autres hydrocéphalies,true,false,true,false,true,0,codable,OWL_ANS,emissible,1711
G91.9,VI,VI/G91.9.md,"Hydrocéphalie, sans précision",true,false,true,false,true,0,codable,OWL_ANS,emissible,1512
G92,VI,VI/G92.md,Encéphalopathie toxique,false,false,true,false,true,0,codable,OWL_ANS,emissible,1313
G93.0,VI,VI/G93.0.md,Kystes cérébraux,true,false,true,false,true,0,codable,OWL_ANS,emissible,1649
G93.1,VI,VI/G93.1.md,"Lésion cérébrale anoxique, non classée ailleurs",false,false,true,false,true,0,codable,OWL_ANS,emissible,1665
G93.2,VI,VI/G93.2.md,Hypertension intracrânienne bénigne,false,false,true,false,true,0,codable,OWL_ANS,emissible,1393
G93.3,VI,VI/G93.3.md,Syndrome de fatigue postvirale,true,false,true,false,true,0,codable,OWL_ANS,emissible,1098
G93.4,VI,VI/G93.4.md,"Encéphalopathie, sans précision",false,false,true,false,true,0,codable,OWL_ANS,emissible,1446
G93.5,VI,VI/G93.5.md,Compression du cerveau,true,false,true,false,true,0,codable,OWL_ANS,emissible,1575
G93.6,VI,VI/G93.6.md,Œdème cérébral,false,false,true,false,true,0,codable,OWL_ANS,emissible,1478
G93.7,VI,VI/G93.7.md,Syndrome de Reye,false,false,true,false,true,0,codable,OWL_ANS,emissible,1016
G93.8,VI,VI/G93.8.md,Autres affections précisées du cerveau,true,false,true,false,true,0,codable,OWL_ANS,emissible,2005
G93.9,VI,VI/G93.9.md,"Affection du cerveau, sans précision",false,false,true,false,true,1,interdit_dp_dr,OWL_ANS,emissible,1319
G94.0,VI,VI/G94.0.md,Hydrocéphalie au cours de maladies infectieuses et parasitaires classées ailleurs,false,false,true,false,false,0,codable,OWL_ANS,emissible,999
G94.1,VI,VI/G94.1.md,Hydrocéphalie au cours de maladies tumorales,false,false,true,false,false,0,codable,OWL_ANS,emissible,962
G94.2,VI,VI/G94.2.md,Hydrocéphalie au cours d'autres maladies classées ailleurs,false,false,true,false,false,0,codable,OWL_ANS,emissible,976
G94.3,VI,VI/G94.3.md,Encéphalopathie au cours de maladies classées ailleurs,false,false,true,false,false,0,codable,OWL_ANS,emissible,972
G94.8,VI,VI/G94.8.md,Autres affections précisées du cerveau au cours de maladies classées ailleurs,false,false,true,false,true,0,codable,OWL_ANS,emissible,1419
G95.0,VI,VI/G95.0.md,Syringomyélie et syringobulbie,false,false,true,false,true,0,codable,OWL_ANS,emissible,1385
G95.1,VI,VI/G95.1.md,Myélopathies vasculaires,true,false,true,false,true,0,codable,OWL_ANS,emissible,2161
G95.2,VI,VI/G95.2.md,"Compression médullaire, sans précision",false,false,true,false,true,0,codable,OWL_ANS,emissible,1366
G95.8,VI,VI/G95.8.md,Autres affections précisées de la moelle épinière,true,false,true,false,true,0,codable,OWL_ANS,emissible,2076
G95.9,VI,VI/G95.9.md,"Affection de la moelle épinière, sans précision",true,false,true,false,true,1,interdit_dp_dr,OWL_ANS,emissible,1438
G96.0,VI,VI/G96.0.md,Écoulement du liquide céphalorachidien,false,false,true,false,true,0,codable,OWL_ANS,emissible,1240
G96.1,VI,VI/G96.1.md,"Affection des méninges, non classée ailleurs",true,false,true,false,true,0,codable,OWL_ANS,emissible,1437
G96.8,VI,VI/G96.8.md,Autres affections précisées du système nerveux central,false,false,true,false,true,0,codable,OWL_ANS,emissible,1506
G96.9,VI,VI/G96.9.md,"Affection du système nerveux central, sans précision",false,false,true,false,true,1,interdit_dp_dr,OWL_ANS,emissible,1337
G97.0,VI,VI/G97.0.md,Écoulement du liquide céphalorachidien après rachicentèse,false,false,true,false,false,0,codable,OWL_ANS,emissible,975
G97.1,VI,VI/G97.1.md,Autre réaction secondaire à une rachicentèse,false,false,true,false,true,0,codable,OWL_ANS,emissible,1189
G97.2,VI,VI/G97.2.md,Hypotension intracrânienne suite à un pontage ventriculaire,false,false,true,false,true,0,codable,OWL_ANS,emissible,1074
G97.80,VI,VI/G97.80.md,Perforation et déchirure accidentelle des méninges après un acte à visée diagnostique ou thérapeutique autre que rachicentèse,false,false,true,false,true,0,codable,OWL_ANS,emissible,1119
G97.81,VI,VI/G97.81.md,Perforation et déchirure accidentelle d’un autre organe du système nerveux après un acte à visée diagnostique ou thérapeutique autre que rachicentèse,false,false,true,false,false,0,codable,OWL_ANS,emissible,1069
G97.88,VI,VI/G97.88.md,Autres affections du système nerveux après un acte à visée diagnostique ou thérapeutique autre que rachicentèse,false,false,true,false,false,0,codable,OWL_ANS,emissible,1031
G97.9,VI,VI/G97.9.md,"Affection du système nerveux après un acte à visée diagnostique et thérapeutique, sans précision",false,false,true,false,true,0,codable,OWL_ANS,emissible,1195
G98,VI,VI/G98.md,"Autres affections du système nerveux, non classées ailleurs",true,false,true,false,true,0,codable,OWL_ANS,emissible,1416
G99.0,VI,VI/G99.0.md,Neuropathie du système nerveux autonome au cours de maladies endocriniennes et métaboliques,true,false,true,false,true,0,codable,OWL_ANS,emissible,1414
G99.1,VI,VI/G99.1.md,Autres affections du système nerveux autonome au cours d'autres maladies classées ailleurs,false,false,true,false,false,0,codable,OWL_ANS,emissible,1008
G99.2,VI,VI/G99.2.md,Myélopathies au cours de maladies classées ailleurs,true,false,true,false,true,0,codable,OWL_ANS,emissible,1404
G99.8,VI,VI/G99.8.md,Autres affections précisées du système nerveux au cours de maladies classées ailleurs,true,false,true,false,true,0,codable,OWL_ANS,emissible,1554
H00.0,VII,VII/H00.0.md,Orgelet et autres inflammations profondes de la paupière,true,false,true,false,true,0,codable,OWL_ANS,emissible,1333
H00.1,VII,VII/H00.1.md,Chalazion,false,false,true,false,true,0,codable,OWL_ANS,emissible,1017
H01.0,VII,VII/H01.0.md,Blépharite,false,false,true,false,true,0,codable,OWL_ANS,emissible,1145
H01.1,VII,VII/H01.1.md,Dermatoses non infectieuses de la paupière,true,false,true,false,true,0,codable,OWL_ANS,emissible,1342
H01.8,VII,VII/H01.8.md,Autres inflammations précisées de la paupière,false,false,true,false,true,0,codable,OWL_ANS,emissible,1267
H01.9,VII,VII/H01.9.md,"Inflammation de la paupière, sans précision",false,false,true,false,true,0,codable,OWL_ANS,emissible,1163
H02.0,VII,VII/H02.0.md,Entropion et trichiasis de la paupière,false,false,true,false,true,0,codable,OWL_ANS,emissible,1300
H02.1,VII,VII/H02.1.md,Ectropion palpébral,false,false,true,false,true,0,codable,OWL_ANS,emissible,1259
H02.2,VII,VII/H02.2.md,Lagophtalmie,false,false,true,false,true,0,codable,OWL_ANS,emissible,1147
H02.3,VII,VII/H02.3.md,Blépharochalasis,false,false,true,false,true,0,codable,OWL_ANS,emissible,1181
H02.4,VII,VII/H02.4.md,Ptosis de la paupière,false,false,true,false,true,0,codable,OWL_ANS,emissible,1248
H02.5,VII,VII/H02.5.md,Autres troubles affectant la fonction palpébrale,true,false,true,false,true,0,codable,OWL_ANS,emissible,1730
H02.6,VII,VII/H02.6.md,Xanthélasma de la paupière,false,false,true,false,true,0,codable,OWL_ANS,emissible,1189
H02.7,VII,VII/H02.7.md,Autres affections dégénératives des paupières et de la région périoculaire,true,false,true,false,true,0,codable,OWL_ANS,emissible,1389
H02.8,VII,VII/H02.8.md,Autres affections précisées des paupières,true,false,true,false,true,0,codable,OWL_ANS,emissible,2083
H02.9,VII,VII/H02.9.md,"Affection des paupières, sans précision",false,false,true,false,true,0,codable,OWL_ANS,emissible,1225
H03.0,VII,VII/H03.0.md,Infection parasitaire de la paupière au cours de maladies classées ailleurs,true,false,true,false,false,0,codable,OWL_ANS,emissible,1368
H03.1,VII,VII/H03.1.md,Atteinte de la paupière au cours d'autres maladies infectieuses classées ailleurs,true,false,true,false,true,0,codable,OWL_ANS,emissible,1498
H03.8,VII,VII/H03.8.md,Atteinte de la paupière au cours d'autres maladies classées ailleurs,true,false,true,false,false,0,codable,OWL_ANS,emissible,1345
H04.0,VII,VII/H04.0.md,Dacryoadénite,true,false,true,false,true,0,codable,OWL_ANS,emissible,1257
H04.1,VII,VII/H04.1.md,Autres affections des glandes lacrymales,true,false,true,false,true,0,codable,OWL_ANS,emissible,1336
H04.2,VII,VII/H04.2.md,Épiphora,false,false,true,false,true,0,codable,OWL_ANS,emissible,1147
H04.3,VII,VII/H04.3.md,Inflammation aigüe et sans précision des voies lacrymales,true,false,true,false,true,0,codable,OWL_ANS,emissible,1782
H04.4,VII,VII/H04.4.md,Inflammation chronique des voies lacrymales,true,false,true,false,true,0,codable,OWL_ANS,emissible,1455
H04.5,VII,VII/H04.5.md,Sténose et insuffisance des voies lacrymales,true,false,true,false,true,0,codable,OWL_ANS,emissible,1625
H04.6,VII,VII/H04.6.md,Autres lésions des voies lacrymales,true,false,true,false,true,0,codable,OWL_ANS,emissible,1494
H04.8,VII,VII/H04.8.md,Autres affections de l'appareil lacrymal,false,false,true,false,true,0,codable,OWL_ANS,emissible,1571
H04.9,VII,VII/H04.9.md,"Affection de l'appareil lacrymal, sans précision",false,false,true,false,true,0,codable,OWL_ANS,emissible,1246
H05.0,VII,VII/H05.0.md,Inflammation aigüe de l'orbite,true,false,true,false,true,0,codable,OWL_ANS,emissible,1554
H05.1,VII,VII/H05.1.md,Affections inflammatoires chroniques de l'orbite,true,false,true,false,true,0,codable,OWL_ANS,emissible,1468
H05.2,VII,VII/H05.2.md,Exophtalmie,true,false,true,false,true,0,codable,OWL_ANS,emissible,1627
H05.3,VII,VII/H05.3.md,Déformation de l'orbite,true,false,true,false,true,0,codable,OWL_ANS,emissible,1302
H05.4,VII,VII/H05.4.md,Énophtalmie,false,false,true,false,true,0,codable,OWL_ANS,emissible,1157
H05.5,VII,VII/H05.5.md,Rétention (ancienne) de corps étranger secondaire à une plaie pénétrante de l'orbite,true,false,true,false,true,0,codable,OWL_ANS,emissible,1360
H05.8,VII,VII/H05.8.md,Autres affections de l'orbite,true,false,true,false,true,0,codable,OWL_ANS,emissible,1628
H05.9,VII,VII/H05.9.md,"Affection de l'orbite, sans précision",false,false,true,false,true,1,interdit_dp_dr,OWL_ANS,emissible,1169
H06.0,VII,VII/H06.0.md,Affections de l'appareil lacrymal au cours de maladies classées ailleurs,false,false,true,false,false,0,codable,OWL_ANS,emissible,1028
H06.1,VII,VII/H06.1.md,Infection parasitaire de l'orbite au cours de maladies classées ailleurs,true,false,true,false,false,0,codable,OWL_ANS,emissible,1144
H06.2,VII,VII/H06.2.md,Exophtalmie thyréotoxique ,false,false,true,false,true,0,codable,OWL_ANS,emissible,1193
H06.3,VII,VII/H06.3.md,Autres affections de l'orbite au cours de maladies classées ailleurs,false,false,true,false,false,0,codable,OWL_ANS,emissible,1024
H10.0,VII,VII/H10.0.md,Conjonctivite mucopurulente,false,false,true,false,true,0,codable,OWL_ANS,emissible,1241
H10.1,VII,VII/H10.1.md,Conjonctivite atopique aigüe,false,false,true,false,true,0,codable,OWL_ANS,emissible,1160
H10.2,VII,VII/H10.2.md,Autres conjonctivites aigües,false,false,true,false,true,0,codable,OWL_ANS,emissible,1178
H10.3,VII,VII/H10.3.md,"Conjonctivite aigüe, sans précision",false,false,true,false,true,0,codable,OWL_ANS,emissible,1186
H10.4,VII,VII/H10.4.md,Conjonctivite chronique,false,false,true,false,true,0,codable,OWL_ANS,emissible,1135
H10.5,VII,VII/H10.5.md,Blépharoconjonctivite,false,false,true,false,true,0,codable,OWL_ANS,emissible,1142
H10.8,VII,VII/H10.8.md,Autres conjonctivites,false,false,true,false,true,0,codable,OWL_ANS,emissible,1471
H10.9,VII,VII/H10.9.md,"Conjonctivite, sans précision",false,false,true,false,true,0,codable,OWL_ANS,emissible,1162
H11.0,VII,VII/H11.0.md,Ptérygion,false,false,true,false,true,0,codable,OWL_ANS,emissible,1140
H11.1,VII,VII/H11.1.md,Dépôts et affections dégénératives de la conjonctive,true,false,true,false,true,0,codable,OWL_ANS,emissible,1535
H11.2,VII,VII/H11.2.md,Cicatrices de la conjonctive,true,false,true,false,true,0,codable,OWL_ANS,emissible,1227
H11.3,VII,VII/H11.3.md,Hémorragie conjonctivale,true,false,true,false,true,0,codable,OWL_ANS,emissible,1298
H11.4,VII,VII/H11.4.md,Autres troubles vasculaires et kystes de la conjonctive,true,false,true,false,true,0,codable,OWL_ANS,emissible,1449
H11.8,VII,VII/H11.8.md,Autres affections précisées de la conjonctive,true,false,true,false,true,0,codable,OWL_ANS,emissible,1536
H11.9,VII,VII/H11.9.md,"Affection de la conjonctive, sans précision",false,false,true,false,true,0,codable,OWL_ANS,emissible,1104
H13.0,VII,VII/H13.0.md,Parasitose filarienne de la conjonctive ,false,false,true,false,true,0,codable,OWL_ANS,emissible,1042
H13.1,VII,VII/H13.1.md,Conjonctivite au cours de maladies infectieuses et parasitaires classées ailleurs,true,false,true,false,false,0,codable,OWL_ANS,emissible,1492
H13.2,VII,VII/H13.2.md,Conjonctivite au cours d'autres maladies classées ailleurs,false,false,true,false,true,0,codable,OWL_ANS,emissible,1090
H13.3,VII,VII/H13.3.md,Pemphigoïde oculaire ,false,false,true,false,false,0,codable,OWL_ANS,emissible,941
H13.8,VII,VII/H13.8.md,Autres affections de la conjonctive au cours de maladies classées ailleurs,false,false,true,false,false,0,codable,OWL_ANS,emissible,1285
H15.0,VII,VII/H15.0.md,Sclérite,false,false,true,false,true,0,codable,OWL_ANS,emissible,1163
H15.1,VII,VII/H15.1.md,Épisclérite,false,false,true,false,true,0,codable,OWL_ANS,emissible,1031
H15.8,VII,VII/H15.8.md,Autres affections de la sclérotique,true,false,true,false,true,0,codable,OWL_ANS,emissible,1561
H15.9,VII,VII/H15.9.md,"Affection de la sclérotique, sans précision",false,false,true,false,true,0,codable,OWL_ANS,emissible,1111
H16.0,VII,VII/H16.0.md,Ulcère de la cornée,true,false,true,false,true,0,codable,OWL_ANS,emissible,1583
H16.1,VII,VII/H16.1.md,Autres kératites superficielles sans conjonctivite,true,false,true,false,true,0,codable,OWL_ANS,emissible,1372
H16.2,VII,VII/H16.2.md,Kératoconjonctivite,true,false,true,false,true,0,codable,OWL_ANS,emissible,1419
H16.3,VII,VII/H16.3.md,Kératite interstitielle et profonde,false,false,true,false,true,0,codable,OWL_ANS,emissible,1271
H16.4,VII,VII/H16.4.md,Néovascularisation cornéenne,true,false,true,false,true,0,codable,OWL_ANS,emissible,1223
H16.8,VII,VII/H16.8.md,Autres kératites,false,false,true,false,true,0,codable,OWL_ANS,emissible,1359
H16.9,VII,VII/H16.9.md,"Kératite, sans précision",false,false,true,false,true,0,codable,OWL_ANS,emissible,1101
H17.0,VII,VII/H17.0.md,Leucome adhérent,false,false,true,false,true,0,codable,OWL_ANS,emissible,1041
H17.1,VII,VII/H17.1.md,Autres opacités cornéennes centrales,false,false,true,false,true,0,codable,OWL_ANS,emissible,1096
H17.8,VII,VII/H17.8.md,Autres cicatrices et opacités cornéennes,false,false,true,false,true,0,codable,OWL_ANS,emissible,1218
H17.9,VII,VII/H17.9.md,"Cicatrice et opacité cornéennes, sans précision",false,false,true,false,true,0,codable,OWL_ANS,emissible,1138
H18.0,VII,VII/H18.0.md,Pigmentation et dépôts cornéens,true,false,true,false,true,0,codable,OWL_ANS,emissible,1526
H18.1,VII,VII/H18.1.md,Kératopathie bulleuse,false,false,true,false,true,0,codable,OWL_ANS,emissible,1187
H18.2,VII,VII/H18.2.md,Autre œdème de la cornée,false,false,true,false,true,0,codable,OWL_ANS,emissible,1114
H18.3,VII,VII/H18.3.md,Lésions des membranes cornéennes,true,false,true,false,true,0,codable,OWL_ANS,emissible,1336
H18.4,VII,VII/H18.4.md,Dégénérescence de la cornée,true,false,true,false,true,0,codable,OWL_ANS,emissible,1548
H18.5,VII,VII/H18.5.md,Dystrophies cornéennes héréditaires,true,false,true,false,true,0,codable,OWL_ANS,emissible,1587
H18.6,VII,VII/H18.6.md,Kératocône,false,false,true,false,true,0,codable,OWL_ANS,emissible,1079
H18.7,VII,VII/H18.7.md,Autres déformations de la cornée,true,false,true,false,true,0,codable,OWL_ANS,emissible,1361
H18.8,VII,VII/H18.8.md,Autres affections précisées de la cornée,true,false,true,false,true,0,codable,OWL_ANS,emissible,1741
H18.9,VII,VII/H18.9.md,"Affection de la cornée, sans précision",false,false,true,false,true,0,codable,OWL_ANS,emissible,1105
H19.0,VII,VII/H19.0.md,Sclérite et épisclérite au cours de maladies classées ailleurs,true,false,true,false,false,0,codable,OWL_ANS,emissible,1157
H19.1,VII,VII/H19.1.md,Kératite et kératoconjonctivite dues au virus de l'herpès ,true,false,true,false,true,0,codable,OWL_ANS,emissible,1279
H19.2,VII,VII/H19.2.md,Kératite et kératoconjonctivite au cours d'autres maladies infectieuses et parasitaires classées ailleurs,true,false,true,false,true,0,codable,OWL_ANS,emissible,1966
H19.3,VII,VII/H19.3.md,Kératite et kératoconjonctivite au cours d'autres maladies classées ailleurs,true,false,true,false,false,0,codable,OWL_ANS,emissible,1122
H19.8,VII,VII/H19.8.md,Autres affections de la sclérotique et de la cornée au cours de maladies classées ailleurs,true,false,true,false,false,0,codable,OWL_ANS,emissible,1543
H20.0,VII,VII/H20.0.md,Iridocyclite aigüe et subaigüe,true,false,true,false,true,0,codable,OWL_ANS,emissible,1514
H20.1,VII,VII/H20.1.md,Iridocyclite chronique,false,false,true,false,true,0,codable,OWL_ANS,emissible,1083
H20.2,VII,VII/H20.2.md,Iridocyclite due aux lentilles de contact,false,false,true,false,true,0,codable,OWL_ANS,emissible,1089
H20.8,VII,VII/H20.8.md,Autres iridocyclites,false,false,true,false,true,0,codable,OWL_ANS,emissible,1374
H20.9,VII,VII/H20.9.md,"Iridocyclite, sans précision",false,false,true,false,true,0,codable,OWL_ANS,emissible,1111
H21.0,VII,VII/H21.0.md,Hyphéma,false,false,true,false,true,0,codable,OWL_ANS,emissible,1273
H21.1,VII,VII/H21.1.md,Autres affections vasculaires de l'iris et du corps ciliaire,true,false,true,false,true,0,codable,OWL_ANS,emissible,1465
H21.2,VII,VII/H21.2.md,Affections dégénératives de l'iris et du corps ciliaire,true,false,true,false,true,0,codable,OWL_ANS,emissible,1620
H21.3,VII,VII/H21.3.md,"Kystes de l'iris, du corps ciliaire et de la chambre antérieure de l'œil",true,false,true,false,true,0,codable,OWL_ANS,emissible,1950
H21.4,VII,VII/H21.4.md,Membranes pupillaires,true,false,true,false,true,0,codable,OWL_ANS,emissible,1279
H21.5,VII,VII/H21.5.md,Autres adhérences et perturbations de l'iris et du corps ciliaire,true,false,true,false,true,0,codable,OWL_ANS,emissible,1669
H21.8,VII,VII/H21.8.md,Autres affections précisées de l'iris et du corps ciliaire,false,false,true,false,true,0,codable,OWL_ANS,emissible,1626
H21.9,VII,VII/H21.9.md,"Affection de l'iris et du corps ciliaire, sans précision",false,false,true,false,true,0,codable,OWL_ANS,emissible,1257
H22.0,VII,VII/H22.0.md,Iridocyclite au cours de maladies infectieuses et parasitaires classées ailleurs,true,false,true,false,true,0,codable,OWL_ANS,emissible,1638
H22.1,VII,VII/H22.1.md,Iridocyclite au cours d'autres maladies classées ailleurs,true,false,true,false,true,0,codable,OWL_ANS,emissible,1424
H22.8,VII,VII/H22.8.md,Autres affections de l'iris et du corps ciliaire au cours de maladies classées ailleurs,false,false,true,false,false,0,codable,OWL_ANS,emissible,1257
H25.0,VII,VII/H25.0.md,Cataracte incipiente sénile,true,false,true,false,false,0,codable,OWL_ANS,emissible,1313
H25.1,VII,VII/H25.1.md,Cataracte sénile nucléaire,true,false,true,false,true,0,codable,OWL_ANS,emissible,1284
H25.2,VII,VII/H25.2.md,"Cataracte sénile, de type Morgagni",true,false,true,false,true,0,codable,OWL_ANS,emissible,1312
H25.8,VII,VII/H25.8.md,Autres cataractes séniles,true,false,true,false,true,0,codable,OWL_ANS,emissible,1445
H25.9,VII,VII/H25.9.md,"Cataracte sénile, sans précision",false,false,true,false,true,0,codable,OWL_ANS,emissible,1166
H26.0,VII,VII/H26.0.md,"Cataracte infantile, juvénile et présénile",false,false,true,false,true,0,codable,OWL_ANS,emissible,1195
H26.1,VII,VII/H26.1.md,Cataracte traumatique,false,false,true,false,true,0,codable,OWL_ANS,emissible,1099
H26.2,VII,VII/H26.2.md,Cataracte compliquée,true,false,true,false,true,0,codable,OWL_ANS,emissible,1590
H26.3,VII,VII/H26.3.md,Cataracte médicamenteuse,false,false,true,false,true,0,codable,OWL_ANS,emissible,1125
H26.4,VII,VII/H26.4.md,Séquelles de cataracte,true,false,true,false,true,0,codable,OWL_ANS,emissible,1248
H26.8,VII,VII/H26.8.md,Autres cataractes précisées,false,false,true,false,true,0,codable,OWL_ANS,emissible,1541
H26.9,VII,VII/H26.9.md,"Cataracte, sans précision",false,false,true,false,true,0,codable,OWL_ANS,emissible,1169
H27.0,VII,VII/H27.0.md,Aphakie,false,false,true,false,true,0,codable,OWL_ANS,emissible,1224
H27.1,VII,VII/H27.1.md,Luxation du cristallin,false,false,true,false,true,0,codable,OWL_ANS,emissible,1280
H27.8,VII,VII/H27.8.md,Autres affections précisées du cristallin,false,false,true,false,true,0,codable,OWL_ANS,emissible,1418
H27.9,VII,VII/H27.9.md,"Affection du cristallin, sans précision",false,false,true,false,true,0,codable,OWL_ANS,emissible,1226
H28.0,VII,VII/H28.0.md,Cataracte diabétique (avec le quatrième caractère .3),false,false,true,false,true,0,codable,OWL_ANS,emissible,1040
H28.1,VII,VII/H28.1.md,"Cataracte au cours d'autres maladies endocriniennes, nutritionnelles et métaboliques",true,false,true,false,true,0,codable,OWL_ANS,emissible,1286
H28.2,VII,VII/H28.2.md,Cataracte au cours d'autres maladies classées ailleurs,true,false,true,false,false,0,codable,OWL_ANS,emissible,1045
H28.8,VII,VII/H28.8.md,Autres affections du cristallin au cours de maladies classées ailleurs,false,false,true,false,false,0,codable,OWL_ANS,emissible,1257
H30.0,VII,VII/H30.0.md,Choriorétinite en foyer,true,false,true,false,true,0,codable,OWL_ANS,emissible,1226
H30.1,VII,VII/H30.1.md,Choriorétinite disséminée,true,false,true,false,true,0,codable,OWL_ANS,emissible,1225
H30.2,VII,VII/H30.2.md,Cyclite postérieure,true,false,true,false,false,0,codable,OWL_ANS,emissible,1042
H30.8,VII,VII/H30.8.md,Autres choriorétinites,true,false,true,false,true,0,codable,OWL_ANS,emissible,1372
H30.9,VII,VII/H30.9.md,"Choriorétinite, sans précision",true,false,true,false,true,0,codable,OWL_ANS,emissible,1200
H31.0,VII,VII/H31.0.md,Cicatrices choriorétiniennes,true,false,true,false,true,0,codable,OWL_ANS,emissible,1405
H31.1,VII,VII/H31.1.md,Dégénérescence choroïdienne,true,false,true,false,true,0,codable,OWL_ANS,emissible,1272
H31.2,VII,VII/H31.2.md,Dystrophie héréditaire de la choroïde,true,false,true,false,true,0,codable,OWL_ANS,emissible,1467
H31.3,VII,VII/H31.3.md,Hémorragie et rupture de la choroïde,true,false,true,false,true,0,codable,OWL_ANS,emissible,1195
H31.4,VII,VII/H31.4.md,Décollement de la choroïde,false,false,true,false,true,0,codable,OWL_ANS,emissible,1167
H31.8,VII,VII/H31.8.md,Autres affections précisées de la choroïde,true,false,true,false,true,0,codable,OWL_ANS,emissible,1486
H31.9,VII,VII/H31.9.md,"Affection de la choroïde, sans précision",false,false,true,false,true,0,codable,OWL_ANS,emissible,1099
H32.00,VII,VII/H32.00.md,Rétinite à cytomégalovirus,false,false,true,false,true,0,codable,OWL_ANS,emissible,1053
H32.01,VII,VII/H32.01.md,Rétinite à Toxoplasma,false,false,true,false,true,0,codable,OWL_ANS,emissible,1026
H32.08,VII,VII/H32.08.md,Affections choriorétiniennes au cours d’autres maladies infectieuses et parasitaires classées ailleurs,true,false,true,false,true,0,codable,OWL_ANS,emissible,1250
H32.8,VII,VII/H32.8.md,Autres affections choriorétiniennes au cours de maladies classées ailleurs,true,false,true,false,false,0,codable,OWL_ANS,emissible,1252
H33.0,VII,VII/H33.0.md,Décollement de la rétine avec déchirure rétinienne,true,false,true,false,true,0,codable,OWL_ANS,emissible,1328
H33.1,VII,VII/H33.1.md,Rétinoschisis et kystes rétiniens,true,false,true,false,true,0,codable,OWL_ANS,emissible,1543
H33.2,VII,VII/H33.2.md,Décollement séreux de la rétine,true,false,true,false,true,0,codable,OWL_ANS,emissible,1511
H33.3,VII,VII/H33.3.md,Déchirures rétiniennes sans décollement,true,false,true,false,true,0,codable,OWL_ANS,emissible,1560
H33.4,VII,VII/H33.4.md,Décollement par traction de la rétine,true,false,true,false,true,0,codable,OWL_ANS,emissible,1444
H33.5,VII,VII/H33.5.md,Autres décollements rétiniens,false,false,true,false,true,0,codable,OWL_ANS,emissible,1216
H34.0,VII,VII/H34.0.md,Occlusion transitoire de l'artère de la rétine,false,false,true,false,true,0,codable,OWL_ANS,emissible,1169
H34.1,VII,VII/H34.1.md,Occlusion de l'artère centrale de la rétine,false,false,true,false,true,0,codable,OWL_ANS,emissible,1340
H34.2,VII,VII/H34.2.md,Autres occlusions de l'artère de la rétine,true,false,true,false,true,0,codable,OWL_ANS,emissible,1784
H34.8,VII,VII/H34.8.md,Autres occlusions vasculaires rétiniennes,true,false,true,false,true,0,codable,OWL_ANS,emissible,1998
H34.9,VII,VII/H34.9.md,"Occlusion vasculaire rétinienne, sans précision",false,false,true,false,true,0,codable,OWL_ANS,emissible,1199
H35.0,VII,VII/H35.0.md,Autres rétinopathies et altérations vasculaires rétiniennes,true,false,true,false,true,0,codable,OWL_ANS,emissible,2249
H35.1,VII,VII/H35.1.md,Rétinopathie de la prématurité,true,false,true,false,true,0,codable,OWL_ANS,emissible,1164
H35.2,VII,VII/H35.2.md,Autres rétinopathies proliférantes,true,false,true,false,true,0,codable,OWL_ANS,emissible,1297
H35.3,VII,VII/H35.3.md,Dégénérescence de la macula et du pôle postérieur,true,false,true,false,true,0,codable,OWL_ANS,emissible,2056
H35.4,VII,VII/H35.4.md,Dégénérescence rétinienne périphérique,true,false,true,false,true,0,codable,OWL_ANS,emissible,1883
H35.5,VII,VII/H35.5.md,Dystrophie rétinienne héréditaire,true,false,true,false,true,0,codable,OWL_ANS,emissible,1825
H35.6,VII,VII/H35.6.md,Hémorragie rétinienne,false,false,true,false,true,0,codable,OWL_ANS,emissible,1100
H35.7,VII,VII/H35.7.md,Décollement des couches de la rétine,true,false,true,false,true,0,codable,OWL_ANS,emissible,1330
H35.8,VII,VII/H35.8.md,Autres affections rétiniennes précisées,false,false,true,false,true,0,codable,OWL_ANS,emissible,1808
H35.9,VII,VII/H35.9.md,"Affection rétinienne, sans précision",false,false,true,false,true,0,codable,OWL_ANS,emissible,1111
H36.0,VII,VII/H36.0.md,Rétinopathie diabétique ( avec le quatrième caractère .3),false,false,true,false,true,0,codable,OWL_ANS,emissible,1432
H36.8,VII,VII/H36.8.md,Autres affections rétiniennes au cours de maladies classées ailleurs,true,false,true,false,true,0,codable,OWL_ANS,emissible,1489
H40.0,VII,VII/H40.0.md,Glaucome limite,true,false,true,false,true,0,codable,OWL_ANS,emissible,1314
H40.1,VII,VII/H40.1.md,Glaucome primitif à angle ouvert,true,false,true,false,true,0,codable,OWL_ANS,emissible,1724
H40.2,VII,VII/H40.2.md,Glaucome primitif à angle étroit,true,false,true,false,true,0,codable,OWL_ANS,emissible,1495
H40.3,VII,VII/H40.3.md,Glaucome secondaire à un traumatisme oculaire,false,false,true,false,true,0,codable,OWL_ANS,emissible,1184
H40.4,VII,VII/H40.4.md,Glaucome secondaire à une inflammation de l'œil,false,false,true,false,true,0,codable,OWL_ANS,emissible,1190
H40.5,VII,VII/H40.5.md,Glaucome secondaire à d'autres affections oculaires,false,false,true,false,true,0,codable,OWL_ANS,emissible,1315
H40.6,VII,VII/H40.6.md,Glaucome médicamenteux,false,false,true,false,true,0,codable,OWL_ANS,emissible,1296
H40.8,VII,VII/H40.8.md,Autres glaucomes,false,false,true,false,true,0,codable,OWL_ANS,emissible,1590
H40.9,VII,VII/H40.9.md,"Glaucome, sans précision",false,false,true,false,true,0,codable,OWL_ANS,emissible,1211
H42.0,VII,VII/H42.0.md,"Glaucome au cours de maladies endocriniennes, nutritionnelles et métaboliques",true,false,true,false,false,0,codable,OWL_ANS,emissible,1100
H42.8,VII,VII/H42.8.md,Glaucome au cours d'autres maladies classées ailleurs,true,false,true,false,false,0,codable,OWL_ANS,emissible,1171
H43.0,VII,VII/H43.0.md,Prolapsus du corps vitré,false,false,true,false,true,0,codable,OWL_ANS,emissible,1291
H43.1,VII,VII/H43.1.md,Hémorragie du corps vitré,false,false,true,false,true,0,codable,OWL_ANS,emissible,1022
H43.2,VII,VII/H43.2.md,Opacités cristallines du corps vitré,false,false,true,false,true,0,codable,OWL_ANS,emissible,1207
H43.3,VII,VII/H43.3.md,Autres opacités du corps vitré,true,false,true,false,true,0,codable,OWL_ANS,emissible,1239
H43.8,VII,VII/H43.8.md,Autres affections du corps vitré,true,false,true,false,true,0,codable,OWL_ANS,emissible,1669
H43.9,VII,VII/H43.9.md,"Affection du corps vitré, sans précision",false,false,true,false,true,0,codable,OWL_ANS,emissible,1068
H44.0,VII,VII/H44.0.md,Endophtalmie purulente,true,false,true,false,true,0,codable,OWL_ANS,emissible,1503
H44.1,VII,VII/H44.1.md,Autres endophtalmies,true,false,true,false,true,0,codable,OWL_ANS,emissible,1596
H44.2,VII,VII/H44.2.md,Myopie dégénérative,true,false,true,false,true,0,codable,OWL_ANS,emissible,1293
H44.3,VII,VII/H44.3.md,Autres affections dégénératives du globe oculaire,true,false,true,false,true,0,codable,OWL_ANS,emissible,1292
H44.4,VII,VII/H44.4.md,Hypotonie de l'œil,true,false,true,false,true,0,codable,OWL_ANS,emissible,1238
H44.5,VII,VII/H44.5.md,Dégénérescence du globe oculaire,true,false,true,false,true,0,codable,OWL_ANS,emissible,1405
H44.6,VII,VII/H44.6.md,Rétention (ancienne) intraoculaire de corps étranger magnétique,true,false,true,false,true,0,codable,OWL_ANS,emissible,1743
H44.7,VII,VII/H44.7.md,Rétention (ancienne) intraoculaire de corps étranger non magnétique,true,false,true,false,true,0,codable,OWL_ANS,emissible,1775
H44.8,VII,VII/H44.8.md,Autres affections du globe oculaire,true,false,true,false,true,0,codable,OWL_ANS,emissible,1941
H44.9,VII,VII/H44.9.md,"Affection du globe oculaire, sans précision",true,false,true,false,true,1,interdit_dp_dr,OWL_ANS,emissible,1329
H45.0,VII,VII/H45.0.md,Hémorragie du corps vitré au cours de maladies classées ailleurs,false,false,true,false,false,0,codable,OWL_ANS,emissible,1002
H45.1,VII,VII/H45.1.md,Endophtalmie au cours de maladies classées ailleurs,true,false,true,false,false,0,codable,OWL_ANS,emissible,1159
H45.8,VII,VII/H45.8.md,Autres affections du corps vitré et du globe oculaire au cours de maladies classées ailleurs,false,false,true,false,false,0,codable,OWL_ANS,emissible,1212
H46,VII,VII/H46.md,Névrite optique,true,false,true,false,true,0,codable,OWL_ANS,emissible,1733
H47.0,VII,VII/H47.0.md,"Affections du nerf optique, non classées ailleurs",true,false,true,false,true,0,codable,OWL_ANS,emissible,1492
H47.1,VII,VII/H47.1.md,"Œdème papillaire, sans précision",false,false,true,false,true,0,codable,OWL_ANS,emissible,1093
H47.2,VII,VII/H47.2.md,Atrophie optique,true,false,true,false,true,0,codable,OWL_ANS,emissible,1202
H47.3,VII,VII/H47.3.md,Autres affections de la papille optique,true,false,true,false,true,0,codable,OWL_ANS,emissible,1226
H47.4,VII,VII/H47.4.md,Affections du chiasma optique,false,false,true,false,true,0,codable,OWL_ANS,emissible,1062
H47.5,VII,VII/H47.5.md,Affections des autres voies optiques,true,false,true,false,true,0,codable,OWL_ANS,emissible,1198
H47.6,VII,VII/H47.6.md,Affections du cortex visuel,false,false,true,false,true,0,codable,OWL_ANS,emissible,1045
H47.7,VII,VII/H47.7.md,"Affection des voies optiques, sans précision",false,false,true,false,true,1,interdit_dp_dr,OWL_ANS,emissible,1053
H48.0,VII,VII/H48.0.md,Atrophie optique au cours de maladies classées ailleurs,true,false,true,false,false,0,codable,OWL_ANS,emissible,1087
H48.1,VII,VII/H48.1.md,Névrite rétrobulbaire au cours de maladies classées ailleurs,true,false,true,false,true,0,codable,OWL_ANS,emissible,1314
H48.8,VII,VII/H48.8.md,Autres affections du nerf et des voies optiques au cours de maladies classées ailleurs,false,false,true,false,false,0,codable,OWL_ANS,emissible,1200
H49.0,VII,VII/H49.0.md,Paralysie du nerf moteur oculaire commun [III],false,false,true,false,true,0,codable,OWL_ANS,emissible,1529
H49.1,VII,VII/H49.1.md,Paralysie du nerf pathétique [IV],false,false,true,false,true,0,codable,OWL_ANS,emissible,1445
H49.2,VII,VII/H49.2.md,Paralysie du nerf moteur oculaire externe [VI],false,false,true,false,true,0,codable,OWL_ANS,emissible,1480
H49.3,VII,VII/H49.3.md,Ophtalmoplégie totale (externe),false,false,true,false,true,0,codable,OWL_ANS,emissible,1385
H49.4,VII,VII/H49.4.md,Ophtalmoplégie externe progressive,false,false,true,false,true,0,codable,OWL_ANS,emissible,1386
H49.8,VII,VII/H49.8.md,Autres strabismes paralytiques,true,false,true,false,true,0,codable,OWL_ANS,emissible,1952
H49.9,VII,VII/H49.9.md,"Strabisme paralytique, sans précision",false,false,true,false,true,0,codable,OWL_ANS,emissible,1381
H50.0,VII,VII/H50.0.md,Strabisme convergent concomitant,true,false,true,false,true,0,codable,OWL_ANS,emissible,1322
H50.1,VII,VII/H50.1.md,Strabisme divergent concomitant,true,false,true,false,true,0,codable,OWL_ANS,emissible,1320
H50.2,VII,VII/H50.2.md,Strabisme vertical,true,false,true,false,true,0,codable,OWL_ANS,emissible,1278
H50.3,VII,VII/H50.3.md,Hétérotropie intermittente,true,false,true,false,true,0,codable,OWL_ANS,emissible,1393
H50.4,VII,VII/H50.4.md,"Hétérotropies, autres et sans précision",true,false,true,false,true,0,codable,OWL_ANS,emissible,1429
H50.5,VII,VII/H50.5.md,Hétérophorie,true,false,true,false,true,0,codable,OWL_ANS,emissible,1348
H50.6,VII,VII/H50.6.md,Strabisme mécanique,true,false,true,false,true,0,codable,OWL_ANS,emissible,1471
H50.8,VII,VII/H50.8.md,Autres strabismes précisés,true,false,true,false,true,0,codable,OWL_ANS,emissible,1641
H50.9,VII,VII/H50.9.md,"Strabisme, sans précision",false,false,true,false,true,0,codable,OWL_ANS,emissible,1261
H51.0,VII,VII/H51.0.md,Paralysie de la conjugaison du regard,false,false,true,false,true,0,codable,OWL_ANS,emissible,1290
H51.1,VII,VII/H51.1.md,Excès et insuffisance de convergence,false,false,true,false,true,0,codable,OWL_ANS,emissible,1290
H51.2,VII,VII/H51.2.md,Ophtalmoplégie internucléaire,false,false,true,false,true,0,codable,OWL_ANS,emissible,1246
H51.8,VII,VII/H51.8.md,Autres anomalies précisées des mouvements binoculaires,false,false,true,false,true,0,codable,OWL_ANS,emissible,1638
H51.9,VII,VII/H51.9.md,"Anomalie des mouvements binoculaires, sans précision",false,false,true,false,true,0,codable,OWL_ANS,emissible,1277
H52.0,VII,VII/H52.0.md,Hypermétropie,false,false,true,false,true,0,codable,OWL_ANS,emissible,1199
H52.1,VII,VII/H52.1.md,Myopie,false,false,true,false,true,0,codable,OWL_ANS,emissible,1267
H52.2,VII,VII/H52.2.md,Astigmatisme,false,false,true,false,true,0,codable,OWL_ANS,emissible,1185
H52.3,VII,VII/H52.3.md,Anisométrie et aniséiconie,false,false,true,false,true,0,codable,OWL_ANS,emissible,1214
H52.4,VII,VII/H52.4.md,Presbytie,false,false,true,false,true,0,codable,OWL_ANS,emissible,1179
H52.5,VII,VII/H52.5.md,Troubles de l'accommodation,true,false,true,false,true,0,codable,OWL_ANS,emissible,1601
H52.6,VII,VII/H52.6.md,Autres vices de réfraction,false,false,true,false,false,0,codable,OWL_ANS,emissible,1144
H52.7,VII,VII/H52.7.md,"Vice de réfraction, sans précision",false,false,true,false,true,0,codable,OWL_ANS,emissible,1275
H53.0,VII,VII/H53.0.md,Amblyopie ex anopsia,true,false,true,false,true,0,codable,OWL_ANS,emissible,1238
H53.1,VII,VII/H53.1.md,Troubles subjectifs de la vision,true,false,true,false,true,0,codable,OWL_ANS,emissible,1404
H53.2,VII,VII/H53.2.md,Diplopie,true,false,true,false,true,0,codable,OWL_ANS,emissible,1073
H53.3,VII,VII/H53.3.md,Autres troubles de la vision binoculaire,true,false,true,false,true,0,codable,OWL_ANS,emissible,1337
H53.4,VII,VII/H53.4.md,Anomalies du champ visuel,true,false,true,false,true,0,codable,OWL_ANS,emissible,1572
H53.5,VII,VII/H53.5.md,Troubles de la vision des couleurs,true,false,true,false,true,0,codable,OWL_ANS,emissible,1513
H53.6,VII,VII/H53.6.md,Cécité nocturne,false,false,true,false,true,0,codable,OWL_ANS,emissible,1173
H53.8,VII,VII/H53.8.md,Autres troubles de la vision,false,false,true,false,true,0,codable,OWL_ANS,emissible,1346
H53.9,VII,VII/H53.9.md,"Trouble de la vision, sans précision",false,false,true,false,true,0,codable,OWL_ANS,emissible,1064
H54.0,VII,VII/H54.0.md,Cécité binoculaire,true,false,true,false,true,0,codable,OWL_ANS,emissible,1478
H54.1,VII,VII/H54.1.md,"Déficience visuelle sévère, binoculaire",true,false,true,false,true,0,codable,OWL_ANS,emissible,1315
H54.2,VII,VII/H54.2.md,"Déficience visuelle modérée, binoculaire",true,false,true,false,true,0,codable,OWL_ANS,emissible,1355
H54.3,VII,VII/H54.3.md,"Déficience visuelle légère ou absente, binoculaire",true,false,true,false,true,0,codable,OWL_ANS,emissible,1333
H54.4,VII,VII/H54.4.md,Cécité monoculaire,true,false,true,false,true,0,codable,OWL_ANS,emissible,1512
H54.5,VII,VII/H54.5.md,"Déficience visuelle sévère, monoculaire",true,false,true,false,true,0,codable,OWL_ANS,emissible,1351
H54.6,VII,VII/H54.6.md,"Déficience visuelle modérée, monoculaire",true,false,true,false,false,0,codable,OWL_ANS,emissible,1190
H54.9,VII,VII/H54.9.md,Déficience visuelle non précisée (binoculaire),false,false,true,false,true,0,codable,OWL_ANS,emissible,2891
H55,VII,VII/H55.md,Nystagmus et autres anomalies des mouvements oculaires,true,false,true,false,true,0,codable,OWL_ANS,emissible,1323
H57.0,VII,VII/H57.0.md,Anomalies fonctionnelles de la pupille,false,false,true,false,true,0,codable,OWL_ANS,emissible,1512
H57.1,VII,VII/H57.1.md,Douleur oculaire,false,false,true,false,true,0,codable,OWL_ANS,emissible,1033
H57.8,VII,VII/H57.8.md,Autres affections précisées de l'œil et de ses annexes,false,false,true,false,true,0,codable,OWL_ANS,emissible,1311
H57.9,VII,VII/H57.9.md,"Affection de l'œil et de ses annexes, sans précision",false,false,true,false,true,1,interdit_dp_dr,OWL_ANS,emissible,1306
H58.0,VII,VII/H58.0.md,Anomalies fonctionnelles de la pupille au cours de maladies classées ailleurs,true,false,true,false,false,0,codable,OWL_ANS,emissible,1107
H58.1,VII,VII/H58.1.md,Troubles de la vue au cours de maladies classées ailleurs,false,false,true,false,false,0,codable,OWL_ANS,emissible,993
H58.8,VII,VII/H58.8.md,Autres affections précisées de l'œil et de ses annexes au cours de maladies classées ailleurs,true,false,true,false,false,0,codable,OWL_ANS,emissible,1475
H59.0,VII,VII/H59.0.md,Kératopathie (bulleuse) après chirurgie de la cataracte [de l’aphaque],true,false,true,false,true,0,codable,OWL_ANS,emissible,1415
H59.8,VII,VII/H59.8.md,Autres affections de l'œil et de ses annexes après un acte à visée diagnostique et thérapeutique,true,false,true,false,true,0,codable,OWL_ANS,emissible,1582
H59.9,VII,VII/H59.9.md,"Affection de l'œil et de ses annexes après un acte à visée diagnostique et thérapeutique, sans précision",false,false,true,false,false,1,interdit_dp_dr,OWL_ANS,emissible,1227
H60.0,VIII,VIII/H60.0.md,Abcès de l'oreille externe,true,false,true,false,true,0,codable,OWL_ANS,emissible,1294
H60.1,VIII,VIII/H60.1.md,Cellulite de l'oreille externe,true,false,true,false,true,0,codable,OWL_ANS,emissible,1221
H60.2,VIII,VIII/H60.2.md,Otite externe maligne,false,false,true,false,true,0,codable,OWL_ANS,emissible,1101
H60.3,VIII,VIII/H60.3.md,Autres otites externes infectieuses,true,false,true,false,true,0,codable,OWL_ANS,emissible,1228
H60.4,VIII,VIII/H60.4.md,Cholestéatome de l'oreille externe,true,false,true,false,true,0,codable,OWL_ANS,emissible,1188
H60.5,VIII,VIII/H60.5.md,"Otite externe aigüe, non infectieuse",true,false,true,false,false,0,codable,OWL_ANS,emissible,1216
H60.8,VIII,VIII/H60.8.md,Autres otites externes,true,false,true,false,true,0,codable,OWL_ANS,emissible,1463
H60.9,VIII,VIII/H60.9.md,"Otite externe, sans précision",false,false,true,false,true,0,codable,OWL_ANS,emissible,1130
H61.0,VIII,VIII/H61.0.md,Périchondrite de l'oreille externe,true,false,true,false,true,0,codable,OWL_ANS,emissible,1278
H61.1,VIII,VIII/H61.1.md,Affections non infectieuses du pavillon de l'oreille,true,false,true,false,true,0,codable,OWL_ANS,emissible,1405
H61.2,VIII,VIII/H61.2.md,Bouchon de cérumen,false,false,true,false,true,0,codable,OWL_ANS,emissible,1014
H61.3,VIII,VIII/H61.3.md,Sténose acquise du conduit auditif externe,true,false,true,false,true,0,codable,OWL_ANS,emissible,1146
H61.8,VIII,VIII/H61.8.md,Autres affections précisées de l'oreille externe,true,false,true,false,true,0,codable,OWL_ANS,emissible,1460
H61.9,VIII,VIII/H61.9.md,"Affection de l'oreille externe, sans précision",false,false,true,false,true,1,interdit_dp_dr,OWL_ANS,emissible,1054
H62.0,VIII,VIII/H62.0.md,Otite externe au cours de maladies bactériennes classées ailleurs,true,false,true,false,false,0,codable,OWL_ANS,emissible,1089
H62.1,VIII,VIII/H62.1.md,Otite externe au cours de maladies virales classées ailleurs,true,false,true,false,false,0,codable,OWL_ANS,emissible,1160
H62.2,VIII,VIII/H62.2.md,Otite externe au cours de mycoses,true,false,true,false,true,0,codable,OWL_ANS,emissible,1191
H62.3,VIII,VIII/H62.3.md,Otite externe au cours d'autres maladies infectieuses et parasitaires classées ailleurs,false,false,true,false,false,0,codable,OWL_ANS,emissible,1022
H62.4,VIII,VIII/H62.4.md,Otite externe au cours d'autres maladies classées ailleurs,true,false,true,false,false,0,codable,OWL_ANS,emissible,1081
H62.8,VIII,VIII/H62.8.md,Autres affections de l'oreille externe au cours de maladies classées ailleurs,false,false,true,false,false,0,codable,OWL_ANS,emissible,1421
H65.0,VIII,VIII/H65.0.md,Otite moyenne séreuse aigüe,true,false,true,false,false,0,codable,OWL_ANS,emissible,1150
H65.1,VIII,VIII/H65.1.md,"Autres otites moyennes aigües, non suppurées",true,false,true,false,false,0,codable,OWL_ANS,emissible,1491
H65.2,VIII,VIII/H65.2.md,Otite moyenne séreuse chronique,true,false,true,false,false,0,codable,OWL_ANS,emissible,1141
H65.3,VIII,VIII/H65.3.md,Otite moyenne mucoïde chronique,true,false,true,false,false,0,codable,OWL_ANS,emissible,1317
H65.4,VIII,VIII/H65.4.md,"Autres otites moyennes chroniques, non suppurées",true,false,true,false,false,0,codable,OWL_ANS,emissible,1335
H65.9,VIII,VIII/H65.9.md,"Otite moyenne non suppurée, sans précision",true,false,true,false,false,0,codable,OWL_ANS,emissible,1379
H66.0,VIII,VIII/H66.0.md,Otite moyenne aigüe suppurée,true,false,true,false,true,0,codable,OWL_ANS,emissible,1383
H66.1,VIII,VIII/H66.1.md,Otite moyenne suppurée chronique tubotympanique,true,false,true,false,true,0,codable,OWL_ANS,emissible,1301
H66.2,VIII,VIII/H66.2.md,Otite moyenne chronique atticoantrale suppurée,true,false,true,false,false,0,codable,OWL_ANS,emissible,1154
H66.3,VIII,VIII/H66.3.md,Autres otites moyennes suppurées chroniques,true,false,true,false,true,0,codable,OWL_ANS,emissible,1250
H66.4,VIII,VIII/H66.4.md,"Otite moyenne suppurée, sans précision",true,false,true,false,true,0,codable,OWL_ANS,emissible,1390
H66.9,VIII,VIII/H66.9.md,"Otite moyenne, sans précision",true,false,true,false,true,0,codable,OWL_ANS,emissible,1466
H67.0,VIII,VIII/H67.0.md,Otite moyenne au cours de maladies bactériennes classées ailleurs,true,false,true,false,false,0,codable,OWL_ANS,emissible,1157
H67.1,VIII,VIII/H67.1.md,Otite moyenne au cours de maladies virales classées ailleurs,true,false,true,false,false,0,codable,OWL_ANS,emissible,1145
H67.8,VIII,VIII/H67.8.md,Otite moyenne au cours d'autres maladies classées ailleurs,false,false,true,false,false,0,codable,OWL_ANS,emissible,1211
H68.0,VIII,VIII/H68.0.md,Salpingite de la trompe d'Eustache,false,false,true,false,true,0,codable,OWL_ANS,emissible,1116
H68.1,VIII,VIII/H68.1.md,Obstruction de la trompe d'Eustache,true,false,true,false,true,0,codable,OWL_ANS,emissible,1239
H69.0,VIII,VIII/H69.0.md,Distension de la trompe d'Eustache,false,false,true,false,false,0,codable,OWL_ANS,emissible,995
H69.8,VIII,VIII/H69.8.md,Autres affections précisées de la trompe d'Eustache,false,false,true,false,false,0,codable,OWL_ANS,emissible,1100
H69.9,VIII,VIII/H69.9.md,"Affection de la trompe d'Eustache, sans précision",false,false,true,false,true,0,codable,OWL_ANS,emissible,1082
H70.0,VIII,VIII/H70.0.md,Mastoïdite aigüe,true,false,true,false,true,0,codable,OWL_ANS,emissible,1566
H70.1,VIII,VIII/H70.1.md,Mastoïdite chronique,true,false,true,false,true,0,codable,OWL_ANS,emissible,1203
H70.2,VIII,VIII/H70.2.md,Apexite [pétrosite],true,false,true,false,true,0,codable,OWL_ANS,emissible,1289
H70.8,VIII,VIII/H70.8.md,Autres mastoïdites et affections apparentées,false,false,true,false,true,0,codable,OWL_ANS,emissible,1200
H70.9,VIII,VIII/H70.9.md,"Mastoïdite, sans précision",false,false,true,false,true,0,codable,OWL_ANS,emissible,1129
H71,VIII,VIII/H71.md,Cholestéatome de l'oreille moyenne,true,false,true,false,true,0,codable,OWL_ANS,emissible,1380
H72.0,VIII,VIII/H72.0.md,Perforation centrale du tympan,true,false,true,false,false,0,codable,OWL_ANS,emissible,1345
H72.1,VIII,VIII/H72.1.md,"Perforation du tympan, partie attique",true,false,true,false,true,0,codable,OWL_ANS,emissible,1481
H72.2,VIII,VIII/H72.2.md,Autres perforations marginales du tympan,true,false,true,false,false,0,codable,OWL_ANS,emissible,1355
H72.8,VIII,VIII/H72.8.md,Autres perforations du tympan,true,false,true,false,true,0,codable,OWL_ANS,emissible,1694
H72.9,VIII,VIII/H72.9.md,"Perforation du tympan, sans précision",true,false,true,false,true,0,codable,OWL_ANS,emissible,1439
H73.0,VIII,VIII/H73.0.md,Myringite [tympanite] aigüe,true,false,true,false,true,0,codable,OWL_ANS,emissible,1244
H73.1,VIII,VIII/H73.1.md,Myringite chronique,true,false,true,false,true,0,codable,OWL_ANS,emissible,1206
H73.8,VIII,VIII/H73.8.md,Autres affections précisées du tympan,false,false,true,false,true,0,codable,OWL_ANS,emissible,1196
H73.9,VIII,VIII/H73.9.md,"Affection du tympan, sans précision",false,false,true,false,true,1,interdit_dp_dr,OWL_ANS,emissible,1075
H74.0,VIII,VIII/H74.0.md,Tympanosclérose,false,false,true,false,true,0,codable,OWL_ANS,emissible,1034
H74.1,VIII,VIII/H74.1.md,Maladie adhésive de l'oreille moyenne,true,false,true,false,false,0,codable,OWL_ANS,emissible,1128
H74.2,VIII,VIII/H74.2.md,Dissociation et dislocation des osselets,false,false,true,false,true,0,codable,OWL_ANS,emissible,1065
H74.3,VIII,VIII/H74.3.md,Autres anomalies acquises des osselets,true,false,true,false,true,0,codable,OWL_ANS,emissible,1232
H74.4,VIII,VIII/H74.4.md,Polype de l'oreille moyenne,false,false,true,false,true,0,codable,OWL_ANS,emissible,1050
H74.8,VIII,VIII/H74.8.md,Autres affections précisées de l'oreille moyenne et de l'apophyse mastoïde,false,false,true,false,true,0,codable,OWL_ANS,emissible,1396
H74.9,VIII,VIII/H74.9.md,"Affection de l'oreille moyenne et de l'apophyse mastoïde, sans précision",false,false,true,false,false,1,interdit_dp_dr,OWL_ANS,emissible,1035
H75.0,VIII,VIII/H75.0.md,Mastoïdite au cours de maladies infectieuses et parasitaires classées ailleurs,true,false,true,false,false,0,codable,OWL_ANS,emissible,1118
H75.8,VIII,VIII/H75.8.md,Autres affections précisées de l'oreille moyenne et de l'apophyse mastoïde au cours de maladies classées ailleurs,false,false,true,false,false,0,codable,OWL_ANS,emissible,1206
H80.0,VIII,VIII/H80.0.md,"Otosclérose intéressant la fenêtre ovale, non oblitérante",true,false,true,false,false,0,codable,OWL_ANS,emissible,1081
H80.1,VIII,VIII/H80.1.md,"Otosclérose intéressant la fenêtre ovale, oblitérante",true,false,true,false,false,0,codable,OWL_ANS,emissible,1077
H80.2,VIII,VIII/H80.2.md,Otosclérose cochléaire,true,false,true,false,true,0,codable,OWL_ANS,emissible,1262
H80.8,VIII,VIII/H80.8.md,Autres otoscléroses,true,false,true,false,false,0,codable,OWL_ANS,emissible,1255
H80.9,VIII,VIII/H80.9.md,"Otosclérose, sans précision",true,false,true,false,true,0,codable,OWL_ANS,emissible,1137
H81.0,VIII,VIII/H81.0.md,Maladie de Ménière,true,false,true,false,true,0,codable,OWL_ANS,emissible,1335
H81.1,VIII,VIII/H81.1.md,Vertige bénin paroxystique,false,false,true,false,true,0,codable,OWL_ANS,emissible,1293
H81.2,VIII,VIII/H81.2.md,Neuronite vestibulaire,false,false,true,false,true,0,codable,OWL_ANS,emissible,1136
H81.3,VIII,VIII/H81.3.md,Autres vertiges périphériques,true,false,true,false,true,0,codable,OWL_ANS,emissible,1393
H81.4,VIII,VIII/H81.4.md,Vertige d'origine centrale,true,false,true,false,true,0,codable,OWL_ANS,emissible,1239
H81.8,VIII,VIII/H81.8.md,Autres atteintes des fonctions vestibulaires,false,false,true,false,true,0,codable,OWL_ANS,emissible,1448
H81.9,VIII,VIII/H81.9.md,"Atteinte des fonctions vestibulaires, sans précision",true,false,true,false,true,0,codable,OWL_ANS,emissible,1370
H82,VIII,VIII/H82.md,Syndromes vertigineux au cours de maladies classées ailleurs,false,false,true,false,false,0,codable,OWL_ANS,emissible,991
H83.0,VIII,VIII/H83.0.md,Labyrinthite,false,false,true,false,true,0,codable,OWL_ANS,emissible,1103
H83.1,VIII,VIII/H83.1.md,Fistule labyrinthique,false,false,true,false,true,0,codable,OWL_ANS,emissible,1031
H83.2,VIII,VIII/H83.2.md,Troubles des fonctions labyrinthiques,true,false,true,false,true,0,codable,OWL_ANS,emissible,1282
H83.3,VIII,VIII/H83.3.md,Conséquences du bruit sur l'oreille interne,true,false,true,false,false,0,codable,OWL_ANS,emissible,1085
H83.8,VIII,VIII/H83.8.md,Autres maladies précisées de l'oreille interne,false,false,true,false,true,0,codable,OWL_ANS,emissible,1322
H83.9,VIII,VIII/H83.9.md,"Maladie de l'oreille interne, sans précision",false,false,true,false,true,1,interdit_dp_dr,OWL_ANS,emissible,1114
H90.0,VIII,VIII/H90.0.md,Surdité bilatérale de transmission,true,false,true,false,false,0,codable,OWL_ANS,emissible,1306
H90.1,VIII,VIII/H90.1.md,Surdité unilatérale de transmission sans altération de l'audition de l'autre oreille,true,false,true,false,false,0,codable,OWL_ANS,emissible,1356
H90.2,VIII,VIII/H90.2.md,"Surdité de transmission, sans précision",true,false,true,false,false,0,codable,OWL_ANS,emissible,1373
H90.3,VIII,VIII/H90.3.md,Surdité neurosensorielle bilatérale,true,false,true,false,true,0,codable,OWL_ANS,emissible,1373
H90.4,VIII,VIII/H90.4.md,Surdité neurosensorielle unilatérale sans altération de l'audition de l'autre oreille,true,false,true,false,false,0,codable,OWL_ANS,emissible,1357
H90.5,VIII,VIII/H90.5.md,"Surdité neurosensorielle, sans précision",true,false,true,false,true,0,codable,OWL_ANS,emissible,1652
H90.6,VIII,VIII/H90.6.md,Surdité bilatérale mixte de transmission et neurosensorielle,true,false,true,false,false,0,codable,OWL_ANS,emissible,1332
H90.7,VIII,VIII/H90.7.md,Surdité unilatérale mixte de transmission et neurosensorielle sans altération de l'audition de l'autre oreille,true,false,true,false,false,0,codable,OWL_ANS,emissible,1382
H90.8,VIII,VIII/H90.8.md,"Surdité mixte de transmission et neurosensorielle, sans précision",true,false,true,false,true,0,codable,OWL_ANS,emissible,2025
H91.0,VIII,VIII/H91.0.md,Perte de l'audition par ototoxicité,false,false,true,false,true,0,codable,OWL_ANS,emissible,1279
H91.1,VIII,VIII/H91.1.md,Presbyacousie,false,false,true,false,true,0,codable,OWL_ANS,emissible,1287
H91.2,VIII,VIII/H91.2.md,Perte auditive soudaine idiopathique,true,false,true,false,true,0,codable,OWL_ANS,emissible,1367
H91.3,VIII,VIII/H91.3.md,"Surdimutité, non classée ailleurs",false,false,true,false,true,0,codable,OWL_ANS,emissible,1467
H91.8,VIII,VIII/H91.8.md,Autres pertes précisées de l'audition,false,false,true,false,true,0,codable,OWL_ANS,emissible,1557
H91.9,VIII,VIII/H91.9.md,"Perte de l'audition, sans précision",true,false,true,false,true,0,codable,OWL_ANS,emissible,1637
H92.0,VIII,VIII/H92.0.md,Otalgie,false,false,true,false,true,0,codable,OWL_ANS,emissible,1059
H92.1,VIII,VIII/H92.1.md,Otorrhée,false,false,true,false,true,0,codable,OWL_ANS,emissible,1123
H92.2,VIII,VIII/H92.2.md,Otorragie,false,false,true,false,true,0,codable,OWL_ANS,emissible,1299
H93.0,VIII,VIII/H93.0.md,Affections vasculaires et dégénératives de l'oreille,true,false,true,false,true,0,codable,OWL_ANS,emissible,1241
H93.1,VIII,VIII/H93.1.md,Acouphènes,false,false,true,false,true,0,codable,OWL_ANS,emissible,1059
H93.2,VIII,VIII/H93.2.md,Autres perceptions auditives anormales,true,false,true,false,true,0,codable,OWL_ANS,emissible,1288
H93.3,VIII,VIII/H93.3.md,Affections du nerf auditif,true,false,true,false,true,0,codable,OWL_ANS,emissible,1146
H93.8,VIII,VIII/H93.8.md,Autres affections précisées de l'oreille,false,false,true,false,true,0,codable,OWL_ANS,emissible,1263
H93.9,VIII,VIII/H93.9.md,"Affection de l'oreille, sans précision",false,false,true,false,true,1,interdit_dp_dr,OWL_ANS,emissible,1100
H94.0,VIII,VIII/H94.0.md,Névrite acoustique au cours de maladies infectieuses et parasitaires classées ailleurs,true,false,true,false,false,0,codable,OWL_ANS,emissible,1119
H94.8,VIII,VIII/H94.8.md,Autres affections précisées de l'oreille au cours de maladies classées ailleurs,false,false,true,false,false,0,codable,OWL_ANS,emissible,1155
H95.0,VIII,VIII/H95.0.md,Cholestéatome récidivant après mastoïdectomie,false,false,true,false,true,0,codable,OWL_ANS,emissible,1094
H95.1,VIII,VIII/H95.1.md,Autres affections survenant après mastoïdectomie,true,false,true,false,true,0,codable,OWL_ANS,emissible,1273
H95.8,VIII,VIII/H95.8.md,Autres affections de l'oreille et de l'apophyse mastoïde après un acte à visée diagnostique et thérapeutique,false,false,true,false,false,0,codable,OWL_ANS,emissible,1204
H95.9,VIII,VIII/H95.9.md,"Affection de l'oreille et de l'apophyse mastoïde après un acte à visée diagnostique et thérapeutique, sans précision",false,false,true,false,false,1,interdit_dp_dr,OWL_ANS,emissible,1054
I00,IX,IX/I00.md,"Rhumatisme articulaire aigu, sans mention d'atteinte cardiaque",true,false,true,false,true,0,codable,OWL_ANS,emissible,1413
I01.0,IX,IX/I01.0.md,Péricardite rhumatismale aigüe,true,false,true,false,true,0,codable,OWL_ANS,emissible,1839
I01.1,IX,IX/I01.1.md,Endocardite rhumatismale aigüe,true,false,true,false,true,0,codable,OWL_ANS,emissible,1707
I01.2,IX,IX/I01.2.md,Myocardite rhumatismale aigüe,true,false,true,false,false,0,codable,OWL_ANS,emissible,1563
I01.8,IX,IX/I01.8.md,Autres cardiopathies rhumatismales aigües,true,false,true,false,true,0,codable,OWL_ANS,emissible,1890
I01.9,IX,IX/I01.9.md,"Cardiopathie rhumatismale aigüe, sans précision",true,false,true,false,true,0,codable,OWL_ANS,emissible,1762
I02.0,IX,IX/I02.0.md,"Chorée rhumatismale, avec atteinte cardiaque",true,false,true,false,true,0,codable,OWL_ANS,emissible,1513
I02.9,IX,IX/I02.9.md,"Chorée rhumatismale, sans atteinte cardiaque",true,false,true,false,true,0,codable,OWL_ANS,emissible,1441
I05.0,IX,IX/I05.0.md,Sténose mitrale,true,false,true,false,true,0,codable,OWL_ANS,emissible,1831
I05.1,IX,IX/I05.1.md,Insuffisance mitrale rhumatismale,true,false,true,false,true,0,codable,OWL_ANS,emissible,1862
I05.2,IX,IX/I05.2.md,Sténose mitrale avec insuffisance,true,false,true,false,true,0,codable,OWL_ANS,emissible,1664
I05.8,IX,IX/I05.8.md,Autres maladies de la valvule mitrale,true,false,true,false,true,0,codable,OWL_ANS,emissible,2031
I05.9,IX,IX/I05.9.md,"Maladie de la valvule mitrale, sans précision",true,false,true,false,true,0,codable,OWL_ANS,emissible,1906
I06.0,IX,IX/I06.0.md,Sténose aortique rhumatismale,true,false,true,false,true,0,codable,OWL_ANS,emissible,1469
I06.1,IX,IX/I06.1.md,Insuffisance aortique rhumatismale,true,false,true,false,true,0,codable,OWL_ANS,emissible,1409
I06.2,IX,IX/I06.2.md,Sténose aortique rhumatismale avec insuffisance,true,false,true,false,false,0,codable,OWL_ANS,emissible,1330
I06.8,IX,IX/I06.8.md,Autres maladies rhumatismales de la valvule aortique,false,false,true,false,false,0,codable,OWL_ANS,emissible,1413
I06.9,IX,IX/I06.9.md,"Maladie rhumatismale de la valvule aortique, sans précision",true,false,true,false,true,0,codable,OWL_ANS,emissible,1531
I07.0,IX,IX/I07.0.md,Sténose tricuspidienne,true,false,true,false,true,0,codable,OWL_ANS,emissible,1559
I07.1,IX,IX/I07.1.md,Insuffisance tricuspidienne,true,false,true,false,true,0,codable,OWL_ANS,emissible,1751
I07.2,IX,IX/I07.2.md,Sténose tricuspidienne avec insuffisance,true,false,true,false,false,0,codable,OWL_ANS,emissible,1388
I07.8,IX,IX/I07.8.md,Autres maladies de la valvule tricuspide,true,false,true,false,true,0,codable,OWL_ANS,emissible,1655
I07.9,IX,IX/I07.9.md,"Maladie de la valvule tricuspide, sans précision",true,false,true,false,true,0,codable,OWL_ANS,emissible,1773
I08.0,IX,IX/I08.0.md,Atteintes des valvules mitrale et aortique,true,false,true,false,true,0,codable,OWL_ANS,emissible,2034
I08.1,IX,IX/I08.1.md,Atteintes des valvules mitrale et tricuspide,true,false,true,false,true,0,codable,OWL_ANS,emissible,1938
I08.2,IX,IX/I08.2.md,Atteintes des valvules aortique et tricuspide,true,false,true,false,true,0,codable,OWL_ANS,emissible,1915
I08.3,IX,IX/I08.3.md,"Atteintes des valvules mitrale, aortique et tricuspide",true,false,true,false,true,0,codable,OWL_ANS,emissible,1970
I08.8,IX,IX/I08.8.md,Autres maladies valvulaires multiples,true,false,true,false,true,0,codable,OWL_ANS,emissible,1936
I08.9,IX,IX/I08.9.md,"Maladie de plusieurs valvules, sans précision",true,false,true,false,true,0,codable,OWL_ANS,emissible,1857
I09.0,IX,IX/I09.0.md,Myocardite rhumatismale,false,false,true,false,true,0,codable,OWL_ANS,emissible,1241
I09.1,IX,IX/I09.1.md,"Endocardite rhumatismale, valvule non précisée",true,false,true,false,true,0,codable,OWL_ANS,emissible,1556
I09.2,IX,IX/I09.2.md,Péricardite rhumatismale chronique,true,false,true,false,true,0,codable,OWL_ANS,emissible,1411
I09.8,IX,IX/I09.8.md,Autres cardiopathies rhumatismales précisées,true,false,true,false,true,0,codable,OWL_ANS,emissible,1682
I09.9,IX,IX/I09.9.md,"Cardiopathie rhumatismale, sans précision",true,false,true,false,true,0,codable,OWL_ANS,emissible,1587
I10,IX,IX/I10.md,Hypertension essentielle (primitive),true,false,true,false,true,0,codable,OWL_ANS,emissible,2086
I11.00,IX,IX/I11.00.md,"Cardiopathie hypertensive, avec insuffisance cardiaque (congestive), avec fraction d'éjection ventriculaire gauche [FEVG] supérieure ou égale à 50",true,false,true,false,false,0,codable,OWL_ANS,emissible,1738
I11.01,IX,IX/I11.01.md,"Cardiopathie hypertensive, avec insuffisance cardiaque (congestive), avec fraction d'éjection ventriculaire gauche [FEVG] inférieure à 50 et supérieure ou égale à 40",true,false,true,false,false,0,codable,OWL_ANS,emissible,1757
I11.02,IX,IX/I11.02.md,"Cardiopathie hypertensive, avec insuffisance cardiaque (congestive), avec fraction d'éjection ventriculaire gauche [FEVG] inférieure à 40",true,false,true,false,false,0,codable,OWL_ANS,emissible,1729
I11.09,IX,IX/I11.09.md,"Cardiopathie hypertensive, avec insuffisance cardiaque (congestive), avec fraction d'éjection ventriculaire gauche [FEVG] non précisée",true,false,true,false,false,0,codable,OWL_ANS,emissible,1726
I11.9,IX,IX/I11.9.md,"Cardiopathie hypertensive, sans insuffisance cardiaque (congestive)",true,false,true,false,true,0,codable,OWL_ANS,emissible,2095
I12.0,IX,IX/I12.0.md,"Néphropathie hypertensive, avec insuffisance rénale",true,false,true,false,true,0,codable,OWL_ANS,emissible,2499
I12.9,IX,IX/I12.9.md,"Néphropathie hypertensive, sans insuffisance rénale",true,false,true,false,true,0,codable,OWL_ANS,emissible,2557
I13.00,IX,IX/I13.00.md,"Cardionéphropathie hypertensive, avec insuffisance cardiaque (congestive), avec fraction d'éjection ventriculaire gauche [FEVG] supérieure ou égale à 50",true,false,true,false,false,0,codable,OWL_ANS,emissible,1788
I13.01,IX,IX/I13.01.md,"Cardionéphropathie hypertensive, avec insuffisance cardiaque (congestive), avec fraction d'éjection ventriculaire gauche [FEVG] inférieure à 50 et supérieure ou égale à 40",true,false,true,false,false,0,codable,OWL_ANS,emissible,1807
I13.02,IX,IX/I13.02.md,"Cardionéphropathie hypertensive, avec insuffisance cardiaque (congestive), avec fraction d'éjection ventriculaire gauche [FEVG] inférieure à 40",true,false,true,false,false,0,codable,OWL_ANS,emissible,1779
I13.09,IX,IX/I13.09.md,"Cardionéphropathie hypertensive, avec insuffisance cardiaque (congestive), avec fraction d'éjection ventriculaire gauche [FEVG] non précisée",true,false,true,false,false,0,codable,OWL_ANS,emissible,1776
I13.1,IX,IX/I13.1.md,"Cardionéphropathie hypertensive, avec insuffisance rénale",true,false,true,false,false,0,codable,OWL_ANS,emissible,1691
I13.20,IX,IX/I13.20.md,"Cardionéphropathie hypertensive, avec insuffisance cardiaque (congestive) et rénale, avec fraction d'éjection ventriculaire gauche [FEVG] supérieure ou égale à 50",true,false,true,false,false,0,codable,OWL_ANS,emissible,1798
I13.21,IX,IX/I13.21.md,"Cardionéphropathie hypertensive, avec insuffisance cardiaque (congestive) et rénale, avec fraction d'éjection ventriculaire gauche [FEVG] inférieure à 50 et supérieure ou égale à 40",true,false,true,false,false,0,codable,OWL_ANS,emissible,1817
I13.22,IX,IX/I13.22.md,"Cardionéphropathie hypertensive, avec insuffisance cardiaque (congestive) et rénale, avec fraction d'éjection ventriculaire gauche [FEVG] inférieure à 40",true,false,true,false,false,0,codable,OWL_ANS,emissible,1789
I13.29,IX,IX/I13.29.md,"Cardionéphropathie hypertensive, avec insuffisance cardiaque (congestive) et rénale, avec fraction d'éjection ventriculaire gauche [FEVG] non précisée",true,false,true,false,false,0,codable,OWL_ANS,emissible,1786
I13.9,IX,IX/I13.9.md,"Cardionéphropathie hypertensive, sans précision",true,false,true,false,true,0,codable,OWL_ANS,emissible,2080
I15.0,IX,IX/I15.0.md,Hypertension vasculorénale,false,false,true,false,true,0,codable,OWL_ANS,emissible,1865
I15.1,IX,IX/I15.1.md,Hypertension secondaire à d'autres atteintes rénales,false,false,true,false,true,0,codable,OWL_ANS,emissible,1641
I15.2,IX,IX/I15.2.md,Hypertension secondaire à des atteintes endocriniennes,false,false,true,false,true,0,codable,OWL_ANS,emissible,1928
I15.8,IX,IX/I15.8.md,Autres hypertensions secondaires,false,false,true,false,true,0,codable,OWL_ANS,emissible,2144
I15.9,IX,IX/I15.9.md,"Hypertension secondaire, sans précision",false,false,true,false,true,0,codable,OWL_ANS,emissible,1708
I20.0,IX,IX/I20.0.md,Angine de poitrine instable,true,false,true,false,true,0,codable,OWL_ANS,emissible,2050
I20.1,IX,IX/I20.1.md,Angine de poitrine avec spasme coronaire vérifié,true,false,true,false,true,0,codable,OWL_ANS,emissible,2133
I20.8,IX,IX/I20.8.md,Autres formes d'angine de poitrine,true,false,true,false,true,0,codable,OWL_ANS,emissible,2008
I20.9,IX,IX/I20.9.md,"Angine de poitrine, sans précision",true,false,true,false,true,0,codable,OWL_ANS,emissible,2015
I21.00,IX,IX/I21.00.md,"Infarctus transmural aigu du myocarde, de la paroi antérieure - "" Prise en charge initiale """,true,false,true,false,false,0,codable,OWL_ANS,emissible,2180
I21.000,IX,IX/I21.000.md,"Infarctus transmural aigu du myocarde, de la paroi antérieure - "" Prise en charge initiale, infarctus de 24 heures ou moins """,true,false,true,true,false,0,codable,OWL_ANS,emissible,2933
I21.08,IX,IX/I21.08.md,"Infarctus transmural aigu du myocarde, de la paroi antérieure - "" Autres prises en charge """,true,false,true,true,false,0,codable,OWL_ANS,emissible,3572
I21.10,IX,IX/I21.10.md,"Infarctus transmural aigu du myocarde, de la paroi inférieure - "" Prise en charge initiale """,true,false,true,false,false,0,codable,OWL_ANS,emissible,2199
I21.100,IX,IX/I21.100.md,"Infarctus transmural aigu du myocarde, de la paroi inférieure - "" Prise en charge initiale, infarctus de 24 heures ou moins """,true,false,true,true,false,0,codable,OWL_ANS,emissible,2952
I21.18,IX,IX/I21.18.md,"Infarctus transmural aigu du myocarde, de la paroi inférieure - "" Autres prises en charge """,true,false,true,true,false,0,codable,OWL_ANS,emissible,3591
I21.20,IX,IX/I21.20.md,"Infarctus transmural aigu du myocarde d'autres localisations - "" Prise en charge initiale """,true,false,true,false,false,0,codable,OWL_ANS,emissible,2261
I21.200,IX,IX/I21.200.md,"Infarctus transmural aigu du myocarde d'autres localisations - "" Prise en charge initiale, infarctus de 24 heures ou moins """,true,false,true,true,false,0,codable,OWL_ANS,emissible,3014
I21.28,IX,IX/I21.28.md,"Infarctus transmural aigu du myocarde d'autres localisations - "" Autres prises en charge """,true,false,true,true,false,0,codable,OWL_ANS,emissible,3653
I21.30,IX,IX/I21.30.md,"Infarctus transmural aigu du myocarde, de localisation non précisée - "" Prise en charge initiale """,true,false,true,false,false,0,codable,OWL_ANS,emissible,2119
I21.300,IX,IX/I21.300.md,"Infarctus transmural aigu du myocarde, de localisation non précisée - "" Prise en charge initiale, infarctus de 24 heures ou moins """,true,false,true,true,false,0,codable,OWL_ANS,emissible,2872
I21.38,IX,IX/I21.38.md,"Infarctus transmural aigu du myocarde, de localisation non précisée - "" Autres prises en charge """,true,false,true,true,false,0,codable,OWL_ANS,emissible,3511
I21.40,IX,IX/I21.40.md,"Infarctus sousendocardique aigu du myocarde - "" Prise en charge initiale """,true,false,true,false,false,0,codable,OWL_ANS,emissible,2153
I21.400,IX,IX/I21.400.md,"Infarctus sousendocardique aigu du myocarde - "" Prise en charge initiale, infarctus de 24 heures ou moins """,true,false,true,true,false,0,codable,OWL_ANS,emissible,2906
I21.48,IX,IX/I21.48.md,"Infarctus sousendocardique aigu du myocarde - "" Autres prises en charge """,true,false,true,true,false,0,codable,OWL_ANS,emissible,3545
I21.90,IX,IX/I21.90.md,"Infarctus aigu du myocarde, sans précision - "" Prise en charge initiale """,true,false,true,false,true,0,codable,OWL_ANS,emissible,2427
I21.900,IX,IX/I21.900.md,"Infarctus aigu du myocarde, sans précision - "" Prise en charge initiale, infarctus de 24 heures ou moins """,true,false,true,true,false,0,codable,OWL_ANS,emissible,2843
I21.98,IX,IX/I21.98.md,"Infarctus aigu du myocarde, sans précision - "" Autres prises en charge """,true,false,true,true,true,0,codable,OWL_ANS,emissible,3546
I22.00,IX,IX/I22.00.md,"Infarctus du myocarde à répétition, de la paroi antérieure - "" Prise en charge initiale """,true,false,true,false,false,0,codable,OWL_ANS,emissible,1976
I22.000,IX,IX/I22.000.md,"Infarctus du myocarde à répétition, de la paroi antérieure - "" Prise en charge initiale, infarctus de 24 heures ou moins """,true,false,true,false,false,0,codable,OWL_ANS,emissible,2011
I22.08,IX,IX/I22.08.md,"Infarctus du myocarde à répétition, de la paroi antérieure - "" Autres prises en charge """,true,false,true,true,false,0,codable,OWL_ANS,emissible,2713
I22.10,IX,IX/I22.10.md,"Infarctus du myocarde à répétition, de la paroi inférieure - "" Prise en charge initiale """,true,false,true,false,false,0,codable,OWL_ANS,emissible,1995
I22.100,IX,IX/I22.100.md,"Infarctus du myocarde à répétition, de la paroi inférieure - "" Prise en charge initiale, infarctus de 24 heures ou moins """,true,false,true,false,false,0,codable,OWL_ANS,emissible,2030
I22.18,IX,IX/I22.18.md,"Infarctus du myocarde à répétition, de la paroi inférieure - "" Autres prises en charge """,true,false,true,true,false,0,codable,OWL_ANS,emissible,2732
I22.80,IX,IX/I22.80.md,"Infarctus du myocarde à répétition, d'autres localisations - "" Prise en charge initiale """,true,false,true,false,false,0,codable,OWL_ANS,emissible,2077
I22.800,IX,IX/I22.800.md,"Infarctus du myocarde à répétition, d'autres localisations - "" Prise en charge initiale, infarctus de 24 heures ou moins """,true,false,true,false,false,0,codable,OWL_ANS,emissible,2112
I22.88,IX,IX/I22.88.md,"Infarctus du myocarde à répétition, d'autres localisations - "" Autres prises en charge """,true,false,true,true,false,0,codable,OWL_ANS,emissible,2814
I22.90,IX,IX/I22.90.md,"Infarctus du myocarde à répétition, de localisation non précisée - "" Prise en charge initiale """,true,false,true,false,false,0,codable,OWL_ANS,emissible,1878
I22.900,IX,IX/I22.900.md,"Infarctus du myocarde à répétition, de localisation non précisée - "" Prise en charge initiale, infarctus de 24 heures ou moins """,true,false,true,false,false,0,codable,OWL_ANS,emissible,1913
I22.98,IX,IX/I22.98.md,"Infarctus du myocarde à répétition, de localisation non précisée - "" Autres prises en charge """,true,false,true,true,false,0,codable,OWL_ANS,emissible,2615
I23.0,IX,IX/I23.0.md,Hémopéricarde comme complication récente d'un infarctus aigu du myocarde,true,false,true,false,true,0,codable,OWL_ANS,emissible,1947
I23.1,IX,IX/I23.1.md,Communication interauriculaire comme complication récente d'un infarctus aigu du myocarde,true,false,true,false,true,0,codable,OWL_ANS,emissible,1968
I23.2,IX,IX/I23.2.md,Communication interventriculaire comme complication récente d'un infarctus aigu du myocarde,true,false,true,false,true,0,codable,OWL_ANS,emissible,2027
I23.3,IX,IX/I23.3.md,Rupture de la paroi cardiaque sans hémopéricarde comme complication récente d'un infarctus aigu du myocarde,true,false,true,false,true,0,codable,OWL_ANS,emissible,2208
I23.4,IX,IX/I23.4.md,Rupture des cordages tendineux comme complication récente d'un infarctus aigu du myocarde,true,false,true,false,true,0,codable,OWL_ANS,emissible,1898
I23.5,IX,IX/I23.5.md,Rupture du muscle papillaire comme complication récente d'un infarctus aigu du myocarde,true,false,true,false,true,0,codable,OWL_ANS,emissible,1909
I23.6,IX,IX/I23.6.md,"Thrombose de l'oreillette, de l'auricule et du ventricule comme complication récente d'un infarctus aigu du myocarde",true,false,true,false,true,0,codable,OWL_ANS,emissible,2038
I23.8,IX,IX/I23.8.md,Autres complications récentes d'un infarctus aigu du myocarde,true,false,true,false,true,0,codable,OWL_ANS,emissible,2802
I24.0,IX,IX/I24.0.md,Thrombose coronaire n'entraînant pas un infarctus du myocarde,true,false,true,false,true,0,codable,OWL_ANS,emissible,2232
I24.1,IX,IX/I24.1.md,Syndrome de Dressler,true,false,true,false,true,0,codable,OWL_ANS,emissible,1755
I24.8,IX,IX/I24.8.md,Autres formes de cardiopathies ischémiques aigües,true,false,true,false,true,0,codable,OWL_ANS,emissible,2262
I24.9,IX,IX/I24.9.md,"Cardiopathie ischémique aigüe, sans précision",true,false,true,false,true,0,codable,OWL_ANS,emissible,2042
I25.0,IX,IX/I25.0.md,"Athérosclérose cardiovasculaire, décrite ainsi",true,false,true,false,true,0,codable,OWL_ANS,emissible,1881
I25.1,IX,IX/I25.1.md,Cardiopathie artérioscléreuse,true,false,true,false,true,0,codable,OWL_ANS,emissible,2334
I25.2,IX,IX/I25.2.md,"Infarctus du myocarde, ancien",true,false,true,false,true,0,codable,OWL_ANS,emissible,1875
I25.3,IX,IX/I25.3.md,Anévrisme du cœur,true,false,true,false,true,0,codable,OWL_ANS,emissible,1978
I25.4,IX,IX/I25.4.md,Anévrisme et dissection d'une artère coronaire,true,false,true,false,true,0,codable,OWL_ANS,emissible,2127
I25.5,IX,IX/I25.5.md,Myocardiopathie ischémique,true,false,true,false,true,0,codable,OWL_ANS,emissible,2033
I25.6,IX,IX/I25.6.md,Ischémie myocardique asymptomatique,true,false,true,false,false,0,codable,OWL_ANS,emissible,1606
I25.8,IX,IX/I25.8.md,Autres formes de cardiopathie ischémique chronique,true,false,true,false,true,0,codable,OWL_ANS,emissible,2531
I25.9,IX,IX/I25.9.md,"Cardiopathie ischémique chronique, sans précision",true,false,true,false,true,0,codable,OWL_ANS,emissible,2207
I26.0,IX,IX/I26.0.md,"Embolie pulmonaire, avec mention de cœur pulmonaire aigu",true,false,true,false,true,0,codable,OWL_ANS,emissible,2113
I26.9,IX,IX/I26.9.md,"Embolie pulmonaire, sans mention de cœur pulmonaire aigu",true,false,true,false,true,0,codable,OWL_ANS,emissible,2149
I27.0,IX,IX/I27.0.md,Hypertension pulmonaire primitive,true,false,true,false,true,0,codable,OWL_ANS,emissible,1673
I27.1,IX,IX/I27.1.md,Cardiopathie due à cyphoscoliose,false,false,true,false,true,0,codable,OWL_ANS,emissible,1195
I27.2,IX,IX/I27.2.md,Autres hypertensions pulmonaires secondaires,false,false,true,false,true,0,codable,OWL_ANS,emissible,1466
I27.8,IX,IX/I27.8.md,Autres affections cardiopulmonaires précisées,false,false,true,false,true,0,codable,OWL_ANS,emissible,1819
I27.9,IX,IX/I27.9.md,"Affection cardiopulmonaire, sans précision",true,false,true,false,true,0,codable,OWL_ANS,emissible,1636
I28.0,IX,IX/I28.0.md,Fistule artérioveineuse des vaisseaux pulmonaires,false,false,true,false,true,0,codable,OWL_ANS,emissible,1573
I28.1,IX,IX/I28.1.md,Anévrisme de l'artère pulmonaire,false,false,true,false,true,0,codable,OWL_ANS,emissible,1403
I28.8,IX,IX/I28.8.md,Autres maladies précisées des vaisseaux pulmonaires,true,false,true,false,true,0,codable,OWL_ANS,emissible,1770
I28.9,IX,IX/I28.9.md,"Maladie des vaisseaux pulmonaires, sans précision",false,false,true,false,true,1,interdit_dp_dr,OWL_ANS,emissible,1344
I30.0,IX,IX/I30.0.md,Péricardite idiopathique aigüe non spécifique,true,false,true,false,true,0,codable,OWL_ANS,emissible,1377
I30.1,IX,IX/I30.1.md,Péricardite infectieuse,true,false,true,false,true,0,codable,OWL_ANS,emissible,2096
I30.8,IX,IX/I30.8.md,Autres formes de péricardite aigüe,true,false,true,false,true,0,codable,OWL_ANS,emissible,1538
I30.9,IX,IX/I30.9.md,"Péricardite aigüe, sans précision",true,false,true,false,true,0,codable,OWL_ANS,emissible,1549
I31.0,IX,IX/I31.0.md,Péricardite adhésive chronique,true,false,true,false,true,0,codable,OWL_ANS,emissible,1594
I31.1,IX,IX/I31.1.md,Péricardite constrictive chronique,true,false,true,false,true,0,codable,OWL_ANS,emissible,1800
I31.2,IX,IX/I31.2.md,"Hémopéricarde, non classé ailleurs",false,false,true,false,true,0,codable,OWL_ANS,emissible,1703
I31.3,IX,IX/I31.3.md,Épanchement péricardique (non inflammatoire),true,false,true,false,true,0,codable,OWL_ANS,emissible,1754
I31.8,IX,IX/I31.8.md,Autres maladies précisées du péricarde,true,false,true,false,true,0,codable,OWL_ANS,emissible,1911
I31.9,IX,IX/I31.9.md,"Maladie du péricarde, sans précision",true,false,true,false,true,0,codable,OWL_ANS,emissible,1724
I32.0,IX,IX/I32.0.md,Péricardite au cours de maladies bactériennes classées ailleurs,true,false,true,false,false,0,codable,OWL_ANS,emissible,1276
I32.1,IX,IX/I32.1.md,Péricardite au cours d'autres maladies infectieuses et parasitaires classées ailleurs,true,false,true,false,false,0,codable,OWL_ANS,emissible,1220
I32.8,IX,IX/I32.8.md,Péricardite au cours d'autres maladies classées ailleurs,true,false,true,false,true,0,codable,OWL_ANS,emissible,1614
I33.0,IX,IX/I33.0.md,Endocardite infectieuse aigüe et subaigüe,true,false,true,true,true,0,codable,OWL_ANS,emissible,3368
I33.9,IX,IX/I33.9.md,"Endocardite aigüe, sans précision",true,false,true,false,true,0,codable,OWL_ANS,emissible,1672
I34.0,IX,IX/I34.0.md,Insuffisance (de la valvule) mitrale,true,false,true,false,true,0,codable,OWL_ANS,emissible,2084
I34.1,IX,IX/I34.1.md,Prolapsus (de la valvule) mitral(e),true,false,true,false,true,0,codable,OWL_ANS,emissible,1942
I34.2,IX,IX/I34.2.md,Sténose non rhumatismale (de la valvule) mitrale,false,false,true,false,true,0,codable,OWL_ANS,emissible,1614
I34.8,IX,IX/I34.8.md,Autres atteintes non rhumatismales de la valvule mitrale,false,false,true,false,true,0,codable,OWL_ANS,emissible,2047
I34.9,IX,IX/I34.9.md,"Atteinte non rhumatismale de la valvule mitrale, sans précision",false,false,true,false,true,0,codable,OWL_ANS,emissible,1781
I35.0,IX,IX/I35.0.md,Sténose (de la valvule) aortique,false,false,true,false,true,0,codable,OWL_ANS,emissible,1697
I35.1,IX,IX/I35.1.md,Insuffisance (de la valvule) aortique,true,false,true,false,true,0,codable,OWL_ANS,emissible,1904
I35.2,IX,IX/I35.2.md,Sténose (de la valvule) aortique avec insuffisance,false,false,true,false,true,0,codable,OWL_ANS,emissible,1454
I35.8,IX,IX/I35.8.md,Autres atteintes de la valvule aortique,false,false,true,false,true,0,codable,OWL_ANS,emissible,1819
I35.9,IX,IX/I35.9.md,"Atteinte de la valvule aortique, sans précision",false,false,true,false,true,0,codable,OWL_ANS,emissible,1725
I36.0,IX,IX/I36.0.md,Sténose non rhumatismale (de la valvule) tricuspide,false,false,true,false,false,0,codable,OWL_ANS,emissible,1286
I36.1,IX,IX/I36.1.md,Insuffisance non rhumatismale (de la valvule) tricuspide,true,false,true,false,true,0,codable,OWL_ANS,emissible,1574
I36.2,IX,IX/I36.2.md,Sténose non rhumatismale (de la valvule) tricuspide avec insuffisance,false,false,true,false,false,0,codable,OWL_ANS,emissible,1304
I36.8,IX,IX/I36.8.md,Autres atteintes non rhumatismales de la valvule tricuspide,false,false,true,false,true,0,codable,OWL_ANS,emissible,1642
I36.9,IX,IX/I36.9.md,"Atteinte non rhumatismale de la valvule tricuspide, sans précision",false,false,true,false,true,0,codable,OWL_ANS,emissible,1417
I37.0,IX,IX/I37.0.md,Sténose de la valvule pulmonaire,false,false,true,false,true,0,codable,OWL_ANS,emissible,1388
I37.1,IX,IX/I37.1.md,Insuffisance de la valvule pulmonaire,true,false,true,false,true,0,codable,OWL_ANS,emissible,1524
I37.2,IX,IX/I37.2.md,Sténose de la valvule pulmonaire avec insuffisance,false,false,true,false,false,0,codable,OWL_ANS,emissible,1257
I37.8,IX,IX/I37.8.md,Autres atteintes de la valvule pulmonaire,false,false,true,false,true,0,codable,OWL_ANS,emissible,1522
I37.9,IX,IX/I37.9.md,"Atteinte de la valvule pulmonaire, sans précision",false,false,true,false,true,0,codable,OWL_ANS,emissible,1442
I38,IX,IX/I38.md,"Endocardite, valvule non précisée",true,false,true,false,true,0,codable,OWL_ANS,emissible,2200
I39.0,IX,IX/I39.0.md,Atteintes de la valvule mitrale au cours de maladies classées ailleurs,true,false,true,false,false,0,codable,OWL_ANS,emissible,1929
I39.1,IX,IX/I39.1.md,Atteintes de la valvule aortique au cours de maladies classées ailleurs,true,false,true,false,false,0,codable,OWL_ANS,emissible,1930
I39.2,IX,IX/I39.2.md,Atteintes de la valvule tricuspide au cours de maladies classées ailleurs,true,false,true,false,false,0,codable,OWL_ANS,emissible,1932
I39.3,IX,IX/I39.3.md,Atteintes de la valvule pulmonaire au cours de maladies classées ailleurs,true,false,true,false,false,0,codable,OWL_ANS,emissible,1932
I39.4,IX,IX/I39.4.md,Atteintes valvulaires multiples au cours de maladies classées ailleurs,true,false,true,false,false,0,codable,OWL_ANS,emissible,1929
I39.8,IX,IX/I39.8.md,"Endocardite, valvule non précisée, au cours de maladies classées ailleurs",true,false,true,false,true,0,codable,OWL_ANS,emissible,2507
I40.0,IX,IX/I40.0.md,Myocardite infectieuse,true,false,true,false,true,0,codable,OWL_ANS,emissible,1547
I40.1,IX,IX/I40.1.md,Myocardite isolée,false,false,true,false,true,0,codable,OWL_ANS,emissible,1198
I40.8,IX,IX/I40.8.md,Autres myocardites aigües,false,false,true,false,true,0,codable,OWL_ANS,emissible,1340
I40.9,IX,IX/I40.9.md,"Myocardite aigüe, sans précision",false,false,true,false,true,0,codable,OWL_ANS,emissible,1246
I41.0,IX,IX/I41.0.md,Myocardite au cours de maladies bactériennes classées ailleurs,true,false,true,false,false,0,codable,OWL_ANS,emissible,1296
I41.1,IX,IX/I41.1.md,Myocardite au cours de maladies virales classées ailleurs,true,false,true,false,false,0,codable,OWL_ANS,emissible,1284
I41.2,IX,IX/I41.2.md,Myocardite au cours d'autres maladies infectieuses et parasitaires classées ailleurs,true,false,true,false,false,0,codable,OWL_ANS,emissible,1340
I41.8,IX,IX/I41.8.md,Myocardite au cours d'autres maladies classées ailleurs,true,false,true,false,true,0,codable,OWL_ANS,emissible,1623
I42.0,IX,IX/I42.0.md,Myocardiopathie avec dilatation,true,false,true,false,true,0,codable,OWL_ANS,emissible,1417
I42.1,IX,IX/I42.1.md,Myocardiopathie obstructive hypertrophique,true,false,true,false,false,0,codable,OWL_ANS,emissible,1355
I42.2,IX,IX/I42.2.md,Autres myocardiopathies hypertrophiques,true,false,true,false,true,0,codable,OWL_ANS,emissible,1486
I42.3,IX,IX/I42.3.md,Maladie endomyocardique (éosinophilique),true,false,true,false,true,0,codable,OWL_ANS,emissible,1619
I42.4,IX,IX/I42.4.md,Fibroélastose endocardique,true,false,true,false,true,0,codable,OWL_ANS,emissible,1871
I42.5,IX,IX/I42.5.md,Autres myocardiopathies restrictives,true,false,true,false,false,0,codable,OWL_ANS,emissible,1347
I42.6,IX,IX/I42.6.md,Myocardiopathie alcoolique,false,false,true,false,true,0,codable,OWL_ANS,emissible,1565
I42.7,IX,IX/I42.7.md,Myocardiopathie due à des médicaments et d'autres causes externes,false,false,true,false,true,0,codable,OWL_ANS,emissible,1691
I42.8,IX,IX/I42.8.md,Autres myocardiopathies,false,false,true,false,true,0,codable,OWL_ANS,emissible,1963
I42.9,IX,IX/I42.9.md,"Myocardiopathie, sans précision",true,false,true,false,true,0,codable,OWL_ANS,emissible,1410
I43.0,IX,IX/I43.0.md,Myocardiopathie au cours de maladies infectieuses et parasitaires classées ailleurs,true,false,true,false,true,0,codable,OWL_ANS,emissible,1298
I43.1,IX,IX/I43.1.md,Myocardiopathie au cours de maladies métaboliques,true,false,true,false,true,0,codable,OWL_ANS,emissible,1268
I43.2,IX,IX/I43.2.md,Myocardiopathie au cours de maladies nutritionnelles,true,false,true,false,false,0,codable,OWL_ANS,emissible,1187
I43.8,IX,IX/I43.8.md,Myocardiopathie au cours d'autres maladies classées ailleurs,true,false,true,false,true,0,codable,OWL_ANS,emissible,1717
I44.0,IX,IX/I44.0.md,Bloc auriculoventriculaire du premier degré,false,false,true,false,true,0,codable,OWL_ANS,emissible,1275
I44.1,IX,IX/I44.1.md,Bloc auriculoventriculaire du second degré,true,false,true,false,true,0,codable,OWL_ANS,emissible,1628
I44.2,IX,IX/I44.2.md,Bloc auriculoventriculaire complet,true,false,true,false,true,0,codable,OWL_ANS,emissible,1563
I44.3,IX,IX/I44.3.md,"Blocs auriculoventriculaires, autres et sans précision",true,false,true,false,true,0,codable,OWL_ANS,emissible,1553
I44.4,IX,IX/I44.4.md,Bloc fasciculaire antérieur gauche,false,false,true,false,true,0,codable,OWL_ANS,emissible,1216
I44.5,IX,IX/I44.5.md,Bloc fasciculaire postérieur gauche,false,false,true,false,true,0,codable,OWL_ANS,emissible,1132
I44.6,IX,IX/I44.6.md,"Blocs fasciculaires, autres et sans précision",true,false,true,false,true,0,codable,OWL_ANS,emissible,1300
I44.7,IX,IX/I44.7.md,"Bloc de branche gauche, sans précision",false,false,true,false,true,0,codable,OWL_ANS,emissible,1316
I45.0,IX,IX/I45.0.md,Bloc fasciculaire droit,false,false,true,false,true,0,codable,OWL_ANS,emissible,1127
I45.1,IX,IX/I45.1.md,"Blocs de branche droit, autres et sans précision",true,false,true,false,true,0,codable,OWL_ANS,emissible,1421
I45.2,IX,IX/I45.2.md,Bloc bifasciculaire,false,false,true,false,true,0,codable,OWL_ANS,emissible,1234
I45.3,IX,IX/I45.3.md,Bloc trifasciculaire,false,false,true,false,true,0,codable,OWL_ANS,emissible,1321
I45.4,IX,IX/I45.4.md,Bloc ventriculaire non spécifique,true,false,true,false,true,0,codable,OWL_ANS,emissible,1571
I45.5,IX,IX/I45.5.md,Autre bloc cardiaque précisé,true,false,true,false,true,0,codable,OWL_ANS,emissible,1601
I45.6,IX,IX/I45.6.md,Syndrome de préexcitation,true,false,true,false,true,0,codable,OWL_ANS,emissible,1841
I45.8,IX,IX/I45.8.md,Autres troubles précisés de la conduction,true,false,true,false,true,0,codable,OWL_ANS,emissible,2019
I45.9,IX,IX/I45.9.md,"Trouble de la conduction, sans précision",true,false,true,false,true,0,codable,OWL_ANS,emissible,1584
I46.0,IX,IX/I46.0.md,Arrêt cardiaque réanimé avec succès,false,false,true,false,true,0,codable,OWL_ANS,emissible,1765
I46.1,IX,IX/I46.1.md,"Mort cardiaque subite, décrite ainsi",false,false,true,false,true,0,codable,OWL_ANS,emissible,1849
I46.9,IX,IX/I46.9.md,"Arrêt cardiaque, sans précision",false,false,true,false,true,0,codable,OWL_ANS,emissible,1689
I47.0,IX,IX/I47.0.md,Arythmie ventriculaire de réentrée,false,false,true,false,true,0,codable,OWL_ANS,emissible,1482
I47.1,IX,IX/I47.1.md,Tachycardie supraventriculaire,true,false,true,false,true,0,codable,OWL_ANS,emissible,2087
I47.2,IX,IX/I47.2.md,Tachycardie ventriculaire,false,false,true,false,true,0,codable,OWL_ANS,emissible,1750
I47.9,IX,IX/I47.9.md,"Tachycardie paroxystique, sans précision",true,false,true,false,true,0,codable,OWL_ANS,emissible,1826
I48.0,IX,IX/I48.0.md,Fibrillation auriculaire paroxystique,false,false,true,true,true,0,codable,OWL_ANS,emissible,1690
I48.1,IX,IX/I48.1.md,Fibrillation auriculaire persistante,false,false,true,true,true,0,codable,OWL_ANS,emissible,1507
I48.2,IX,IX/I48.2.md,Fibrillation auriculaire chronique [permanente],false,false,true,true,true,0,codable,OWL_ANS,emissible,1697
I48.3,IX,IX/I48.3.md,Flutter auriculaire typique,true,false,true,true,false,0,codable,OWL_ANS,emissible,1451
I48.4,IX,IX/I48.4.md,Flutter auriculaire atypique,true,false,true,true,false,0,codable,OWL_ANS,emissible,1453
I48.9,IX,IX/I48.9.md,"Fibrillation et flutter auriculaires, sans précision",false,false,true,true,true,0,codable,OWL_ANS,emissible,1653
I49.0,IX,IX/I49.0.md,Fibrillation et flutter ventriculaires,false,false,true,false,true,0,codable,OWL_ANS,emissible,1904
I49.1,IX,IX/I49.1.md,Dépolarisation auriculaire prématurée,true,false,true,false,true,0,codable,OWL_ANS,emissible,1844
I49.2,IX,IX/I49.2.md,Dépolarisation jonctionnelle prématurée,false,false,true,false,true,0,codable,OWL_ANS,emissible,1560
I49.3,IX,IX/I49.3.md,Dépolarisation ventriculaire prématurée,false,false,true,false,true,0,codable,OWL_ANS,emissible,1877
I49.4,IX,IX/I49.4.md,"Dépolarisations prématurées, autres et sans précision",true,false,true,false,true,0,codable,OWL_ANS,emissible,2167
I49.5,IX,IX/I49.5.md,Syndrome de dysfonctionnement sinusal,true,false,true,false,true,0,codable,OWL_ANS,emissible,1997
I49.8,IX,IX/I49.8.md,Autres arythmies cardiaques précisées,true,false,true,false,true,0,codable,OWL_ANS,emissible,2600
I49.9,IX,IX/I49.9.md,"Arythmie cardiaque, sans précision",true,false,true,false,true,0,codable,OWL_ANS,emissible,1943
I50.00,IX,IX/I50.00.md,"Insuffisance cardiaque congestive, avec fraction d'éjection ventriculaire gauche [FEVG] supérieure ou égale à 50",true,false,true,false,true,0,codable,OWL_ANS,emissible,2164
I50.01,IX,IX/I50.01.md,"Insuffisance cardiaque congestive, avec fraction d'éjection ventriculaire gauche [FEVG] inférieure à 50 et supérieure ou égale à 40",true,false,true,false,false,0,codable,OWL_ANS,emissible,1810
I50.02,IX,IX/I50.02.md,"Insuffisance cardiaque congestive, avec fraction d'éjection ventriculaire gauche [FEVG] inférieure à 40",true,false,true,false,false,0,codable,OWL_ANS,emissible,1782
I50.09,IX,IX/I50.09.md,"Insuffisance cardiaque congestive, avec fraction d'éjection ventriculaire gauche [FEVG] non précisée",true,false,true,false,true,0,codable,OWL_ANS,emissible,2155
I50.10,IX,IX/I50.10.md,"Insuffisance ventriculaire gauche, avec fraction d'éjection ventriculaire gauche [FEVG] supérieure ou égale à 50",true,false,true,true,false,0,codable,OWL_ANS,emissible,2378
I50.11,IX,IX/I50.11.md,"Insuffisance ventriculaire gauche, avec fraction d'éjection ventriculaire gauche [FEVG] inférieure à 50 et supérieure ou égale à 40",true,false,true,true,false,0,codable,OWL_ANS,emissible,2397
I50.12,IX,IX/I50.12.md,"Insuffisance ventriculaire gauche, avec fraction d'éjection ventriculaire gauche [FEVG] inférieure à 40",true,false,true,true,false,0,codable,OWL_ANS,emissible,2369
I50.19,IX,IX/I50.19.md,"Insuffisance ventriculaire gauche, avec fraction d'éjection ventriculaire gauche [FEVG] non précisée",true,false,true,true,false,0,codable,OWL_ANS,emissible,2366
I50.9,IX,IX/I50.9.md,"Insuffisance cardiaque, sans précision",true,false,true,false,true,0,codable,OWL_ANS,emissible,1977
I51.0,IX,IX/I51.0.md,"Anomalie d'un septum cardiaque, acquise",true,false,true,false,true,0,codable,OWL_ANS,emissible,1791
I51.1,IX,IX/I51.1.md,"Rupture des cordages tendineux, non classée ailleurs",false,false,true,false,true,0,codable,OWL_ANS,emissible,1689
I51.2,IX,IX/I51.2.md,"Rupture du muscle papillaire, non classée ailleurs",false,false,true,false,true,0,codable,OWL_ANS,emissible,1511
I51.3,IX,IX/I51.3.md,"Thrombose intracardiaque, non classée ailleurs",true,false,true,false,true,0,codable,OWL_ANS,emissible,1894
I51.4,IX,IX/I51.4.md,"Myocardite, sans précision",true,false,true,false,true,0,codable,OWL_ANS,emissible,1522
I51.5,IX,IX/I51.5.md,Dégénérescence du myocarde,true,false,true,false,true,0,codable,OWL_ANS,emissible,1576
I51.6,IX,IX/I51.6.md,"Maladie cardiovasculaire, sans précision",true,false,true,false,true,1,interdit_dp_dr,OWL_ANS,emissible,1922
I51.7,IX,IX/I51.7.md,Cardiomégalie,true,false,true,false,true,0,codable,OWL_ANS,emissible,1805
I51.8,IX,IX/I51.8.md,Autres cardiopathies mal définies,true,false,true,false,true,0,codable,OWL_ANS,emissible,2251
I51.9,IX,IX/I51.9.md,"Cardiopathie, sans précision",false,false,true,false,true,1,interdit_dp_dr,OWL_ANS,emissible,1611
I52.0,IX,IX/I52.0.md,Autres cardiopathies au cours de maladies bactériennes classées ailleurs,true,false,true,false,false,0,codable,OWL_ANS,emissible,1350
I52.1,IX,IX/I52.1.md,Autres cardiopathies au cours d'autres maladies infectieuses et parasitaires classées ailleurs,true,false,true,false,false,0,codable,OWL_ANS,emissible,1398
I52.8,IX,IX/I52.8.md,Autres cardiopathies au cours d'autres maladies classées ailleurs,true,false,true,false,false,0,codable,OWL_ANS,emissible,1567
I60.0,IX,IX/I60.0.md,Hémorragie sousarachnoïdienne de la bifurcation et du siphon carotidien,true,false,true,true,false,0,codable,OWL_ANS,emissible,2900
I60.1,IX,IX/I60.1.md,Hémorragie sousarachnoïdienne de l'artère cérébrale moyenne,true,false,true,true,true,0,codable,OWL_ANS,emissible,3275
I60.2,IX,IX/I60.2.md,Hémorragie sousarachnoïdienne de l'artère communicante antérieure,true,false,true,true,true,0,codable,OWL_ANS,emissible,3377
I60.3,IX,IX/I60.3.md,Hémorragie sousarachnoïdienne de l'artère communicante postérieure,true,false,true,true,true,0,codable,OWL_ANS,emissible,3167
I60.4,IX,IX/I60.4.md,Hémorragie sousarachnoïdienne de l'artère basilaire,true,false,true,true,true,0,codable,OWL_ANS,emissible,3300
I60.5,IX,IX/I60.5.md,Hémorragie sousarachnoïdienne de l'artère vertébrale,true,false,true,true,true,0,codable,OWL_ANS,emissible,2962
I60.6,IX,IX/I60.6.md,Hémorragie sousarachnoïdienne d'autres artères intracrâniennes,true,false,true,true,false,0,codable,OWL_ANS,emissible,2960
I60.7,IX,IX/I60.7.md,"Hémorragie sousarachnoïdienne d'une artère intracrânienne, sans précision",true,false,true,true,false,0,codable,OWL_ANS,emissible,3092
I60.8,IX,IX/I60.8.md,Autres hémorragies sousarachnoïdiennes,true,false,true,true,false,0,codable,OWL_ANS,emissible,3609
I60.9,IX,IX/I60.9.md,"Hémorragie sousarachnoïdienne, sans précision",true,false,true,true,true,0,codable,OWL_ANS,emissible,3019
I61.0,IX,IX/I61.0.md,"Hémorragie intracérébrale hémisphérique, souscorticale",true,false,true,true,true,0,codable,OWL_ANS,emissible,3024
I61.1,IX,IX/I61.1.md,"Hémorragie intracérébrale hémisphérique, corticale",true,false,true,true,true,0,codable,OWL_ANS,emissible,2994
I61.2,IX,IX/I61.2.md,"Hémorragie intracérébrale hémisphérique, non précisée",true,false,true,true,false,0,codable,OWL_ANS,emissible,2804
I61.3,IX,IX/I61.3.md,Hémorragie intracérébrale du tronc cérébral,true,false,true,true,true,0,codable,OWL_ANS,emissible,2881
I61.4,IX,IX/I61.4.md,Hémorragie intracérébrale cérébelleuse,true,false,true,true,true,0,codable,OWL_ANS,emissible,2880
I61.5,IX,IX/I61.5.md,Hémorragie intracérébrale intraventriculaire,true,false,true,true,true,0,codable,OWL_ANS,emissible,2943
I61.6,IX,IX/I61.6.md,"Hémorragie intracérébrale, localisations multiples",true,false,true,true,true,0,codable,OWL_ANS,emissible,3167
I61.8,IX,IX/I61.8.md,Autres hémorragies intracérébrales,true,false,true,true,true,0,codable,OWL_ANS,emissible,3355
I61.9,IX,IX/I61.9.md,"Hémorragie intracérébrale, sans précision",true,false,true,true,true,0,codable,OWL_ANS,emissible,2831
I62.0,IX,IX/I62.0.md,Hémorragie sousdurale non traumatique,true,false,true,true,true,0,codable,OWL_ANS,emissible,3259
I62.1,IX,IX/I62.1.md,Hémorragie extradurale non traumatique,true,false,true,true,true,0,codable,OWL_ANS,emissible,3198
I62.9,IX,IX/I62.9.md,"Hémorragie intracrânienne (non traumatique), sans précision",true,false,true,true,true,0,codable,OWL_ANS,emissible,3171
I63.0,IX,IX/I63.0.md,Infarctus cérébral dû à une thrombose des artères précérébrales,true,false,true,true,true,0,codable,OWL_ANS,emissible,3223
I63.1,IX,IX/I63.1.md,Infarctus cérébral dû à une embolie des artères précérébrales,true,false,true,true,false,0,codable,OWL_ANS,emissible,3089
I63.2,IX,IX/I63.2.md,"Infarctus cérébral dû à une occlusion ou sténose des artères précérébrales, de mécanisme non précisé",true,false,true,true,true,0,codable,OWL_ANS,emissible,3222
I63.3,IX,IX/I63.3.md,Infarctus cérébral dû à une thrombose des artères cérébrales,true,false,true,true,false,0,codable,OWL_ANS,emissible,3088
I63.4,IX,IX/I63.4.md,Infarctus cérébral dû à une embolie des artères cérébrales,true,false,true,true,true,0,codable,OWL_ANS,emissible,3150
I63.5,IX,IX/I63.5.md,"Infarctus cérébral dû à une occlusion ou sténose des artères cérébrales, de mécanisme non précisé",true,false,true,true,false,0,codable,OWL_ANS,emissible,3125
I63.6,IX,IX/I63.6.md,"Infarctus cérébral dû à une thrombose veineuse cérébrale, non pyogène",true,false,true,true,true,0,codable,OWL_ANS,emissible,3498
I63.8,IX,IX/I63.8.md,Autres infarctus cérébraux,true,false,true,true,false,0,codable,OWL_ANS,emissible,3694
I63.9,IX,IX/I63.9.md,"Infarctus cérébral, sans précision",true,false,true,true,true,0,codable,OWL_ANS,emissible,3137
I64,IX,IX/I64.md,"Accident vasculaire cérébral, non précisé comme étant hémorragique ou par infarctus",true,false,true,true,true,0,codable,OWL_ANS,emissible,2430
I65.0,IX,IX/I65.0.md,Occlusion et sténose de l'artère vertébrale,true,false,true,true,true,0,codable,OWL_ANS,emissible,3041
I65.1,IX,IX/I65.1.md,Occlusion et sténose de l'artère basilaire,true,false,true,true,true,0,codable,OWL_ANS,emissible,3077
I65.2,IX,IX/I65.2.md,Occlusion et sténose de l'artère carotide,true,false,true,true,true,0,codable,OWL_ANS,emissible,3044
I65.3,IX,IX/I65.3.md,"Occlusion et sténose des artères précérébrales, multiples et bilatérales",true,false,true,true,true,0,codable,OWL_ANS,emissible,3066
I65.8,IX,IX/I65.8.md,Occlusion et sténose d'une autre artère précérébrale,true,false,true,true,true,0,codable,OWL_ANS,emissible,3081
I65.9,IX,IX/I65.9.md,"Occlusion et sténose d'une artère précérébrale, sans précision",true,false,true,true,true,0,codable,OWL_ANS,emissible,2980
I66.0,IX,IX/I66.0.md,Occlusion et sténose de l'artère cérébrale moyenne,true,false,true,true,true,0,codable,OWL_ANS,emissible,3301
I66.1,IX,IX/I66.1.md,Occlusion et sténose de l'artère cérébrale antérieure,true,false,true,true,true,0,codable,OWL_ANS,emissible,3179
I66.2,IX,IX/I66.2.md,Occlusion et sténose de l'artère cérébrale postérieure,true,false,true,true,true,0,codable,OWL_ANS,emissible,3398
I66.3,IX,IX/I66.3.md,Occlusion et sténose des artères cérébelleuses,true,false,true,true,true,0,codable,OWL_ANS,emissible,3120
I66.4,IX,IX/I66.4.md,"Occlusion et sténose des artères cérébrales, multiples et bilatérales",true,false,true,true,true,0,codable,OWL_ANS,emissible,3255
I66.8,IX,IX/I66.8.md,Occlusion et sténose d'une autre artère cérébrale,true,false,true,true,true,0,codable,OWL_ANS,emissible,3785
I66.9,IX,IX/I66.9.md,"Occlusion et sténose d'une artère cérébrale, sans précision",true,false,true,true,true,0,codable,OWL_ANS,emissible,3415
I67.0,IX,IX/I67.0.md,"Dissection d'artères cérébrales, non rompue",true,false,true,true,true,0,codable,OWL_ANS,emissible,2268
I67.1,IX,IX/I67.1.md,"Anévrisme cérébral, non rompu",true,false,true,true,true,0,codable,OWL_ANS,emissible,2376
I67.2,IX,IX/I67.2.md,Athérosclérose cérébrale,true,false,true,true,true,0,codable,OWL_ANS,emissible,2380
I67.3,IX,IX/I67.3.md,Leucoencéphalopathie vasculaire progressive,true,false,true,false,true,0,codable,OWL_ANS,emissible,2104
I67.4,IX,IX/I67.4.md,Encéphalopathie hypertensive,true,false,true,true,true,0,codable,OWL_ANS,emissible,2037
I67.5,IX,IX/I67.5.md,Maladie de Moyamoya,true,false,true,false,true,0,codable,OWL_ANS,emissible,1703
I67.6,IX,IX/I67.6.md,Thrombose non pyogène du système veineux intracrânien,true,false,true,false,true,0,codable,OWL_ANS,emissible,2093
I67.7,IX,IX/I67.7.md,"Artérite cérébrale, non classée ailleurs",true,false,true,false,true,0,codable,OWL_ANS,emissible,2015
I67.8,IX,IX/I67.8.md,Autres maladies cérébrovasculaires précisées,true,false,true,false,true,0,codable,OWL_ANS,emissible,2771
I67.9,IX,IX/I67.9.md,"Maladie cérébrovasculaire, sans précision",true,false,true,false,true,1,interdit_dp_dr,OWL_ANS,emissible,2085
I68.0,IX,IX/I68.0.md,Angiopathie amyloïde cérébrale ,true,false,true,false,true,0,codable,OWL_ANS,emissible,1497
I68.1,IX,IX/I68.1.md,Artérite cérébrale au cours de maladies infectieuses et parasitaires,true,false,true,false,false,0,codable,OWL_ANS,emissible,1613
I68.2,IX,IX/I68.2.md,Artérite cérébrale au cours d'autres maladies classées ailleurs,true,false,true,false,false,0,codable,OWL_ANS,emissible,1541
I68.8,IX,IX/I68.8.md,Autres troubles cérébrovasculaires au cours de maladies classées ailleurs,true,false,true,false,false,0,codable,OWL_ANS,emissible,1772
I69.0,IX,IX/I69.0.md,Séquelles d'hémorragie sousarachnoïdienne,true,false,true,true,true,4,interdit_dp,OWL_ANS,emissible,4084
I69.1,IX,IX/I69.1.md,Séquelles d'hémorragie intracérébrale,true,false,true,true,false,4,interdit_dp,OWL_ANS,emissible,3651
I69.2,IX,IX/I69.2.md,Séquelles d'autres hémorragies intracrâniennes non traumatiques,true,false,true,true,true,4,interdit_dp,OWL_ANS,emissible,4047
I69.3,IX,IX/I69.3.md,Séquelles d'infarctus cérébral,true,false,true,true,true,4,interdit_dp,OWL_ANS,emissible,3715
I69.4,IX,IX/I69.4.md,"Séquelles d'accident vasculaire cérébral, non précisé comme étant hémorragique ou par infarctus",true,false,true,true,false,4,interdit_dp,OWL_ANS,emissible,3709
I69.8,IX,IX/I69.8.md,"Séquelles de maladies cérébrovasculaires, autres et non précisées",true,false,true,true,true,4,interdit_dp,OWL_ANS,emissible,4477
I70.00,IX,IX/I70.00.md,"Athérosclérose de l'aorte, sans gangrène",true,false,true,false,false,0,codable,ATIH,emissible,1806
I70.01,IX,IX/I70.01.md,"Athérosclérose de l'aorte, avec gangrène",true,false,true,false,false,0,codable,ATIH,emissible,1806
I70.1,IX,IX/I70.1.md,Athérosclérose de l'artère rénale,true,false,true,false,true,0,codable,OWL_ANS,emissible,2298
I70.20,IX,IX/I70.20.md,"Athérosclérose des artères distales, sans gangrène",true,false,true,false,false,0,codable,OWL_ANS,emissible,2231
I70.200,IX,IX/I70.200.md,"Athérosclérose des artères distales, sans gangrène - "" sans gangrène """,true,false,true,false,false,,inconnu_atih,OWL_ANS,emissible,2218
I70.201,IX,IX/I70.201.md,"Athérosclérose des artères distales, sans gangrène - "" avec gangrène """,true,false,true,false,false,,inconnu_atih,OWL_ANS,emissible,2218
I70.21,IX,IX/I70.21.md,"Athérosclérose des artères distales, avec gangrène",true,false,true,false,false,0,codable,OWL_ANS,emissible,2227
I70.210,IX,IX/I70.210.md,"Athérosclérose des artères distales, avec gangrène - "" sans gangrène """,true,false,true,true,false,,inconnu_atih,OWL_ANS,emissible,2816
I70.211,IX,IX/I70.211.md,"Athérosclérose des artères distales, avec gangrène - "" avec gangrène """,true,false,true,true,false,,inconnu_atih,OWL_ANS,emissible,2816
I70.80,IX,IX/I70.80.md,"Athérosclérose d'autres artères, sans gangrène",true,false,true,false,false,0,codable,ATIH,emissible,1812
I70.81,IX,IX/I70.81.md,"Athérosclérose d'autres artères, avec gangrène",true,false,true,false,false,0,codable,ATIH,emissible,1812
I70.90,IX,IX/I70.90.md,"Athérosclérose généralisée et sans précision, sans gangrène",true,false,true,false,false,0,codable,ATIH,emissible,1825
I70.91,IX,IX/I70.91.md,"Athérosclérose généralisée et sans précision, avec gangrène",true,false,true,false,false,0,codable,ATIH,emissible,1825
I71.0,IX,IX/I71.0.md,Dissection de l'aorte [toute localisation],true,false,true,false,true,0,codable,OWL_ANS,emissible,1727
I71.1,IX,IX/I71.1.md,"Anévrisme aortique thoracique, rompu",false,false,true,false,true,0,codable,OWL_ANS,emissible,1511
I71.2,IX,IX/I71.2.md,"Anévrisme aortique thoracique, sans mention de rupture",false,false,true,false,true,0,codable,OWL_ANS,emissible,1514
I71.3,IX,IX/I71.3.md,"Anévrisme aortique abdominal, rompu",false,false,true,false,true,0,codable,OWL_ANS,emissible,1520
I71.4,IX,IX/I71.4.md,"Anévrisme aortique abdominal, sans mention de rupture",false,false,true,false,true,0,codable,OWL_ANS,emissible,1532
I71.5,IX,IX/I71.5.md,"Anévrisme aortique thoracoabdominal, rompu",false,false,true,false,true,0,codable,OWL_ANS,emissible,1547
I71.6,IX,IX/I71.6.md,"Anévrisme aortique thoracoabdominal, sans mention de rupture",false,false,true,false,true,0,codable,OWL_ANS,emissible,1546
I71.8,IX,IX/I71.8.md,"Anévrisme aortique de localisation non précisée, rompu",true,false,true,false,true,0,codable,OWL_ANS,emissible,1984
I71.9,IX,IX/I71.9.md,"Anévrisme aortique de localisation non précisée, sans mention de rupture",true,false,true,false,true,0,codable,OWL_ANS,emissible,1607
I72.0,IX,IX/I72.0.md,Anévrisme et dissection de l'artère carotide,true,false,true,false,true,0,codable,OWL_ANS,emissible,2003
I72.1,IX,IX/I72.1.md,Anévrisme et dissection des artères du membre supérieur,true,false,true,false,true,0,codable,OWL_ANS,emissible,1829
I72.2,IX,IX/I72.2.md,Anévrisme et dissection des artères rénales,true,false,true,false,true,0,codable,OWL_ANS,emissible,2043
I72.3,IX,IX/I72.3.md,Anévrisme et dissection de l'artère iliaque,true,false,true,false,true,0,codable,OWL_ANS,emissible,2083
I72.4,IX,IX/I72.4.md,Anévrisme et dissection des artères du membre inférieur,true,false,true,false,true,0,codable,OWL_ANS,emissible,2004
I72.5,IX,IX/I72.5.md,Anévrisme et dissection d’autres artères précérébrales,true,false,true,false,true,0,codable,OWL_ANS,emissible,2143
I72.6,IX,IX/I72.6.md,Anévrisme et dissection de l’artère vertébrale,true,false,true,false,true,0,codable,OWL_ANS,emissible,2016
I72.8,IX,IX/I72.8.md,Anévrisme et dissection d'autres artères précisées,true,false,true,false,true,0,codable,OWL_ANS,emissible,2506
I72.9,IX,IX/I72.9.md,Anévrisme et dissection de localisation non précisée,true,false,true,false,true,0,codable,OWL_ANS,emissible,1956
I73.0,IX,IX/I73.0.md,Syndrome de Raynaud,true,false,true,false,true,0,codable,OWL_ANS,emissible,1752
I73.1,IX,IX/I73.1.md,Thromboangéite oblitérante [Buerger],false,false,true,false,true,0,codable,OWL_ANS,emissible,1619
I73.8,IX,IX/I73.8.md,Autres maladies vasculaires périphériques précisées,true,false,true,false,true,0,codable,OWL_ANS,emissible,2188
I73.9,IX,IX/I73.9.md,"Maladie vasculaire périphérique, sans précision",true,false,true,false,true,0,codable,OWL_ANS,emissible,1975
I74.0,IX,IX/I74.0.md,Embolie et thrombose de l'aorte abdominale,true,false,true,false,true,0,codable,OWL_ANS,emissible,2384
I74.1,IX,IX/I74.1.md,"Embolie et thrombose de parties de l'aorte, autres et non précisées",true,false,true,false,true,0,codable,OWL_ANS,emissible,2277
I74.2,IX,IX/I74.2.md,Embolie et thrombose des artères des membres supérieurs,true,false,true,false,true,0,codable,OWL_ANS,emissible,2189
I74.3,IX,IX/I74.3.md,Embolie et thrombose des artères des membres inférieurs,true,false,true,true,true,0,codable,OWL_ANS,emissible,3003
I74.4,IX,IX/I74.4.md,"Embolie et thrombose des artères distales, sans précision",true,false,true,false,true,0,codable,OWL_ANS,emissible,2440
I74.5,IX,IX/I74.5.md,Embolie et thrombose de l'artère iliaque,true,false,true,false,true,0,codable,OWL_ANS,emissible,2233
I74.8,IX,IX/I74.8.md,Embolie et thrombose d'autres artères,true,false,true,false,true,0,codable,OWL_ANS,emissible,2701
I74.9,IX,IX/I74.9.md,Embolie et thrombose d'artères non précisées,true,false,true,false,true,1,interdit_dp_dr,OWL_ANS,emissible,2269
I77.0,IX,IX/I77.0.md,"Fistule artérioveineuse, acquise",true,false,true,false,true,0,codable,OWL_ANS,emissible,2015
I77.1,IX,IX/I77.1.md,Sténose d'une artère,false,false,true,false,true,0,codable,OWL_ANS,emissible,1692
I77.2,IX,IX/I77.2.md,Rupture d'une artère,true,false,true,false,true,0,codable,OWL_ANS,emissible,1911
I77.3,IX,IX/I77.3.md,Dysplasie fibromusculaire artérielle,false,false,true,false,true,0,codable,OWL_ANS,emissible,1553
I77.4,IX,IX/I77.4.md,Syndrome de compression de l'artère cœliaque,false,false,true,false,false,0,codable,OWL_ANS,emissible,1286
I77.5,IX,IX/I77.5.md,Nécrose d'une artère,false,false,true,false,true,0,codable,OWL_ANS,emissible,1591
I77.6,IX,IX/I77.6.md,"Artérite, sans précision",true,false,true,false,true,0,codable,OWL_ANS,emissible,2098
I77.8,IX,IX/I77.8.md,Autres atteintes précisées des artères et artérioles,true,false,true,false,true,0,codable,OWL_ANS,emissible,2307
I77.9,IX,IX/I77.9.md,"Atteinte des artères et artérioles, sans précision",false,false,true,false,true,1,interdit_dp_dr,OWL_ANS,emissible,1640
I78.0,IX,IX/I78.0.md,Télangiectasie hémorragique héréditaire,true,false,true,false,true,0,codable,OWL_ANS,emissible,1622
I78.1,IX,IX/I78.1.md,"Nævus, non néoplasique",true,false,true,false,true,0,codable,OWL_ANS,emissible,1863
I78.8,IX,IX/I78.8.md,Autres maladies des capillaires,false,false,true,false,true,0,codable,OWL_ANS,emissible,1961
I78.9,IX,IX/I78.9.md,"Maladie des capillaires, sans précision",false,false,true,false,true,1,interdit_dp_dr,OWL_ANS,emissible,1193
I79.0,IX,IX/I79.0.md,Anévrisme de l'aorte au cours de maladies classées ailleurs,true,false,true,false,false,0,codable,OWL_ANS,emissible,1214
I79.1,IX,IX/I79.1.md,Aortite au cours de maladies classées ailleurs,true,false,true,false,true,0,codable,OWL_ANS,emissible,1299
I79.2,IX,IX/I79.2.md,Angiopathie périphérique au cours de maladies classées ailleurs,true,false,true,false,true,0,codable,OWL_ANS,emissible,1525
I79.8,IX,IX/I79.8.md,"Autres atteintes des artères, artérioles et capillaires au cours de maladies classées ailleurs",false,false,true,false,true,0,codable,OWL_ANS,emissible,1481
I80.0,IX,IX/I80.0.md,Phlébite et thrombophlébite des veines superficielles des membres inférieurs,true,false,true,false,true,0,codable,OWL_ANS,emissible,2336
I80.1,IX,IX/I80.1.md,Phlébite et thrombophlébite de la veine fémorale,true,false,true,false,true,0,codable,OWL_ANS,emissible,2511
I80.2,IX,IX/I80.2.md,Phlébite et thrombophlébite d'autres vaisseaux profonds des membres inférieurs,true,false,true,false,true,0,codable,OWL_ANS,emissible,2440
I80.3,IX,IX/I80.3.md,"Phlébite et thrombophlébite des membres inférieurs, sans précision",true,false,true,false,true,0,codable,OWL_ANS,emissible,2367
I80.8,IX,IX/I80.8.md,Phlébite et thrombophlébite d'autres localisations,true,false,true,true,true,0,codable,OWL_ANS,emissible,3322
I80.9,IX,IX/I80.9.md,Phlébite et thrombophlébite de localisation non précisée,true,false,true,false,true,0,codable,OWL_ANS,emissible,2181
I81,IX,IX/I81.md,Thrombose de la veine porte,true,false,true,false,true,0,codable,OWL_ANS,emissible,1668
I82.0,IX,IX/I82.0.md,Syndrome de Budd–Chiari,false,false,true,false,true,0,codable,OWL_ANS,emissible,2089
I82.1,IX,IX/I82.1.md,Thrombophlébite migratrice,false,false,true,false,true,0,codable,OWL_ANS,emissible,1828
I82.2,IX,IX/I82.2.md,Embolie et thrombose de la veine cave,false,false,true,false,true,0,codable,OWL_ANS,emissible,2121
I82.3,IX,IX/I82.3.md,Embolie et thrombose de la veine rénale,false,false,true,false,true,0,codable,OWL_ANS,emissible,2086
I82.8,IX,IX/I82.8.md,Embolie et thrombose d'autres veines précisées,false,false,true,false,true,0,codable,OWL_ANS,emissible,2345
I82.9,IX,IX/I82.9.md,Embolie et thrombose d'une veine non précisée,true,false,true,false,true,1,interdit_dp_dr,OWL_ANS,emissible,2159
I83.0,IX,IX/I83.0.md,Varices ulcérées des membres inférieurs,true,false,true,false,true,0,codable,OWL_ANS,emissible,1850
I83.1,IX,IX/I83.1.md,"Varices des membres inférieurs, avec inflammation",true,false,true,false,true,0,codable,OWL_ANS,emissible,1681
I83.2,IX,IX/I83.2.md,"Varices des membres inférieurs, avec ulcère et inflammation",true,false,true,false,true,0,codable,OWL_ANS,emissible,1897
I83.9,IX,IX/I83.9.md,Varices des membres inférieurs sans ulcère ni inflammation,true,false,true,false,true,0,codable,OWL_ANS,emissible,1923
I85.0,IX,IX/I85.0.md,Varices œsophagiennes hémorragiques,false,false,true,false,true,0,codable,OWL_ANS,emissible,1521
I85.9,IX,IX/I85.9.md,"Varices œsophagiennes, non hémorragiques",true,false,true,false,true,0,codable,OWL_ANS,emissible,1602
I86.0,IX,IX/I86.0.md,Varices sublinguales,false,false,true,false,true,0,codable,OWL_ANS,emissible,1367
I86.1,IX,IX/I86.1.md,Varices scrotales,true,false,true,false,true,0,codable,OWL_ANS,emissible,1439
I86.2,IX,IX/I86.2.md,Varices pelviennes,false,false,true,false,true,0,codable,OWL_ANS,emissible,1490
I86.3,IX,IX/I86.3.md,Varices vulvaires,false,false,true,false,true,0,codable,OWL_ANS,emissible,1443
I86.4,IX,IX/I86.4.md,Varices gastriques,false,false,true,false,true,0,codable,OWL_ANS,emissible,1683
I86.8,IX,IX/I86.8.md,Varices d'autres localisations précisées,true,false,true,false,true,0,codable,OWL_ANS,emissible,1949
I87.0,IX,IX/I87.0.md,Syndrome postthrombotique,true,false,true,false,true,0,codable,OWL_ANS,emissible,1546
I87.1,IX,IX/I87.1.md,Compression veineuse,true,false,true,false,true,0,codable,OWL_ANS,emissible,1715
I87.2,IX,IX/I87.2.md,Insuffisance veineuse (chronique) (périphérique),false,false,true,false,true,0,codable,OWL_ANS,emissible,1539
I87.8,IX,IX/I87.8.md,Autres atteintes veineuses précisées,false,false,true,false,true,0,codable,OWL_ANS,emissible,1859
I87.9,IX,IX/I87.9.md,"Atteinte veineuse, sans précision",false,false,true,false,true,1,interdit_dp_dr,OWL_ANS,emissible,1512
I88.0,IX,IX/I88.0.md,Lymphadénite mésentérique non spécifique,true,false,true,false,true,0,codable,OWL_ANS,emissible,1600
I88.1,IX,IX/I88.1.md,"Lymphadénite chronique, sauf mésentérique",true,false,true,false,true,0,codable,OWL_ANS,emissible,1696
I88.8,IX,IX/I88.8.md,Autres lymphadénites non spécifiques,false,false,true,false,true,0,codable,OWL_ANS,emissible,1666
I88.9,IX,IX/I88.9.md,"Lymphadénite non spécifique, sans précision",true,false,true,false,true,0,codable,OWL_ANS,emissible,1882
I89.0,IX,IX/I89.0.md,"Lymphœdème, non classé ailleurs",true,false,true,false,true,0,codable,OWL_ANS,emissible,1949
I89.1,IX,IX/I89.1.md,Lymphangite,true,false,true,false,true,0,codable,OWL_ANS,emissible,1921
I89.8,IX,IX/I89.8.md,Autres atteintes non infectieuses précisées des vaisseaux et des ganglions lymphatiques,true,false,true,false,true,0,codable,OWL_ANS,emissible,2341
I89.9,IX,IX/I89.9.md,"Atteinte non infectieuse des vaisseaux et des ganglions lymphatiques, sans précision",true,false,true,false,true,1,interdit_dp_dr,OWL_ANS,emissible,2007
I95.0,IX,IX/I95.0.md,Hypotension idiopathique,false,false,true,true,true,0,codable,OWL_ANS,emissible,2076
I95.1,IX,IX/I95.1.md,Hypotension orthostatique,true,false,true,true,true,0,codable,OWL_ANS,emissible,2424
I95.2,IX,IX/I95.2.md,Hypotension médicamenteuse,false,false,true,false,true,0,codable,OWL_ANS,emissible,1489
I95.8,IX,IX/I95.8.md,Autres hypotensions,true,false,true,true,true,0,codable,OWL_ANS,emissible,2351
I95.9,IX,IX/I95.9.md,"Hypotension, sans précision",false,false,true,false,true,0,codable,OWL_ANS,emissible,1609
I97.0,IX,IX/I97.0.md,Syndrome postcardiotomie,false,false,true,false,true,0,codable,OWL_ANS,emissible,1286
I97.1,IX,IX/I97.1.md,Autres troubles fonctionnels après chirurgie cardiaque,true,false,true,false,true,0,codable,OWL_ANS,emissible,1919
I97.2,IX,IX/I97.2.md,Lymphœdème après mastectomie,true,false,true,true,true,0,codable,OWL_ANS,emissible,2441
I97.8,IX,IX/I97.8.md,"Autres troubles de l'appareil circulatoire après un acte à visée diagnostique et thérapeutique, non classés ailleurs",false,false,true,true,true,0,codable,OWL_ANS,emissible,2754
I97.9,IX,IX/I97.9.md,"Trouble de l'appareil circulatoire après un acte à visée diagnostique et thérapeutique, sans précision",false,false,true,false,true,1,interdit_dp_dr,OWL_ANS,emissible,1319
I98.0,IX,IX/I98.0.md,Syphilis cardiovasculaire,true,false,true,false,true,0,codable,OWL_ANS,emissible,1458
I98.1,IX,IX/I98.1.md,Troubles cardiovasculaires au cours d'autres maladies infectieuses et parasitaires classées ailleurs,true,false,true,false,false,0,codable,OWL_ANS,emissible,1490
I98.2,IX,IX/I98.2.md,Varices œsophagiennes non hémorragiques au cours de maladies classées ailleurs,true,false,true,false,false,0,codable,OWL_ANS,emissible,1455
I98.3,IX,IX/I98.3.md,Varices œsophagiennes hémorragiques au cours de maladies classées ailleurs,true,false,true,false,false,0,codable,OWL_ANS,emissible,1477
I98.8,IX,IX/I98.8.md,Autres troubles précisés de l'appareil circulatoire au cours de maladies classées ailleurs,false,false,true,false,false,0,codable,OWL_ANS,emissible,1679
I99,IX,IX/I99.md,Troubles autres et non précisés de l'appareil circulatoire,false,false,true,false,true,1,interdit_dp_dr,OWL_ANS,emissible,1670
J00,X,X/J00.md,Rhinopharyngite aigüe [rhume banal],true,false,true,false,true,0,codable,OWL_ANS,emissible,1953
J01.0,X,X/J01.0.md,Sinusite maxillaire aigüe,true,false,true,false,true,0,codable,OWL_ANS,emissible,1863
J01.1,X,X/J01.1.md,Sinusite frontale aigüe,true,false,true,false,false,0,codable,OWL_ANS,emissible,1728
J01.2,X,X/J01.2.md,Sinusite ethmoïdale aigüe,true,false,true,false,true,0,codable,OWL_ANS,emissible,1789
J01.3,X,X/J01.3.md,Sinusite sphénoïdale aigüe,true,false,true,false,true,0,codable,OWL_ANS,emissible,1791
J01.4,X,X/J01.4.md,Pansinusite aigüe,true,false,true,false,true,0,codable,OWL_ANS,emissible,1845
J01.8,X,X/J01.8.md,Autres sinusites aigües,true,false,true,false,false,0,codable,OWL_ANS,emissible,2029
J01.9,X,X/J01.9.md,"Sinusite aigüe, sans précision",true,false,true,false,true,0,codable,OWL_ANS,emissible,1885
J02.0,X,X/J02.0.md,Pharyngite à streptocoques,true,false,true,false,true,0,codable,OWL_ANS,emissible,1840
J02.8,X,X/J02.8.md,Pharyngite aigüe due à d'autres microorganismes précisés,true,false,true,false,true,0,codable,OWL_ANS,emissible,1970
J02.9,X,X/J02.9.md,"Pharyngite aigüe, sans précision",true,false,true,false,true,0,codable,OWL_ANS,emissible,2033
J03.0,X,X/J03.0.md,Amygdalite à streptocoques,false,false,true,false,true,0,codable,OWL_ANS,emissible,1359
J03.8,X,X/J03.8.md,Amygdalite aigüe due à d'autres microorganismes précisés,false,false,true,false,true,0,codable,OWL_ANS,emissible,1606
J03.9,X,X/J03.9.md,"Amygdalite aigüe, sans précision",true,false,true,false,true,0,codable,OWL_ANS,emissible,1726
J04.0,X,X/J04.0.md,Laryngite aigüe,true,false,true,false,true,0,codable,OWL_ANS,emissible,2029
J04.1,X,X/J04.1.md,Trachéite aigüe,true,false,true,false,true,0,codable,OWL_ANS,emissible,1743
J04.2,X,X/J04.2.md,Laryngotrachéite aigüe,true,false,true,false,true,0,codable,OWL_ANS,emissible,1714
J05.0,X,X/J05.0.md,Laryngite obstructive aigüe [croup],true,false,true,false,true,0,codable,OWL_ANS,emissible,1304
J05.1,X,X/J05.1.md,Épiglottite aigüe,true,false,true,false,true,0,codable,OWL_ANS,emissible,1289
J06.0,X,X/J06.0.md,Laryngopharyngite aigüe,false,false,true,false,true,0,codable,OWL_ANS,emissible,1411
J06.8,X,X/J06.8.md,"Autres infections aigües des voies respiratoires supérieures, à localisations multiples",false,false,true,false,true,0,codable,OWL_ANS,emissible,1827
J06.9,X,X/J06.9.md,"Infection des voies respiratoires supérieures, sans précision",true,false,true,false,true,0,codable,OWL_ANS,emissible,1897
J09,X,X/J09.md,"Grippe, à virus grippal zoonotique ou pandémique identifié",false,false,true,false,true,0,codable,OWL_ANS,emissible,1834
J10.0,X,X/J10.0.md,"Grippe avec pneumopathie, virus grippal saisonnier identifié",true,false,true,false,true,0,codable,OWL_ANS,emissible,1595
J10.1,X,X/J10.1.md,"Grippe avec d'autres manifestations respiratoires, virus grippal saisonnier identifié",true,false,true,false,true,0,codable,OWL_ANS,emissible,1880
J10.8,X,X/J10.8.md,"Grippe avec d'autres manifestations, virus grippal saisonnier identifié",true,false,true,false,false,0,codable,OWL_ANS,emissible,1822
J11.0,X,X/J11.0.md,"Grippe avec pneumopathie, virus non identifié",true,false,true,false,true,0,codable,OWL_ANS,emissible,2036
J11.1,X,X/J11.1.md,"Grippe avec d'autres manifestations respiratoires, virus non identifié",true,false,true,false,true,0,codable,OWL_ANS,emissible,2165
J11.8,X,X/J11.8.md,"Grippe avec d'autres manifestations, virus non identifié",true,false,true,false,true,0,codable,OWL_ANS,emissible,2199
J12.0,X,X/J12.0.md,Pneumopathie adénovirale,true,false,true,false,true,0,codable,OWL_ANS,emissible,1750
J12.1,X,X/J12.1.md,Pneumopathie due au virus respiratoire syncytial [VRS],true,false,true,false,true,0,codable,OWL_ANS,emissible,1953
J12.2,X,X/J12.2.md,Pneumopathie due aux virus paragrippaux,true,false,true,false,true,0,codable,OWL_ANS,emissible,1817
J12.3,X,X/J12.3.md,Pneumopathie due à métapneumovirus humain,true,false,true,false,true,0,codable,OWL_ANS,emissible,1791
J12.8,X,X/J12.8.md,Autres pneumopathies virales,true,false,true,false,true,0,codable,OWL_ANS,emissible,2204
J12.9,X,X/J12.9.md,"Pneumopathie virale, sans précision",true,false,true,false,true,0,codable,OWL_ANS,emissible,1949
J13,X,X/J13.md,Pneumonie due à Streptococcus pneumoniae,true,false,true,true,true,0,codable,OWL_ANS,emissible,2221
J14,X,X/J14.md,Pneumopathie due à Haemophilus influenzae,true,false,true,false,true,0,codable,OWL_ANS,emissible,1686
J15.0,X,X/J15.0.md,Pneumopathie due à Klebsiella pneumoniae,true,false,true,false,true,0,codable,OWL_ANS,emissible,1618
J15.1,X,X/J15.1.md,Pneumopathie due à Pseudomonas,true,false,true,false,true,0,codable,OWL_ANS,emissible,1708
J15.2,X,X/J15.2.md,Pneumopathie due à des staphylocoques,true,false,true,false,true,0,codable,OWL_ANS,emissible,1696
J15.3,X,X/J15.3.md,"Pneumopathie due à des streptocoques, groupe B",true,false,true,false,true,0,codable,OWL_ANS,emissible,1471
J15.4,X,X/J15.4.md,Pneumopathie due à d'autres streptocoques,true,false,true,false,true,0,codable,OWL_ANS,emissible,1838
J15.5,X,X/J15.5.md,Pneumopathie due à Escherichia coli,true,false,true,false,true,0,codable,OWL_ANS,emissible,1641
J15.6,X,X/J15.6.md,Pneumopathie due à d'autres bactéries à Gram négatif,true,false,true,false,true,0,codable,OWL_ANS,emissible,1867
J15.7,X,X/J15.7.md,Pneumopathie due à Mycoplasma pneumoniae,true,false,true,false,true,0,codable,OWL_ANS,emissible,1527
J15.8,X,X/J15.8.md,Autres pneumopathies bactériennes,true,false,true,false,true,0,codable,OWL_ANS,emissible,2136
J15.9,X,X/J15.9.md,"Pneumopathie bactérienne, sans précision",true,false,true,false,true,0,codable,OWL_ANS,emissible,1679
J16.0,X,X/J16.0.md,Pneumopathie due à Chlamydia,false,false,true,false,true,0,codable,OWL_ANS,emissible,1540
J16.8,X,X/J16.8.md,Pneumopathie due à d'autres microorganismes infectieux,false,false,true,false,true,0,codable,OWL_ANS,emissible,1567
J17.0,X,X/J17.0.md,Pneumopathie au cours de maladies bactériennes classées ailleurs,true,false,true,false,true,0,codable,OWL_ANS,emissible,1498
J17.1,X,X/J17.1.md,Pneumopathie au cours de maladies virales classées ailleurs,true,false,true,false,true,0,codable,OWL_ANS,emissible,1240
J17.2,X,X/J17.2.md,Pneumopathie au cours de mycoses,true,false,true,false,true,0,codable,OWL_ANS,emissible,1264
J17.3,X,X/J17.3.md,Pneumopathie au cours de maladies parasitaires,true,false,true,false,true,0,codable,OWL_ANS,emissible,1205
J17.8,X,X/J17.8.md,Pneumopathie au cours d'autres maladies classées ailleurs,true,false,true,false,false,0,codable,OWL_ANS,emissible,1496
J18.0,X,X/J18.0.md,"Bronchopneumopathie, sans précision",false,false,true,false,true,0,codable,OWL_ANS,emissible,2044
J18.1,X,X/J18.1.md,"Pneumopathie lobaire, sans précision",false,false,true,false,true,0,codable,OWL_ANS,emissible,1904
J18.2,X,X/J18.2.md,"Pneumopathie hypostatique, sans précision",false,false,true,false,true,0,codable,OWL_ANS,emissible,2036
J18.8,X,X/J18.8.md,"Autres pneumopathies, microorganisme non précisé",false,false,true,false,true,0,codable,OWL_ANS,emissible,2124
J18.9,X,X/J18.9.md,"Pneumopathie, sans précision",false,false,true,true,true,0,codable,OWL_ANS,emissible,2611
J20.0,X,X/J20.0.md,Bronchite aigüe due à Mycoplasma pneumoniae,true,false,true,false,false,0,codable,OWL_ANS,emissible,2145
J20.1,X,X/J20.1.md,Bronchite aigüe due à Haemophilus influenzae,true,false,true,false,true,0,codable,OWL_ANS,emissible,2377
J20.2,X,X/J20.2.md,Bronchite aigüe due à des streptocoques,true,false,true,false,true,0,codable,OWL_ANS,emissible,2412
J20.3,X,X/J20.3.md,Bronchite aigüe due au virus Coxsackie,true,false,true,false,false,0,codable,OWL_ANS,emissible,2140
J20.4,X,X/J20.4.md,Bronchite aigüe due aux virus paragrippaux,true,false,true,false,false,0,codable,OWL_ANS,emissible,2144
J20.5,X,X/J20.5.md,Bronchite aigüe due au virus respiratoire syncytial [VRS],true,false,true,false,true,0,codable,OWL_ANS,emissible,2318
J20.6,X,X/J20.6.md,Bronchite aigüe due à des rhinovirus,true,false,true,false,false,0,codable,OWL_ANS,emissible,2138
J20.7,X,X/J20.7.md,Bronchite aigüe due à des virus ECHO,true,false,true,false,false,0,codable,OWL_ANS,emissible,2138
J20.8,X,X/J20.8.md,Bronchite aigüe due à d'autres microorganismes précisés,true,false,true,false,true,0,codable,OWL_ANS,emissible,3048
J20.9,X,X/J20.9.md,"Bronchite aigüe, sans précision",true,false,true,false,true,0,codable,OWL_ANS,emissible,2528
J21.0,X,X/J21.0.md,Bronchiolite aigüe due au virus respiratoire syncytial [VRS],true,false,true,false,true,0,codable,OWL_ANS,emissible,1491
J21.1,X,X/J21.1.md,Bronchiolite aigüe due à métapneumovirus humain,true,false,true,false,false,0,codable,OWL_ANS,emissible,1296
J21.8,X,X/J21.8.md,Bronchiolite aigüe due à d'autres microorganismes précisés,true,false,true,false,true,0,codable,OWL_ANS,emissible,1851
J21.9,X,X/J21.9.md,"Bronchiolite aigüe, sans précision",true,false,true,false,true,0,codable,OWL_ANS,emissible,1641
J22,X,X/J22.md,"Infection aigüe des voies respiratoires inférieures, sans précision",true,false,true,false,true,1,interdit_dp_dr,OWL_ANS,emissible,1865
J30.0,X,X/J30.0.md,Rhinite vasomotrice,true,false,true,false,true,0,codable,OWL_ANS,emissible,1247
J30.1,X,X/J30.1.md,Rhinite allergique due au pollen,true,false,true,false,true,0,codable,OWL_ANS,emissible,1525
J30.2,X,X/J30.2.md,Autres rhinites allergiques saisonnières,true,false,true,false,false,0,codable,OWL_ANS,emissible,1206
J30.3,X,X/J30.3.md,Autres rhinites allergiques,true,false,true,false,true,0,codable,OWL_ANS,emissible,1325
J30.4,X,X/J30.4.md,"Rhinite allergique, sans précision",true,false,true,false,true,0,codable,OWL_ANS,emissible,1287
J31.0,X,X/J31.0.md,Rhinite chronique,true,false,true,false,true,0,codable,OWL_ANS,emissible,1491
J31.1,X,X/J31.1.md,Rhinopharyngite chronique,false,false,true,false,true,0,codable,OWL_ANS,emissible,1138
J31.2,X,X/J31.2.md,Pharyngite chronique,true,false,true,false,true,0,codable,OWL_ANS,emissible,1398
J32.0,X,X/J32.0.md,Sinusite maxillaire chronique,true,false,true,true,true,0,codable,OWL_ANS,emissible,2336
J32.1,X,X/J32.1.md,Sinusite frontale chronique,true,false,true,false,true,0,codable,OWL_ANS,emissible,1663
J32.2,X,X/J32.2.md,Sinusite ethmoïdale chronique,true,false,true,false,true,0,codable,OWL_ANS,emissible,1709
J32.3,X,X/J32.3.md,Sinusite sphénoïdale chronique,true,false,true,false,true,0,codable,OWL_ANS,emissible,1633
J32.4,X,X/J32.4.md,Pansinusite chronique,true,false,true,false,true,0,codable,OWL_ANS,emissible,1642
J32.8,X,X/J32.8.md,Autres sinusites chroniques,true,false,true,false,true,0,codable,OWL_ANS,emissible,1959
J32.9,X,X/J32.9.md,"Sinusite chronique, sans précision",true,false,true,false,true,0,codable,OWL_ANS,emissible,1832
J33.0,X,X/J33.0.md,Polype des fosses nasales,true,false,true,false,true,0,codable,OWL_ANS,emissible,1450
J33.1,X,X/J33.1.md,Polypose rhinosinusienne déformante,true,false,true,false,true,0,codable,OWL_ANS,emissible,1255
J33.8,X,X/J33.8.md,Autres polypes des sinus,true,false,true,false,true,0,codable,OWL_ANS,emissible,1551
J33.9,X,X/J33.9.md,"Polype nasal, sans précision",false,false,true,false,true,0,codable,OWL_ANS,emissible,1107
J34.0,X,X/J34.0.md,"Abcès, furoncle et anthrax du nez",true,false,true,false,true,0,codable,OWL_ANS,emissible,1480
J34.1,X,X/J34.1.md,Kyste et mucocèle du nez et des sinus du nez,false,false,true,false,true,0,codable,OWL_ANS,emissible,1326
J34.2,X,X/J34.2.md,Déviation de la cloison nasale,true,false,true,true,true,0,codable,OWL_ANS,emissible,1827
J34.3,X,X/J34.3.md,Hypertrophie des cornets du nez,false,false,true,false,true,0,codable,OWL_ANS,emissible,1209
J34.8,X,X/J34.8.md,Autres maladies précisées du nez et des sinus du nez,true,false,true,false,true,0,codable,OWL_ANS,emissible,1966
J35.0,X,X/J35.0.md,Amygdalite chronique,false,false,true,false,true,0,codable,OWL_ANS,emissible,1120
J35.1,X,X/J35.1.md,Hypertrophie des amygdales,true,false,true,false,true,0,codable,OWL_ANS,emissible,1173
J35.2,X,X/J35.2.md,Hypertrophie des végétations adénoïdes,true,false,true,false,true,0,codable,OWL_ANS,emissible,1219
J35.3,X,X/J35.3.md,Hypertrophie des amygdales et des végétations adénoïdes,false,false,true,false,false,0,codable,OWL_ANS,emissible,994
J35.8,X,X/J35.8.md,Autres maladies chroniques des amygdales et des végétations adénoïdes,true,false,true,false,true,0,codable,OWL_ANS,emissible,1683
J35.9,X,X/J35.9.md,"Maladie chronique des amygdales et des végétations adénoïdes, sans précision",true,false,true,false,true,0,codable,OWL_ANS,emissible,1347
J36,X,X/J36.md,Angine phlegmoneuse,true,false,true,false,true,0,codable,OWL_ANS,emissible,1528
J37.0,X,X/J37.0.md,Laryngite chronique,true,false,true,false,true,0,codable,OWL_ANS,emissible,1391
J37.1,X,X/J37.1.md,Laryngotrachéite chronique,true,false,true,false,true,0,codable,OWL_ANS,emissible,1429
J38.0,X,X/J38.0.md,Paralysie des cordes vocales et du larynx,true,false,true,false,true,0,codable,OWL_ANS,emissible,1758
J38.1,X,X/J38.1.md,Polype des cordes vocales et du larynx,false,false,true,false,true,0,codable,OWL_ANS,emissible,1471
J38.2,X,X/J38.2.md,Nodules des cordes vocales,true,false,true,false,true,0,codable,OWL_ANS,emissible,1408
J38.3,X,X/J38.3.md,Autres maladies des cordes vocales,true,false,true,false,true,0,codable,OWL_ANS,emissible,2033
J38.4,X,X/J38.4.md,Œdème du larynx,true,false,true,false,true,0,codable,OWL_ANS,emissible,1750
J38.5,X,X/J38.5.md,Spasme laryngé,true,false,true,false,true,0,codable,OWL_ANS,emissible,1645
J38.6,X,X/J38.6.md,Sténose du larynx,false,false,true,false,true,0,codable,OWL_ANS,emissible,1517
J38.7,X,X/J38.7.md,Autres maladies du larynx,true,false,true,false,true,0,codable,OWL_ANS,emissible,1928
J39.0,X,X/J39.0.md,Abcès parapharyngé et rétropharyngé,true,false,true,false,true,0,codable,OWL_ANS,emissible,1533
J39.1,X,X/J39.1.md,Autres abcès du pharynx,true,false,true,false,true,0,codable,OWL_ANS,emissible,1783
J39.2,X,X/J39.2.md,Autres maladies du pharynx,true,false,true,false,true,0,codable,OWL_ANS,emissible,2029
J39.3,X,X/J39.3.md,"Réaction anaphylactique des voies respiratoires supérieures, localisation non précisée",false,false,true,false,false,0,codable,OWL_ANS,emissible,1319
J39.8,X,X/J39.8.md,Autres maladies des voies respiratoires supérieures précisées,false,false,true,false,true,0,codable,OWL_ANS,emissible,2052
J39.9,X,X/J39.9.md,"Maladie des voies respiratoires supérieures, sans précision",false,false,true,false,true,1,interdit_dp_dr,OWL_ANS,emissible,1462
J40,X,X/J40.md,"Bronchite, non précisée aigüe ou chronique",true,false,true,false,true,0,codable,OWL_ANS,emissible,1995
J41.0,X,X/J41.0.md,Bronchite chronique simple,false,false,true,false,true,0,codable,OWL_ANS,emissible,1306
J41.1,X,X/J41.1.md,Bronchite chronique mucopurulente,false,false,true,false,true,0,codable,OWL_ANS,emissible,1760
J41.8,X,X/J41.8.md,Bronchite chronique simple et mucopurulente,false,false,true,false,false,0,codable,OWL_ANS,emissible,1375
J42,X,X/J42.md,"Bronchite chronique, sans précision",true,false,true,false,true,0,codable,OWL_ANS,emissible,1941
J43.0,X,X/J43.0.md,Syndrome de MacLeod,true,false,true,false,true,0,codable,OWL_ANS,emissible,1841
J43.1,X,X/J43.1.md,Emphysème pulmonaire panlobulaire,true,false,true,false,true,0,codable,OWL_ANS,emissible,2033
J43.2,X,X/J43.2.md,Emphysème pulmonaire centrolobulaire,false,false,true,false,true,0,codable,OWL_ANS,emissible,1847
J43.8,X,X/J43.8.md,Autres emphysèmes,false,false,true,false,true,0,codable,OWL_ANS,emissible,1947
J43.9,X,X/J43.9.md,"Emphysème pulmonaire, sans précision",true,false,true,false,true,0,codable,OWL_ANS,emissible,2101
J44.0,X,X/J44.0.md,Maladie pulmonaire obstructive chronique avec infection aigüe des voies respiratoires inférieures,true,false,true,false,true,0,codable,OWL_ANS,emissible,2504
J44.1,X,X/J44.1.md,"Maladie pulmonaire obstructive chronique avec épisodes aigus, sans précision",true,false,true,false,true,0,codable,OWL_ANS,emissible,2408
J44.8,X,X/J44.8.md,Autres maladies pulmonaires obstructives chroniques précisées,true,false,true,false,true,0,codable,OWL_ANS,emissible,3078
J44.9,X,X/J44.9.md,"Maladie pulmonaire obstructive chronique, sans précision",true,false,true,false,true,0,codable,OWL_ANS,emissible,2659
J45.0,X,X/J45.0.md,Asthme à prédominance allergique,true,false,true,false,true,0,codable,OWL_ANS,emissible,2046
J45.1,X,X/J45.1.md,Asthme non allergique,true,false,true,false,true,0,codable,OWL_ANS,emissible,1700
J45.8,X,X/J45.8.md,Asthme associé,true,false,true,false,true,0,codable,OWL_ANS,emissible,1681
J45.9,X,X/J45.9.md,"Asthme, sans précision",true,false,true,false,true,0,codable,OWL_ANS,emissible,1805
J46,X,X/J46.md,État de mal asthmatique,true,false,true,false,true,0,codable,OWL_ANS,emissible,1508
J47,X,X/J47.md,Bronchectasie,true,false,true,false,true,0,codable,OWL_ANS,emissible,1643
J60,X,X/J60.md,Pneumoconiose des mineurs de charbon,true,false,true,true,true,0,codable,OWL_ANS,emissible,2107
J61,X,X/J61.md,Pneumoconiose due à l'amiante et à d'autres fibres minérales,true,false,true,true,true,0,codable,OWL_ANS,emissible,2033
J62.0,X,X/J62.0.md,Pneumoconiose due à la poussière du talc,true,false,true,true,true,0,codable,OWL_ANS,emissible,1771
J62.8,X,X/J62.8.md,Pneumoconiose due à d'autres poussières de silice,true,false,true,true,true,0,codable,OWL_ANS,emissible,2203
J63.0,X,X/J63.0.md,Aluminose (du poumon),false,false,true,true,true,0,codable,OWL_ANS,emissible,1650
J63.1,X,X/J63.1.md,Fibrose (du poumon) due à la bauxite,false,false,true,true,true,0,codable,OWL_ANS,emissible,1700
J63.2,X,X/J63.2.md,Bérylliose,false,false,true,true,true,0,codable,OWL_ANS,emissible,1630
J63.3,X,X/J63.3.md,Fibrose (du poumon) due au graphite,false,false,true,true,true,0,codable,OWL_ANS,emissible,1651
J63.4,X,X/J63.4.md,Sidérose,false,false,true,true,true,0,codable,OWL_ANS,emissible,1753
J63.5,X,X/J63.5.md,Stannose,false,false,true,true,true,0,codable,OWL_ANS,emissible,1610
J63.8,X,X/J63.8.md,Pneumoconiose due à d'autres poussières inorganiques précisées,false,false,true,true,true,0,codable,OWL_ANS,emissible,2172
J64,X,X/J64.md,"Pneumoconiose, sans précision",false,false,true,true,true,0,codable,OWL_ANS,emissible,1689
J65,X,X/J65.md,Pneumoconiose associée à la tuberculose,true,false,true,true,true,0,codable,OWL_ANS,emissible,2114
J66.0,X,X/J66.0.md,Byssinose,true,false,true,true,true,0,codable,OWL_ANS,emissible,1838
J66.1,X,X/J66.1.md,Maladie des apprêteurs du lin,false,false,true,true,false,0,codable,OWL_ANS,emissible,1694
J66.2,X,X/J66.2.md,Cannabinose,false,false,true,true,true,0,codable,OWL_ANS,emissible,1730
J66.8,X,X/J66.8.md,Affection des voies aériennes due à d'autres poussières organiques précisées,false,false,true,true,false,0,codable,OWL_ANS,emissible,1870
J67.0,X,X/J67.0.md,Poumon de fermier,true,false,true,true,true,0,codable,OWL_ANS,emissible,2196
J67.1,X,X/J67.1.md,Bagassose,true,false,true,true,true,0,codable,OWL_ANS,emissible,1951
J67.2,X,X/J67.2.md,Poumon des oiseleurs,true,false,true,true,true,0,codable,OWL_ANS,emissible,2250
J67.3,X,X/J67.3.md,Subérose,true,false,true,true,true,0,codable,OWL_ANS,emissible,1987
J67.4,X,X/J67.4.md,Poumon des malteurs,true,false,true,true,false,0,codable,OWL_ANS,emissible,1865
J67.5,X,X/J67.5.md,Poumon des champignonnistes,true,false,true,true,true,0,codable,OWL_ANS,emissible,1886
J67.6,X,X/J67.6.md,Poumon des écorceurs d'érables,true,false,true,true,false,0,codable,OWL_ANS,emissible,1895
J67.7,X,X/J67.7.md,Maladie pulmonaire due aux systèmes de conditionnement et d'humidification de l'air,true,false,true,true,false,0,codable,OWL_ANS,emissible,2054
J67.8,X,X/J67.8.md,Pneumopathie par hypersensibilité à d'autres poussières organiques,true,false,true,true,true,0,codable,OWL_ANS,emissible,2654
J67.9,X,X/J67.9.md,"Pneumopathie par hypersensibilité aux poussières organiques, sans précision",true,false,true,true,true,0,codable,OWL_ANS,emissible,2328
J68.0,X,X/J68.0.md,"Bronchite et pneumonopathie dues à des agents chimiques, des émanations, des fumées et des gaz",true,false,true,true,true,0,codable,OWL_ANS,emissible,1778
J68.1,X,X/J68.1.md,"Œdème du poumon dû à des agents chimiques, des émanations, des fumées et des gaz",true,false,true,true,true,0,codable,OWL_ANS,emissible,1709
J68.2,X,X/J68.2.md,"Inflammation des voies respiratoires supérieures due à des agents chimiques, des émanations, des fumées et des gaz, non classée ailleurs",false,false,true,true,false,0,codable,OWL_ANS,emissible,1553
J68.3,X,X/J68.3.md,"Autres affections respiratoires aigües et subaigües dues à des agents chimiques, des émanations, des fumées et des gaz",true,false,true,true,true,0,codable,OWL_ANS,emissible,1721
J68.4,X,X/J68.4.md,"Affections respiratoires chroniques dues à des agents chimiques, des émanations, des fumées et des gaz",true,false,true,true,true,0,codable,OWL_ANS,emissible,2323
J68.8,X,X/J68.8.md,"Autres affections respiratoires dues à des agents chimiques, des émanations, des fumées et des gaz",false,false,true,true,true,0,codable,OWL_ANS,emissible,2240
J68.9,X,X/J68.9.md,"Affection respiratoire due à des agents chimiques, des émanations, des fumées et des gaz, sans précision",false,false,true,true,true,0,codable,OWL_ANS,emissible,1643
J69.0,X,X/J69.0.md,Pneumopathie due à des aliments et des vomissements,true,false,true,true,true,0,codable,OWL_ANS,emissible,2422
J69.1,X,X/J69.1.md,Pneumopathie due à des huiles et des essences,true,false,true,true,true,0,codable,OWL_ANS,emissible,1881
J69.8,X,X/J69.8.md,Pneumopathie due à d'autres substances solides et liquides,true,false,true,true,true,0,codable,OWL_ANS,emissible,1916
J70.0,X,X/J70.0.md,Affections pulmonaires aigües dues à une irradiation,true,false,true,true,true,0,codable,OWL_ANS,emissible,1951
J70.1,X,X/J70.1.md,Affections pulmonaires chroniques et autres dues à une irradiation,true,false,true,true,true,0,codable,OWL_ANS,emissible,1975
J70.2,X,X/J70.2.md,"Affections pulmonaires interstitielles aigües, médicamenteuses",false,false,true,true,true,0,codable,OWL_ANS,emissible,1730
J70.3,X,X/J70.3.md,"Affections pulmonaires interstitielles chroniques, médicamenteuses",false,false,true,true,true,0,codable,OWL_ANS,emissible,1865
J70.4,X,X/J70.4.md,"Affection pulmonaire interstitielle médicamenteuse, sans précision",false,false,true,true,true,0,codable,OWL_ANS,emissible,1885
J70.8,X,X/J70.8.md,Affections respiratoires dues à d'autres agents externes précisés,false,false,true,true,true,0,codable,OWL_ANS,emissible,2230
J70.9,X,X/J70.9.md,Affection respiratoire due à un agent externe non précisé,false,false,true,true,true,0,codable,OWL_ANS,emissible,1915
J80,X,X/J80.md,Syndrome de détresse respiratoire aigüe,true,false,true,false,true,0,codable,OWL_ANS,emissible,1616
J81,X,X/J81.md,Œdème pulmonaire,true,false,true,true,true,0,codable,OWL_ANS,emissible,2237
J82,X,X/J82.md,"Éosinophilie pulmonaire, non classée ailleurs",true,false,true,false,true,0,codable,OWL_ANS,emissible,1944
J84.0,X,X/J84.0.md,Pneumopathies alvéolaires et pariétoalvéolaires,true,false,true,false,true,0,codable,OWL_ANS,emissible,1980
J84.1,X,X/J84.1.md,Autres affections pulmonaires interstitielles avec fibrose,true,false,true,false,true,0,codable,OWL_ANS,emissible,2233
J84.8,X,X/J84.8.md,Autres affections pulmonaires interstitielles précisées,false,false,true,false,true,0,codable,OWL_ANS,emissible,1991
J84.9,X,X/J84.9.md,"Affection pulmonaire interstitielle, sans précision",true,false,true,false,true,0,codable,OWL_ANS,emissible,1489
J85.0,X,X/J85.0.md,Gangrène et nécrose du poumon,false,false,true,false,true,0,codable,OWL_ANS,emissible,1313
J85.1,X,X/J85.1.md,Abcès du poumon avec pneumopathie,false,false,true,false,true,0,codable,OWL_ANS,emissible,1495
J85.2,X,X/J85.2.md,Abcès du poumon sans pneumopathie,true,false,true,false,true,0,codable,OWL_ANS,emissible,1448
J85.3,X,X/J85.3.md,Abcès du médiastin,false,false,true,false,true,0,codable,OWL_ANS,emissible,1213
J86.0,X,X/J86.0.md,Pyothorax avec fistule,true,false,true,false,true,0,codable,OWL_ANS,emissible,1874
J86.9,X,X/J86.9.md,Pyothorax sans fistule,true,false,true,false,true,0,codable,OWL_ANS,emissible,1874
J90,X,X/J90.md,"Épanchement pleural, non classé ailleurs",true,false,true,false,true,0,codable,OWL_ANS,emissible,1620
J91,X,X/J91.md,Épanchement pleural au cours de maladies classées ailleurs,false,false,true,false,false,0,codable,OWL_ANS,emissible,972
J92.0,X,X/J92.0.md,Plaque pleurale avec asbestose,true,false,true,false,true,0,codable,OWL_ANS,emissible,1378
J92.9,X,X/J92.9.md,Plaque pleurale sans asbestose,true,false,true,false,true,0,codable,OWL_ANS,emissible,1517
J93.0,X,X/J93.0.md,Pneumothorax spontané avec pression positive,false,false,true,false,false,0,codable,OWL_ANS,emissible,1182
J93.1,X,X/J93.1.md,Autres pneumothorax spontanés,false,false,true,false,true,0,codable,OWL_ANS,emissible,1489
J93.8,X,X/J93.8.md,Autres pneumothorax,false,false,true,false,true,0,codable,OWL_ANS,emissible,1401
J93.9,X,X/J93.9.md,"Pneumothorax, sans précision",false,false,true,false,true,0,codable,OWL_ANS,emissible,1457
J94.0,X,X/J94.0.md,Épanchement chyleux,true,false,true,false,true,0,codable,OWL_ANS,emissible,1498
J94.1,X,X/J94.1.md,Fibrothorax,false,false,true,false,true,0,codable,OWL_ANS,emissible,1334
J94.2,X,X/J94.2.md,Hémothorax,true,false,true,false,true,0,codable,OWL_ANS,emissible,1583
J94.8,X,X/J94.8.md,Autres affections pleurales précisées,true,false,true,false,true,0,codable,OWL_ANS,emissible,1777
J94.9,X,X/J94.9.md,"Affection pleurale, sans précision",false,false,true,false,true,1,interdit_dp_dr,OWL_ANS,emissible,1497
J95.0,X,X/J95.0.md,Fonctionnement défectueux d'une trachéotomie,true,false,true,true,true,0,codable,OWL_ANS,emissible,2323
J95.1,X,X/J95.1.md,Insuffisance pulmonaire aigüe consécutive à une intervention chirurgicale thoracique,false,false,true,true,true,0,codable,OWL_ANS,emissible,2145
J95.2,X,X/J95.2.md,Insuffisance pulmonaire aigüe consécutive à une intervention chirurgicale non thoracique,false,false,true,false,true,0,codable,OWL_ANS,emissible,1414
J95.3,X,X/J95.3.md,Insuffisance pulmonaire chronique consécutive à une intervention chirurgicale,false,false,true,false,true,0,codable,OWL_ANS,emissible,1539
J95.4,X,X/J95.4.md,Syndrome de Mendelson,true,false,true,false,true,0,codable,OWL_ANS,emissible,1866
J95.5,X,X/J95.5.md,Sténose sousglottique après un acte à visée diagnostique et thérapeutique,false,false,true,false,true,0,codable,OWL_ANS,emissible,1669
J95.8,X,X/J95.8.md,"Autres troubles respiratoires après un acte à visée diagnostique et thérapeutique, non classés ailleurs",false,false,true,true,true,0,codable,OWL_ANS,emissible,3120
J95.9,X,X/J95.9.md,"Trouble respiratoire après un acte à visée diagnostique et thérapeutique, sans précision",false,false,true,false,true,1,interdit_dp_dr,OWL_ANS,emissible,1593
J96.0,X,X/J96.0.md,Insuffisance respiratoire aigüe,false,false,true,false,true,0,codable,OWL_ANS,emissible,1839
J96.00,X,X/J96.00.md,"Insuffisance respiratoire aigüe - "" Type I [hypoxique] """,false,false,true,true,true,0,codable,OWL_ANS,emissible,2241
J96.01,X,X/J96.01.md,"Insuffisance respiratoire aigüe - "" Type II [hypercapnique] """,false,false,true,true,true,0,codable,OWL_ANS,emissible,2177
J96.09,X,X/J96.09.md,"Insuffisance respiratoire aigüe - "" Type non précisé """,false,false,true,true,false,0,codable,OWL_ANS,emissible,1917
J96.1,X,X/J96.1.md,Insuffisance respiratoire chronique,false,false,true,false,true,0,codable,OWL_ANS,emissible,1530
J96.1+0,X,X/J96.1+0.md,Insuffisance respiratoire chronique obstructive,false,false,true,true,false,0,codable,OWL_ANS,emissible,1786
J96.1+1,X,X/J96.1+1.md,Insuffisance respiratoire chronique restrictive,false,false,true,true,false,0,codable,OWL_ANS,emissible,1786
J96.10,X,X/J96.10.md,"Insuffisance respiratoire chronique - "" Type I [hypoxique] """,false,false,true,false,true,0,codable,OWL_ANS,emissible,1617
J96.100,X,X/J96.100.md,Insuffisance respiratoire chronique obstructive de type I [hypoxique],false,false,true,true,false,0,codable,ATIH,emissible,1808
J96.101,X,X/J96.101.md,Insuffisance respiratoire chronique restrictive de type I [hypoxique],false,false,true,true,false,0,codable,ATIH,emissible,1808
J96.11,X,X/J96.11.md,"Insuffisance respiratoire chronique - "" Type II [hypercapnique] """,false,false,true,false,true,0,codable,OWL_ANS,emissible,1626
J96.110,X,X/J96.110.md,Insuffisance respiratoire chronique obstructive de type II [hypercapnique],false,false,true,true,false,0,codable,ATIH,emissible,1813
J96.111,X,X/J96.111.md,Insuffisance respiratoire chronique restrictive de type II [hypercapnique],false,false,true,true,false,0,codable,ATIH,emissible,1813
J96.19,X,X/J96.19.md,"Insuffisance respiratoire chronique - "" Type non précisé """,false,false,true,false,true,0,codable,OWL_ANS,emissible,1900
J96.190,X,X/J96.190.md,"Insuffisance respiratoire chronique obstructive, type non précisé",false,false,true,true,false,0,codable,ATIH,emissible,1804
J96.191,X,X/J96.191.md,"Insuffisance respiratoire chronique restrictive, type non précisé",false,false,true,true,false,0,codable,ATIH,emissible,1804
J96.9,X,X/J96.9.md,"Insuffisance respiratoire, sans précision",false,false,true,false,true,0,codable,OWL_ANS,emissible,1523
J96.90,X,X/J96.90.md,"Insuffisance respiratoire, sans précision - "" Type I [hypoxique] """,false,false,true,false,true,0,codable,OWL_ANS,emissible,1671
J96.91,X,X/J96.91.md,"Insuffisance respiratoire, sans précision - "" Type II [hypercapnique] """,false,false,true,false,true,0,codable,OWL_ANS,emissible,1600
J96.99,X,X/J96.99.md,"Insuffisance respiratoire, sans précision - "" Type non précisé """,false,false,true,false,true,0,codable,OWL_ANS,emissible,1818
J98.0,X,X/J98.0.md,"Affections des bronches, non classées ailleurs",true,false,true,false,true,0,codable,OWL_ANS,emissible,1980
J98.1,X,X/J98.1.md,Collapsus pulmonaire,true,false,true,false,true,0,codable,OWL_ANS,emissible,1715
J98.2,X,X/J98.2.md,Emphysème interstitiel,true,false,true,false,true,0,codable,OWL_ANS,emissible,1693
J98.3,X,X/J98.3.md,Emphysème compensateur,false,false,true,false,true,0,codable,OWL_ANS,emissible,1179
J98.4,X,X/J98.4.md,Autres affections pulmonaires,true,false,true,false,true,0,codable,OWL_ANS,emissible,1651
J98.5,X,X/J98.5.md,"Maladies du médiastin, non classées ailleurs",true,false,true,false,true,0,codable,OWL_ANS,emissible,1910
J98.60,X,X/J98.60.md,Paralysie du diaphragme,true,false,true,false,false,0,codable,OWL_ANS,emissible,1199
J98.68,X,X/J98.68.md,Autres maladies du diaphragme,true,false,true,false,false,0,codable,OWL_ANS,emissible,1339
J98.7,X,X/J98.7.md,Infections respiratoires non classées ailleurs,true,false,true,false,false,3,pere_interdit,OWL_ANS,emissible,1322
J98.8,X,X/J98.8.md,Autres troubles respiratoires précisés,false,false,true,false,true,0,codable,OWL_ANS,emissible,1882
J98.9,X,X/J98.9.md,"Trouble respiratoire, sans précision",true,false,true,false,true,1,interdit_dp_dr,OWL_ANS,emissible,1569
J99.0,X,X/J99.0.md,Maladie pulmonaire rhumatoïde ,false,false,true,false,true,0,codable,OWL_ANS,emissible,1018
J99.1,X,X/J99.1.md,Troubles respiratoires au cours d'autres affections disséminées du tissu conjonctif,true,false,true,false,true,0,codable,OWL_ANS,emissible,1526
J99.8,X,X/J99.8.md,Troubles respiratoires au cours d'autres maladies classées ailleurs,true,false,true,false,false,0,codable,OWL_ANS,emissible,1505
K00.0,XI,XI/K00.0.md,Anodontie,true,false,true,false,true,0,codable,OWL_ANS,emissible,1287
K00.1,XI,XI/K00.1.md,Dents surnuméraires,true,false,true,false,true,0,codable,OWL_ANS,emissible,1273
K00.2,XI,XI/K00.2.md,Anomalies de volume et de forme des dents,true,false,true,false,true,0,codable,OWL_ANS,emissible,1724
K00.3,XI,XI/K00.3.md,Dents tachetées,true,false,true,false,true,0,codable,OWL_ANS,emissible,1441
K00.4,XI,XI/K00.4.md,Troubles de la formation des dents,true,false,true,false,true,0,codable,OWL_ANS,emissible,1778
K00.5,XI,XI/K00.5.md,"Anomalies héréditaires de la structure dentaire, non classées ailleurs",true,false,true,false,true,0,codable,OWL_ANS,emissible,1398
K00.6,XI,XI/K00.6.md,Troubles de l'éruption dentaire,true,false,true,false,true,0,codable,OWL_ANS,emissible,1472
K00.7,XI,XI/K00.7.md,Syndrome d'éruption dentaire,false,false,true,false,false,0,codable,OWL_ANS,emissible,1090
K00.8,XI,XI/K00.8.md,Autres troubles de l'odontogénèse,true,false,true,false,false,0,codable,OWL_ANS,emissible,1636
K00.9,XI,XI/K00.9.md,"Troubles de l'odontogénèse, sans précision",true,false,true,false,true,0,codable,OWL_ANS,emissible,1270
K01.0,XI,XI/K01.0.md,Dents incluses,true,false,true,false,true,0,codable,OWL_ANS,emissible,1477
K01.1,XI,XI/K01.1.md,Dents enclavées,true,false,true,false,false,0,codable,OWL_ANS,emissible,1422
K02.0,XI,XI/K02.0.md,Carie limitée à l'émail,true,false,true,false,true,0,codable,OWL_ANS,emissible,1196
K02.1,XI,XI/K02.1.md,Carie de la dentine,false,false,true,false,true,0,codable,OWL_ANS,emissible,1033
K02.2,XI,XI/K02.2.md,Carie du cément,false,false,true,false,true,0,codable,OWL_ANS,emissible,1028
K02.3,XI,XI/K02.3.md,Carie dentaire stabilisée,false,false,true,false,false,0,codable,OWL_ANS,emissible,983
K02.4,XI,XI/K02.4.md,Odontoclasie,true,false,true,false,true,0,codable,OWL_ANS,emissible,1122
K02.5,XI,XI/K02.5.md,Carie avec exposition de la pulpe,false,false,true,false,true,0,codable,OWL_ANS,emissible,1061
K02.8,XI,XI/K02.8.md,Autres caries dentaires,false,false,true,false,false,0,codable,OWL_ANS,emissible,1227
K02.9,XI,XI/K02.9.md,"Carie dentaire, sans précision",false,false,true,false,true,0,codable,OWL_ANS,emissible,1064
K03.0,XI,XI/K03.0.md,Attrition excessive des dents,true,false,true,false,true,0,codable,OWL_ANS,emissible,1314
K03.1,XI,XI/K03.1.md,Abrasion des dents,true,false,true,false,false,0,codable,OWL_ANS,emissible,1375
K03.2,XI,XI/K03.2.md,Érosion des dents,true,false,true,false,false,0,codable,OWL_ANS,emissible,1397
K03.3,XI,XI/K03.3.md,Résorption pathologique des dents,true,false,true,false,true,0,codable,OWL_ANS,emissible,1319
K03.4,XI,XI/K03.4.md,Hypercémentose,true,false,true,false,true,0,codable,OWL_ANS,emissible,1249
K03.5,XI,XI/K03.5.md,Ankylose dentaire,false,false,true,false,true,0,codable,OWL_ANS,emissible,1204
K03.6,XI,XI/K03.6.md,Dépôts [accrétions] sur les dents,true,false,true,false,true,0,codable,OWL_ANS,emissible,1709
K03.7,XI,XI/K03.7.md,Modification de la teinte des tissus dentaires durs après l'éruption,false,false,true,false,true,0,codable,OWL_ANS,emissible,1322
K03.8,XI,XI/K03.8.md,Autres maladies précisées des tissus dentaires durs,true,false,true,false,true,0,codable,OWL_ANS,emissible,1714
K03.9,XI,XI/K03.9.md,"Maladie des tissus dentaires durs, sans précision",false,false,true,false,true,0,codable,OWL_ANS,emissible,1286
K04.0,XI,XI/K04.0.md,Pulpite,true,false,true,false,true,0,codable,OWL_ANS,emissible,1239
K04.1,XI,XI/K04.1.md,Nécrose pulpaire,true,false,true,false,true,0,codable,OWL_ANS,emissible,1106
K04.2,XI,XI/K04.2.md,Dégénérescence pulpaire,true,false,true,false,false,0,codable,OWL_ANS,emissible,1087
K04.3,XI,XI/K04.3.md,Formation anormale de tissus dentaires durs dans la pulpe,true,false,true,false,true,0,codable,OWL_ANS,emissible,1185
K04.4,XI,XI/K04.4.md,Périodontite apicale aigüe d'origine pulpaire,true,false,true,false,false,0,codable,OWL_ANS,emissible,1088
K04.5,XI,XI/K04.5.md,Périodontite apicale chronique,true,false,true,false,true,0,codable,OWL_ANS,emissible,1272
K04.6,XI,XI/K04.6.md,Abcès périapical avec fistule,true,false,true,false,true,0,codable,OWL_ANS,emissible,1217
K04.7,XI,XI/K04.7.md,Abcès périapical sans fistule,true,false,true,false,true,0,codable,OWL_ANS,emissible,1558
K04.8,XI,XI/K04.8.md,Kyste radiculaire,true,false,true,false,true,0,codable,OWL_ANS,emissible,1744
K04.9,XI,XI/K04.9.md,"Maladies de la pulpe et des tissus périapicaux, autres et sans précision",false,false,true,false,false,0,codable,OWL_ANS,emissible,1030
K05.0,XI,XI/K05.0.md,Gingivite aigüe,false,false,true,false,true,0,codable,OWL_ANS,emissible,1245
K05.1,XI,XI/K05.1.md,Gingivite chronique,true,false,true,false,true,0,codable,OWL_ANS,emissible,1327
K05.2,XI,XI/K05.2.md,Périodontite aigüe,true,false,true,false,true,0,codable,OWL_ANS,emissible,1474
K05.3,XI,XI/K05.3.md,Périodontite chronique,true,false,true,false,true,0,codable,OWL_ANS,emissible,1412
K05.4,XI,XI/K05.4.md,Parodontose,true,false,true,false,true,0,codable,OWL_ANS,emissible,1163
K05.5,XI,XI/K05.5.md,Autres maladies périodontales,false,false,true,false,false,0,codable,OWL_ANS,emissible,987
K05.6,XI,XI/K05.6.md,"Maladie périodontale, sans précision",false,false,true,false,true,0,codable,OWL_ANS,emissible,1075
K06.0,XI,XI/K06.0.md,Rétraction gingivale,true,false,true,false,true,0,codable,OWL_ANS,emissible,1373
K06.1,XI,XI/K06.1.md,Hyperplasie gingivale,true,false,true,false,true,0,codable,OWL_ANS,emissible,1302
K06.2,XI,XI/K06.2.md,"Lésions gingivales et de la crête alvéolaire édentée, associées à un traumatisme",true,false,true,false,true,0,codable,OWL_ANS,emissible,1501
K06.8,XI,XI/K06.8.md,Autres affections précisées de la gencive et de la crête alvéolaire édentée,true,false,true,false,true,0,codable,OWL_ANS,emissible,1977
K06.9,XI,XI/K06.9.md,"Affection de la gencive et de la crête alvéolaire édentée, sans précision",false,false,true,false,true,0,codable,OWL_ANS,emissible,1244
K07.0,XI,XI/K07.0.md,Anomalies importantes de dimension des mâchoires,true,false,true,false,true,0,codable,OWL_ANS,emissible,1743
K07.1,XI,XI/K07.1.md,Anomalies de rapport entre les mâchoires et la base du crâne,true,false,true,false,true,0,codable,OWL_ANS,emissible,1479
K07.2,XI,XI/K07.2.md,Anomalies de rapport entre les arcades dentaires,true,false,true,false,true,0,codable,OWL_ANS,emissible,1802
K07.3,XI,XI/K07.3.md,Malposition des dents,true,false,true,false,true,0,codable,OWL_ANS,emissible,1924
K07.4,XI,XI/K07.4.md,"Malocclusion, sans précision",false,false,true,false,true,0,codable,OWL_ANS,emissible,1212
K07.5,XI,XI/K07.5.md,Anomalies dentofaciales fonctionnelles,true,false,true,false,true,0,codable,OWL_ANS,emissible,1595
K07.6,XI,XI/K07.6.md,Lésions de l'articulation temporomandibulaire,true,false,true,false,true,0,codable,OWL_ANS,emissible,2484
K07.8,XI,XI/K07.8.md,Autres anomalies dentofaciales,false,false,true,false,true,0,codable,OWL_ANS,emissible,1668
K07.9,XI,XI/K07.9.md,"Anomalie dentofaciale, sans précision",false,false,true,false,true,0,codable,OWL_ANS,emissible,1304
K08.0,XI,XI/K08.0.md,Exfoliation dentaire due à des causes générales,false,false,true,false,true,0,codable,OWL_ANS,emissible,1095
K08.1,XI,XI/K08.1.md,"Perte de dents consécutive à accident, extraction ou affection périodontale localisée",false,false,true,false,true,0,codable,OWL_ANS,emissible,1147
K08.2,XI,XI/K08.2.md,Atrophie de la crête alvéolaire édentée,false,false,true,false,true,0,codable,OWL_ANS,emissible,1098
K08.3,XI,XI/K08.3.md,Racine dentaire laissée en place,false,false,true,false,true,0,codable,OWL_ANS,emissible,1064
K08.8,XI,XI/K08.8.md,Autres affections précisées des dents et du parodonte,true,false,true,false,true,0,codable,OWL_ANS,emissible,1890
K08.9,XI,XI/K08.9.md,"Affection des dents et du parodonte, sans précision",false,false,true,false,true,1,interdit_dp_dr,OWL_ANS,emissible,1316
K09.0,XI,XI/K09.0.md,Kystes dentaires liés au développement (odontogènes),true,false,true,false,true,0,codable,OWL_ANS,emissible,1677
K09.1,XI,XI/K09.1.md,Kystes de la région buccale non liés au développement dentaire,true,false,true,false,true,0,codable,OWL_ANS,emissible,1713
K09.2,XI,XI/K09.2.md,Autres kystes de la mâchoire,true,false,true,false,true,0,codable,OWL_ANS,emissible,1779
K09.8,XI,XI/K09.8.md,"Autres kystes de la région buccale, non classés ailleurs",true,false,true,false,true,0,codable,OWL_ANS,emissible,1954
K09.9,XI,XI/K09.9.md,"Kyste de la région buccale, sans précision",true,false,true,false,false,0,codable,OWL_ANS,emissible,1356
K10.0,XI,XI/K10.0.md,Maladies liées au développement des mâchoires,true,false,true,false,true,0,codable,OWL_ANS,emissible,1260
K10.1,XI,XI/K10.1.md,"Granulome à cellules géantes, central",true,false,true,false,true,0,codable,OWL_ANS,emissible,1304
K10.2,XI,XI/K10.2.md,Affections inflammatoires des mâchoires,true,false,true,false,true,0,codable,OWL_ANS,emissible,1871
K10.3,XI,XI/K10.3.md,Alvéolite des mâchoires,true,false,true,false,true,0,codable,OWL_ANS,emissible,1279
K10.8,XI,XI/K10.8.md,Autres maladies précisées des mâchoires,true,false,true,false,true,0,codable,OWL_ANS,emissible,1777
K10.9,XI,XI/K10.9.md,"Maladie des mâchoires, sans précision",false,false,true,false,true,1,interdit_dp_dr,OWL_ANS,emissible,1203
K11.0,XI,XI/K11.0.md,Atrophie des glandes salivaires,false,false,true,false,true,0,codable,OWL_ANS,emissible,1049
K11.1,XI,XI/K11.1.md,Hypertrophie des glandes salivaires,false,false,true,false,true,0,codable,OWL_ANS,emissible,1167
K11.2,XI,XI/K11.2.md,Sialoadénite,false,false,true,false,true,0,codable,OWL_ANS,emissible,1608
K11.3,XI,XI/K11.3.md,Abcès des glandes salivaires,false,false,true,false,true,0,codable,OWL_ANS,emissible,1305
K11.4,XI,XI/K11.4.md,Fistule des glandes salivaires,false,false,true,false,true,0,codable,OWL_ANS,emissible,1185
K11.5,XI,XI/K11.5.md,Sialolithiase,true,false,true,false,true,0,codable,OWL_ANS,emissible,1461
K11.6,XI,XI/K11.6.md,Mucocèle des glandes salivaires,true,false,true,false,true,0,codable,OWL_ANS,emissible,1285
K11.7,XI,XI/K11.7.md,Troubles de la sécrétion salivaire,true,false,true,false,true,0,codable,OWL_ANS,emissible,1423
K11.8,XI,XI/K11.8.md,Autres maladies des glandes salivaires,true,false,true,false,true,0,codable,OWL_ANS,emissible,1923
K11.9,XI,XI/K11.9.md,"Maladie des glandes salivaires, sans précision",true,false,true,false,true,0,codable,OWL_ANS,emissible,1277
K12.0,XI,XI/K12.0.md,Aphtes buccaux récidivants,true,false,true,false,true,0,codable,OWL_ANS,emissible,1662
K12.1,XI,XI/K12.1.md,Autres formes de stomatite,true,false,true,false,true,0,codable,OWL_ANS,emissible,1795
K12.2,XI,XI/K12.2.md,Phlegmon et abcès de la bouche,true,false,true,false,true,0,codable,OWL_ANS,emissible,1994
K12.3,XI,XI/K12.3.md,Mucite buccale (ulcéreuse),true,false,true,false,true,0,codable,OWL_ANS,emissible,1647
K13.0,XI,XI/K13.0.md,Maladies des lèvres,true,false,true,false,true,0,codable,OWL_ANS,emissible,2097
K13.1,XI,XI/K13.1.md,Morsure de la joue et de la lèvre,true,false,true,false,true,0,codable,OWL_ANS,emissible,1447
K13.2,XI,XI/K13.2.md,"Leucoplasie et autres anomalies de l'épithélium buccal, y compris la langue",true,false,true,false,true,0,codable,OWL_ANS,emissible,2083
K13.3,XI,XI/K13.3.md,Tricholeucoplasie,true,false,true,false,true,0,codable,OWL_ANS,emissible,1408
K13.4,XI,XI/K13.4.md,Granulome et lésions pseudogranulomateuses de la muqueuse buccale,true,false,true,false,true,0,codable,OWL_ANS,emissible,1696
K13.5,XI,XI/K13.5.md,Fibrose sousmuqueuse de la bouche,true,false,true,false,true,0,codable,OWL_ANS,emissible,1486
K13.6,XI,XI/K13.6.md,Hyperplasie inflammatoire de la muqueuse buccale,true,false,true,false,true,0,codable,OWL_ANS,emissible,1563
K13.7,XI,XI/K13.7.md,"Lésions de la muqueuse buccale, autres et sans précision",true,false,true,false,true,0,codable,OWL_ANS,emissible,2010
K14.0,XI,XI/K14.0.md,Glossite,true,false,true,false,true,0,codable,OWL_ANS,emissible,1945
K14.1,XI,XI/K14.1.md,Langue géographique,true,false,true,false,true,0,codable,OWL_ANS,emissible,1533
K14.2,XI,XI/K14.2.md,Glossite losangique médiane,false,false,true,false,true,0,codable,OWL_ANS,emissible,1394
K14.3,XI,XI/K14.3.md,Hypertrophie des papilles linguales,true,false,true,false,true,0,codable,OWL_ANS,emissible,1550
K14.4,XI,XI/K14.4.md,Atrophie des papilles de la langue,true,false,true,false,true,0,codable,OWL_ANS,emissible,1524
K14.5,XI,XI/K14.5.md,Langue plicaturée,true,false,true,false,true,0,codable,OWL_ANS,emissible,1599
K14.6,XI,XI/K14.6.md,Glossodynie,true,false,true,false,true,0,codable,OWL_ANS,emissible,1499
K14.8,XI,XI/K14.8.md,Autres maladies de la langue,true,false,true,false,true,0,codable,OWL_ANS,emissible,2207
K14.9,XI,XI/K14.9.md,"Maladie de la langue, sans précision",true,false,true,false,true,1,interdit_dp_dr,OWL_ANS,emissible,1541
K20,XI,XI/K20.md,Œsophagite,true,false,true,false,true,0,codable,OWL_ANS,emissible,1750
K21.0,XI,XI/K21.0.md,Reflux gastroœsophagien avec œsophagite,true,false,true,false,true,0,codable,OWL_ANS,emissible,1205
K21.9,XI,XI/K21.9.md,Reflux gastroœsophagien sans œsophagite,true,false,true,false,true,0,codable,OWL_ANS,emissible,1453
K22.0,XI,XI/K22.0.md,Achalasie du cardia,true,false,true,false,true,0,codable,OWL_ANS,emissible,1722
K22.1,XI,XI/K22.1.md,Ulcère de l'œsophage,true,false,true,false,true,0,codable,OWL_ANS,emissible,1863
K22.2,XI,XI/K22.2.md,Obstruction de l'œsophage,true,false,true,false,true,0,codable,OWL_ANS,emissible,1904
K22.3,XI,XI/K22.3.md,Perforation de l'œsophage,true,false,true,false,true,0,codable,OWL_ANS,emissible,1691
K22.4,XI,XI/K22.4.md,Dyskinésie de l'œsophage,true,false,true,false,true,0,codable,OWL_ANS,emissible,1719
K22.5,XI,XI/K22.5.md,Diverticule acquis de l'œsophage,true,false,true,false,true,0,codable,OWL_ANS,emissible,1702
K22.6,XI,XI/K22.6.md,Syndrome de dilacération hémorragique gastroœsophagienne,true,false,true,false,true,0,codable,OWL_ANS,emissible,1367
K22.7,XI,XI/K22.7.md,Endobrachyœsophage [œsophage de Barrett],true,false,true,false,true,0,codable,OWL_ANS,emissible,1478
K22.8,XI,XI/K22.8.md,Autres maladies précisées de l'œsophage,true,false,true,false,true,0,codable,OWL_ANS,emissible,2189
K22.9,XI,XI/K22.9.md,"Maladie de l'œsophage, sans précision",false,false,true,false,true,1,interdit_dp_dr,OWL_ANS,emissible,1460
K23.0,XI,XI/K23.0.md,Œsophagite tuberculeuse ,false,false,true,false,false,0,codable,OWL_ANS,emissible,1048
K23.1,XI,XI/K23.1.md,Mégaœsophage au cours de la maladie de Chagas ,false,false,true,false,false,0,codable,OWL_ANS,emissible,1070
K23.80,XI,XI/K23.80.md,Œsophagite herpétique,false,false,true,false,true,0,codable,OWL_ANS,emissible,1112
K23.81,XI,XI/K23.81.md,Œsophagite à Candida,false,false,true,false,true,0,codable,OWL_ANS,emissible,1110
K23.88,XI,XI/K23.88.md,"Atteintes de l’œsophage au cours de maladies classées ailleurs, autres",false,false,true,false,false,0,codable,OWL_ANS,emissible,1096
K25.0,XI,XI/K25.0.md,"Ulcère de l'estomac - "" Aigu avec hémorragie """,true,false,true,false,true,0,codable,OWL_ANS,emissible,1813
K25.1,XI,XI/K25.1.md,"Ulcère de l'estomac - "" Aigu avec perforation """,true,false,true,false,false,0,codable,OWL_ANS,emissible,1571
K25.2,XI,XI/K25.2.md,"Ulcère de l'estomac - "" Aigu avec hémorragie et perforation """,true,false,true,false,false,0,codable,OWL_ANS,emissible,1585
K25.3,XI,XI/K25.3.md,"Ulcère de l'estomac - "" Aigu sans hémorragie ni perforation """,true,false,true,true,true,0,codable,OWL_ANS,emissible,2448
K25.4,XI,XI/K25.4.md,"Ulcère de l'estomac - "" Chronique ou non précisé, avec hémorragie """,true,false,true,false,true,0,codable,OWL_ANS,emissible,1972
K25.5,XI,XI/K25.5.md,"Ulcère de l'estomac - "" Chronique ou non précisé, avec perforation """,true,false,true,false,true,0,codable,OWL_ANS,emissible,1998
K25.6,XI,XI/K25.6.md,"Ulcère de l'estomac - "" Chronique ou non précisé, avec hémorragie et perforation """,true,false,true,false,true,0,codable,OWL_ANS,emissible,1810
K25.7,XI,XI/K25.7.md,"Ulcère de l'estomac - "" Chronique sans hémorragie ni perforation """,true,false,true,false,true,0,codable,OWL_ANS,emissible,1927
K25.9,XI,XI/K25.9.md,"Ulcère de l'estomac - "" Non précisé comme étant aigu ou chronique, sans hémorragie ni perforation """,true,false,true,false,true,0,codable,OWL_ANS,emissible,1970
K26.0,XI,XI/K26.0.md,"Ulcère du duodénum - "" Aigu avec hémorragie """,true,false,true,false,true,0,codable,OWL_ANS,emissible,1639
K26.1,XI,XI/K26.1.md,"Ulcère du duodénum - "" Aigu avec perforation """,true,false,true,false,false,0,codable,OWL_ANS,emissible,1531
K26.2,XI,XI/K26.2.md,"Ulcère du duodénum - "" Aigu avec hémorragie et perforation """,true,false,true,false,false,0,codable,OWL_ANS,emissible,1545
K26.3,XI,XI/K26.3.md,"Ulcère du duodénum - "" Aigu sans hémorragie ni perforation """,true,false,true,false,true,0,codable,OWL_ANS,emissible,1684
K26.4,XI,XI/K26.4.md,"Ulcère du duodénum - "" Chronique ou non précisé, avec hémorragie """,true,false,true,false,true,0,codable,OWL_ANS,emissible,1916
K26.5,XI,XI/K26.5.md,"Ulcère du duodénum - "" Chronique ou non précisé, avec perforation """,true,false,true,false,true,0,codable,OWL_ANS,emissible,1926
K26.6,XI,XI/K26.6.md,"Ulcère du duodénum - "" Chronique ou non précisé, avec hémorragie et perforation """,true,false,true,false,true,0,codable,OWL_ANS,emissible,1842
K26.7,XI,XI/K26.7.md,"Ulcère du duodénum - "" Chronique sans hémorragie ni perforation """,true,false,true,false,true,0,codable,OWL_ANS,emissible,1700
K26.9,XI,XI/K26.9.md,"Ulcère du duodénum - "" Non précisé comme étant aigu ou chronique, sans hémorragie ni perforation """,true,false,true,false,true,0,codable,OWL_ANS,emissible,1936
K27.0,XI,XI/K27.0.md,"Ulcère digestif, de siège non précisé - "" Aigu avec hémorragie """,true,false,true,false,true,0,codable,OWL_ANS,emissible,1605
K27.1,XI,XI/K27.1.md,"Ulcère digestif, de siège non précisé - "" Aigu avec perforation """,true,false,true,false,true,0,codable,OWL_ANS,emissible,1575
K27.2,XI,XI/K27.2.md,"Ulcère digestif, de siège non précisé - "" Aigu avec hémorragie et perforation """,true,false,true,false,false,0,codable,OWL_ANS,emissible,1497
K27.3,XI,XI/K27.3.md,"Ulcère digestif, de siège non précisé - "" Aigu sans hémorragie ni perforation """,true,false,true,false,true,0,codable,OWL_ANS,emissible,1604
K27.4,XI,XI/K27.4.md,"Ulcère digestif, de siège non précisé - "" Chronique ou non précisé, avec hémorragie """,true,false,true,false,true,0,codable,OWL_ANS,emissible,1900
K27.5,XI,XI/K27.5.md,"Ulcère digestif, de siège non précisé - "" Chronique ou non précisé, avec perforation """,true,false,true,false,true,0,codable,OWL_ANS,emissible,1819
K27.6,XI,XI/K27.6.md,"Ulcère digestif, de siège non précisé - "" Chronique ou non précisé, avec hémorragie et perforation """,true,false,true,false,true,0,codable,OWL_ANS,emissible,1805
K27.7,XI,XI/K27.7.md,"Ulcère digestif, de siège non précisé - "" Chronique sans hémorragie ni perforation """,true,false,true,false,true,0,codable,OWL_ANS,emissible,1636
K27.9,XI,XI/K27.9.md,"Ulcère digestif, de siège non précisé - "" Non précisé comme étant aigu ou chronique, sans hémorragie ni perforation """,true,false,true,false,true,0,codable,OWL_ANS,emissible,1831
K28.0,XI,XI/K28.0.md,"Ulcère gastrojéjunal - "" Aigu avec hémorragie """,true,false,true,false,false,0,codable,OWL_ANS,emissible,1980
K28.1,XI,XI/K28.1.md,"Ulcère gastrojéjunal - "" Aigu avec perforation """,true,false,true,false,true,0,codable,OWL_ANS,emissible,2045
K28.2,XI,XI/K28.2.md,"Ulcère gastrojéjunal - "" Aigu avec hémorragie et perforation """,true,false,true,false,true,0,codable,OWL_ANS,emissible,2088
K28.3,XI,XI/K28.3.md,"Ulcère gastrojéjunal - "" Aigu sans hémorragie ni perforation """,true,false,true,false,false,0,codable,OWL_ANS,emissible,1995
K28.4,XI,XI/K28.4.md,"Ulcère gastrojéjunal - "" Chronique ou non précisé, avec hémorragie """,true,false,true,false,true,0,codable,OWL_ANS,emissible,2104
K28.5,XI,XI/K28.5.md,"Ulcère gastrojéjunal - "" Chronique ou non précisé, avec perforation """,true,false,true,false,true,0,codable,OWL_ANS,emissible,2210
K28.6,XI,XI/K28.6.md,"Ulcère gastrojéjunal - "" Chronique ou non précisé, avec hémorragie et perforation """,true,false,true,false,false,0,codable,OWL_ANS,emissible,2016
K28.7,XI,XI/K28.7.md,"Ulcère gastrojéjunal - "" Chronique sans hémorragie ni perforation """,true,false,true,false,false,0,codable,OWL_ANS,emissible,2000
K28.9,XI,XI/K28.9.md,"Ulcère gastrojéjunal - "" Non précisé comme étant aigu ou chronique, sans hémorragie ni perforation """,true,false,true,false,true,0,codable,OWL_ANS,emissible,2400
K29.0,XI,XI/K29.0.md,Gastrite hémorragique aigüe,true,false,true,false,true,0,codable,OWL_ANS,emissible,1741
K29.1,XI,XI/K29.1.md,Autres gastrites aigües,false,false,true,true,true,0,codable,OWL_ANS,emissible,1919
K29.2,XI,XI/K29.2.md,Gastrite alcoolique,false,false,true,false,true,0,codable,OWL_ANS,emissible,1308
K29.3,XI,XI/K29.3.md,Gastrite chronique superficielle,false,false,true,false,false,0,codable,OWL_ANS,emissible,1212
K29.4,XI,XI/K29.4.md,Gastrite chronique atrophique,true,false,true,false,true,0,codable,OWL_ANS,emissible,1455
K29.5,XI,XI/K29.5.md,"Gastrite chronique, sans précision",true,false,true,false,true,0,codable,OWL_ANS,emissible,1643
K29.6,XI,XI/K29.6.md,Autres gastrites,true,false,true,false,true,0,codable,OWL_ANS,emissible,1729
K29.7,XI,XI/K29.7.md,"Gastrite, sans précision",false,false,true,false,true,0,codable,OWL_ANS,emissible,1504
K29.8,XI,XI/K29.8.md,Duodénite,false,false,true,false,true,0,codable,OWL_ANS,emissible,1873
K29.9,XI,XI/K29.9.md,"Gastroduodénite, sans précision",false,false,true,false,true,0,codable,OWL_ANS,emissible,1465
K30,XI,XI/K30.md,Dyspepsie fonctionnelle,true,false,true,false,true,0,codable,OWL_ANS,emissible,1401
K31.0,XI,XI/K31.0.md,Dilatation aigüe de l'estomac,true,false,true,false,true,0,codable,OWL_ANS,emissible,1676
K31.1,XI,XI/K31.1.md,Sténose pylorique hypertrophique de l'adulte,true,false,true,false,true,0,codable,OWL_ANS,emissible,1774
K31.2,XI,XI/K31.2.md,Estomac en sablier et sténose de l'estomac,true,false,true,false,true,0,codable,OWL_ANS,emissible,1760
K31.3,XI,XI/K31.3.md,"Spasme du pylore, non classé ailleurs",true,false,true,false,true,0,codable,OWL_ANS,emissible,1526
K31.4,XI,XI/K31.4.md,Diverticule gastrique,true,false,true,false,true,0,codable,OWL_ANS,emissible,1448
K31.5,XI,XI/K31.5.md,Obstruction du duodénum,true,false,true,false,true,0,codable,OWL_ANS,emissible,1958
K31.6,XI,XI/K31.6.md,Fistule de l'estomac et du duodénum,true,false,true,false,true,0,codable,OWL_ANS,emissible,1755
K31.7,XI,XI/K31.7.md,Polype de l'estomac et du duodénum,true,false,true,false,true,0,codable,OWL_ANS,emissible,1757
K31.8,XI,XI/K31.8.md,Autres maladies précisées de l'estomac et du duodénum,true,false,true,false,true,0,codable,OWL_ANS,emissible,2418
K31.9,XI,XI/K31.9.md,"Maladie de l'estomac et du duodénum, sans précision",true,false,true,false,true,1,interdit_dp_dr,OWL_ANS,emissible,1395
K35.2,XI,XI/K35.2.md,Appendicite aigüe avec péritonite généralisée,true,false,true,false,true,0,codable,OWL_ANS,emissible,1231
K35.3,XI,XI/K35.3.md,Appendicite aigüe avec péritonite localisée,true,false,true,false,true,0,codable,OWL_ANS,emissible,1514
K35.8,XI,XI/K35.8.md,"Appendicite aigüe, autre et non précisée",true,false,true,false,true,0,codable,OWL_ANS,emissible,1534
K36,XI,XI/K36.md,Autres formes d'appendicite,true,false,true,false,true,0,codable,OWL_ANS,emissible,1234
K37,XI,XI/K37.md,"Appendicite, sans précision",false,false,true,false,true,0,codable,OWL_ANS,emissible,1169
K38.0,XI,XI/K38.0.md,Hyperplasie de l'appendice,false,false,true,false,false,0,codable,OWL_ANS,emissible,935
K38.1,XI,XI/K38.1.md,Concrétions appendiculaires,true,false,true,false,true,0,codable,OWL_ANS,emissible,1162
K38.2,XI,XI/K38.2.md,Diverticule de l'appendice,false,false,true,false,false,0,codable,OWL_ANS,emissible,935
K38.3,XI,XI/K38.3.md,Fistule de l'appendice,false,false,true,false,true,0,codable,OWL_ANS,emissible,1051
K38.8,XI,XI/K38.8.md,Autres maladies précisées de l'appendice,true,false,true,false,true,0,codable,OWL_ANS,emissible,1501
K38.9,XI,XI/K38.9.md,"Maladie de l'appendice, sans précision",false,false,true,false,false,1,interdit_dp_dr,OWL_ANS,emissible,949
K40.0,XI,XI/K40.0.md,"Hernie inguinale bilatérale, avec occlusion, sans gangrène",true,false,true,false,true,0,codable,OWL_ANS,emissible,1776
K40.1,XI,XI/K40.1.md,"Hernie inguinale bilatérale, avec gangrène",true,false,true,false,false,0,codable,OWL_ANS,emissible,1615
K40.2,XI,XI/K40.2.md,"Hernie inguinale bilatérale, sans occlusion ni gangrène",true,false,true,false,true,0,codable,OWL_ANS,emissible,1842
K40.3,XI,XI/K40.3.md,"Hernie inguinale unilatérale ou sans précision, avec occlusion, sans gangrène",true,false,true,false,true,0,codable,OWL_ANS,emissible,2221
K40.4,XI,XI/K40.4.md,"Hernie inguinale, unilatérale ou sans précision, avec gangrène",true,false,true,false,true,0,codable,OWL_ANS,emissible,1962
K40.9,XI,XI/K40.9.md,"Hernie inguinale, unilatérale ou sans précision, sans occlusion ni gangrène",true,false,true,false,true,0,codable,OWL_ANS,emissible,2026
K41.0,XI,XI/K41.0.md,"Hernie crurale bilatérale, avec occlusion, sans gangrène",true,false,true,false,false,0,codable,OWL_ANS,emissible,1322
K41.1,XI,XI/K41.1.md,"Hernie crurale bilatérale, avec gangrène",true,false,true,false,false,0,codable,OWL_ANS,emissible,1306
K41.2,XI,XI/K41.2.md,"Hernie crurale bilatérale, sans occlusion ni gangrène",true,false,true,false,true,0,codable,OWL_ANS,emissible,1440
K41.3,XI,XI/K41.3.md,"Hernie crurale, unilatérale ou sans précision, avec occlusion, sans gangrène",true,false,true,false,true,0,codable,OWL_ANS,emissible,1673
K41.4,XI,XI/K41.4.md,"Hernie crurale, unilatérale ou sans précision, avec gangrène",true,false,true,false,true,0,codable,OWL_ANS,emissible,1496
K41.9,XI,XI/K41.9.md,"Hernie crurale, unilatérale ou sans précision, sans occlusion ni gangrène",true,false,true,false,true,0,codable,OWL_ANS,emissible,1495
K42.0,XI,XI/K42.0.md,"Hernie ombilicale, avec occlusion, sans gangrène",true,false,true,false,true,0,codable,OWL_ANS,emissible,2044
K42.1,XI,XI/K42.1.md,"Hernie ombilicale, avec gangrène",true,false,true,false,true,0,codable,OWL_ANS,emissible,1657
K42.9,XI,XI/K42.9.md,"Hernie ombilicale, sans occlusion ni gangrène",true,false,true,false,true,0,codable,OWL_ANS,emissible,1868
K43.0,XI,XI/K43.0.md,"Éventration postopératoire, avec occlusion sans gangrène",true,false,true,false,true,0,codable,OWL_ANS,emissible,1787
K43.1,XI,XI/K43.1.md,"Éventration postopératoire, avec gangrène",true,false,true,true,false,0,codable,OWL_ANS,emissible,2218
K43.2,XI,XI/K43.2.md,"Éventration postopératoire, sans occlusion ni gangrène",true,false,true,false,true,0,codable,OWL_ANS,emissible,1834
K43.3,XI,XI/K43.3.md,"Hernie péristomiale, avec occlusion, sans gangrène",true,false,true,false,true,0,codable,OWL_ANS,emissible,1694
K43.4,XI,XI/K43.4.md,"Hernie péristomiale, avec gangrène",true,false,true,false,false,0,codable,OWL_ANS,emissible,1447
K43.5,XI,XI/K43.5.md,"Hernie péristomiale, sans occlusion ni gangrène",true,false,true,true,true,0,codable,OWL_ANS,emissible,2277
K43.6,XI,XI/K43.6.md,"Hernie de la paroi abdominale antérieure autre et non précisée, avec occlusion, sans gangrène",true,false,true,false,true,0,codable,OWL_ANS,emissible,2721
K43.7,XI,XI/K43.7.md,"Hernie de la paroi abdominale antérieure autre et non précisée, avec gangrène",true,false,true,false,true,0,codable,OWL_ANS,emissible,1640
K43.9,XI,XI/K43.9.md,"Hernie de la paroi abdominale antérieure autre et non précisée, sans occlusion ni gangrène",true,false,true,false,true,0,codable,OWL_ANS,emissible,1946
K44.0,XI,XI/K44.0.md,"Hernie diaphragmatique, avec occlusion sans gangrène",true,false,true,false,true,0,codable,OWL_ANS,emissible,2205
K44.1,XI,XI/K44.1.md,"Hernie diaphragmatique, avec gangrène",true,false,true,false,true,0,codable,OWL_ANS,emissible,1791
K44.9,XI,XI/K44.9.md,"Hernie diaphragmatique, sans occlusion ni gangrène",true,false,true,false,true,0,codable,OWL_ANS,emissible,2053
K45.0,XI,XI/K45.0.md,"Autres hernies abdominales de siège précisé, avec occlusion sans gangrène",true,false,true,false,true,0,codable,OWL_ANS,emissible,2058
K45.1,XI,XI/K45.1.md,"Autres hernies abdominales précisées, avec gangrène",true,false,true,false,true,0,codable,OWL_ANS,emissible,1808
K45.8,XI,XI/K45.8.md,"Autres hernies abdominales précisées, sans occlusion ni gangrène",true,false,true,false,true,0,codable,OWL_ANS,emissible,2171
K46.0,XI,XI/K46.0.md,"Hernie abdominale non précisée, avec occlusion sans gangrène",true,false,true,false,true,0,codable,OWL_ANS,emissible,2208
K46.1,XI,XI/K46.1.md,"Hernie abdominale non précisée, avec gangrène",true,false,true,false,true,0,codable,OWL_ANS,emissible,1881
K46.9,XI,XI/K46.9.md,"Hernie abdominale non précisée, sans occlusion ni gangrène",true,false,true,false,true,0,codable,OWL_ANS,emissible,2071
K50.0,XI,XI/K50.0.md,Maladie de Crohn de l'intestin grêle,true,false,true,false,true,0,codable,OWL_ANS,emissible,1815
K50.1,XI,XI/K50.1.md,Maladie de Crohn du gros intestin,true,false,true,false,true,0,codable,OWL_ANS,emissible,1945
K50.8,XI,XI/K50.8.md,Autres formes de la maladie de Crohn,true,false,true,false,true,0,codable,OWL_ANS,emissible,1726
K50.9,XI,XI/K50.9.md,"Maladie de Crohn, sans précision",true,false,true,false,true,0,codable,OWL_ANS,emissible,1590
K51.0,XI,XI/K51.0.md,Pancolite ulcéreuse (chronique),true,false,true,false,true,0,codable,OWL_ANS,emissible,1567
K51.2,XI,XI/K51.2.md,Rectite ulcéreuse (chronique),true,false,true,false,true,0,codable,OWL_ANS,emissible,1360
K51.3,XI,XI/K51.3.md,Rectosigmoïdite ulcéreuse (chronique),true,false,true,false,true,0,codable,OWL_ANS,emissible,1469
K51.4,XI,XI/K51.4.md,Polypes coliques inflammatoires,true,false,true,false,true,0,codable,OWL_ANS,emissible,1270
K51.5,XI,XI/K51.5.md,Colite ulcéreuse gauche,true,false,true,false,true,0,codable,OWL_ANS,emissible,1323
K51.8,XI,XI/K51.8.md,Autres rectocolites hémorragiques,true,false,true,false,true,0,codable,OWL_ANS,emissible,1545
K51.9,XI,XI/K51.9.md,"Rectocolite hémorragique, sans précision",true,false,true,false,true,0,codable,OWL_ANS,emissible,1698
K52.0,XI,XI/K52.0.md,Gastroentérite et colite dues à une irradiation,true,false,true,false,true,0,codable,OWL_ANS,emissible,1535
K52.1,XI,XI/K52.1.md,Gastroentérite et colite toxiques,true,false,true,false,true,0,codable,OWL_ANS,emissible,1603
K52.2,XI,XI/K52.2.md,Gastroentérite et colite allergiques et alimentaires,true,false,true,false,true,0,codable,OWL_ANS,emissible,1439
K52.3,XI,XI/K52.3.md,Colite non infectieuse indéterminée,true,false,true,false,false,0,codable,OWL_ANS,emissible,1285
K52.8,XI,XI/K52.8.md,Autres gastroentérites et colites non infectieuses précisées,true,false,true,false,true,0,codable,OWL_ANS,emissible,1962
K52.9,XI,XI/K52.9.md,"Gastroentérite et colite non infectieuses, sans précision",true,false,true,false,true,0,codable,OWL_ANS,emissible,2735
K55.0,XI,XI/K55.0.md,Troubles vasculaires aigus de l'intestin,true,false,true,false,true,0,codable,OWL_ANS,emissible,1653
K55.1,XI,XI/K55.1.md,Troubles vasculaires chroniques de l'intestin,true,false,true,false,true,0,codable,OWL_ANS,emissible,1739
K55.2,XI,XI/K55.2.md,Angiodysplasie du côlon,true,false,true,false,true,0,codable,OWL_ANS,emissible,1510
K55.3,XI,XI/K55.3.md,Angiodysplasie de l'intestin grêle,false,false,true,false,false,0,codable,OWL_ANS,emissible,1061
K55.8,XI,XI/K55.8.md,Autres troubles vasculaires de l'intestin,false,false,true,false,true,0,codable,OWL_ANS,emissible,1646
K55.9,XI,XI/K55.9.md,"Trouble vasculaire de l'intestin, sans précision",true,false,true,false,true,0,codable,OWL_ANS,emissible,1606
K56.0,XI,XI/K56.0.md,Iléus paralytique,true,false,true,false,true,0,codable,OWL_ANS,emissible,1943
K56.1,XI,XI/K56.1.md,Invagination,true,false,true,false,true,0,codable,OWL_ANS,emissible,1837
K56.2,XI,XI/K56.2.md,Volvulus,true,false,true,false,true,0,codable,OWL_ANS,emissible,1788
K56.3,XI,XI/K56.3.md,Iléus biliaire,true,false,true,false,true,0,codable,OWL_ANS,emissible,1503
K56.4,XI,XI/K56.4.md,Autres obstructions de l'intestin,true,false,true,false,true,0,codable,OWL_ANS,emissible,1849
K56.5,XI,XI/K56.5.md,"Adhérences de l'intestin [brides], avec occlusion",true,false,true,false,true,0,codable,OWL_ANS,emissible,1791
K56.6,XI,XI/K56.6.md,"Occlusions intestinales, autres et sans précision",true,false,true,false,true,0,codable,OWL_ANS,emissible,1844
K56.7,XI,XI/K56.7.md,"Iléus, sans précision",false,false,true,false,true,0,codable,OWL_ANS,emissible,1569
K57.0,XI,XI/K57.0.md,"Diverticulose de l'intestin grêle, avec perforation et abcès",true,false,true,false,true,0,codable,OWL_ANS,emissible,2039
K57.1,XI,XI/K57.1.md,"Diverticulose de l'intestin grêle, sans perforation ni abcès",true,false,true,false,true,0,codable,OWL_ANS,emissible,1964
K57.2,XI,XI/K57.2.md,"Diverticulose du gros intestin, avec perforation et abcès",true,false,true,false,true,0,codable,OWL_ANS,emissible,2083
K57.3,XI,XI/K57.3.md,"Diverticulose du gros intestin, sans perforation ni abcès",true,false,true,false,true,0,codable,OWL_ANS,emissible,2023
K57.4,XI,XI/K57.4.md,"Diverticulose du gros intestin et de l'intestin grêle, avec perforation et abcès",true,false,true,false,true,0,codable,OWL_ANS,emissible,1803
K57.5,XI,XI/K57.5.md,"Diverticulose du gros intestin et de l'intestin grêle, sans perforation ni abcès",true,false,true,false,true,0,codable,OWL_ANS,emissible,1655
K57.8,XI,XI/K57.8.md,"Diverticulose de l'intestin, siège non précisé, avec perforation et abcès",true,false,true,false,true,0,codable,OWL_ANS,emissible,2411
K57.9,XI,XI/K57.9.md,"Diverticulose de l'intestin, siège non précisé, sans perforation ni abcès",true,false,true,false,true,0,codable,OWL_ANS,emissible,1805
K58.1,XI,XI/K58.1.md,"Syndrome de l'intestin irritable, avec diarrhée prédominante [SII-D]",true,false,true,false,false,0,codable,OWL_ANS,emissible,1075
K58.2,XI,XI/K58.2.md,"Syndrome de l'intestin irritable, avec constipation prédominante [SII-C]",true,false,true,false,false,0,codable,OWL_ANS,emissible,1079
K58.3,XI,XI/K58.3.md,"Syndrome de l'intestin irritable, avec troubles du transit mixtes [SII-M]",true,false,true,false,false,0,codable,OWL_ANS,emissible,1080
K58.8,XI,XI/K58.8.md,"Syndrome de l'intestin irritable, autre et non précisé",true,false,true,false,false,0,codable,OWL_ANS,emissible,1414
K59.0,XI,XI/K59.0.md,Constipation,false,false,true,false,true,0,codable,OWL_ANS,emissible,1457
K59.1,XI,XI/K59.1.md,Diarrhée fonctionnelle,false,false,true,false,true,0,codable,OWL_ANS,emissible,1318
K59.2,XI,XI/K59.2.md,"Intestin neurogène, non classé ailleurs",false,false,true,false,true,0,codable,OWL_ANS,emissible,1244
K59.3,XI,XI/K59.3.md,"Mégacôlon, non classé ailleurs",true,false,true,false,true,0,codable,OWL_ANS,emissible,1862
K59.4,XI,XI/K59.4.md,Spasme de l'anus,true,false,true,false,true,0,codable,OWL_ANS,emissible,1364
K59.8,XI,XI/K59.8.md,Autres troubles fonctionnels précisés de l'intestin,true,false,true,false,true,0,codable,OWL_ANS,emissible,1977
K59.9,XI,XI/K59.9.md,"Trouble fonctionnel de l'intestin, sans précision",false,false,true,false,true,0,codable,OWL_ANS,emissible,1443
K60.0,XI,XI/K60.0.md,Fissure anale aigüe,false,false,true,false,false,0,codable,OWL_ANS,emissible,1033
K60.1,XI,XI/K60.1.md,Fissure anale chronique,false,false,true,false,false,0,codable,OWL_ANS,emissible,1037
K60.2,XI,XI/K60.2.md,"Fissure anale, sans précision",false,false,true,false,true,0,codable,OWL_ANS,emissible,1099
K60.3,XI,XI/K60.3.md,Fistule anale,false,false,true,false,true,0,codable,OWL_ANS,emissible,1357
K60.4,XI,XI/K60.4.md,Fistule rectale,true,false,true,false,true,0,codable,OWL_ANS,emissible,1539
K60.5,XI,XI/K60.5.md,Fistule anorectale,false,false,true,false,true,0,codable,OWL_ANS,emissible,1142
K61.0,XI,XI/K61.0.md,Abcès anal,true,false,true,false,true,0,codable,OWL_ANS,emissible,1654
K61.1,XI,XI/K61.1.md,Abcès rectal,true,false,true,false,true,0,codable,OWL_ANS,emissible,1777
K61.2,XI,XI/K61.2.md,Abcès anorectal,true,false,true,false,true,0,codable,OWL_ANS,emissible,1335
K61.3,XI,XI/K61.3.md,Abcès ischiorectal,true,false,true,false,true,0,codable,OWL_ANS,emissible,1473
K61.4,XI,XI/K61.4.md,Abcès intrasphinctérien,true,false,true,false,true,0,codable,OWL_ANS,emissible,1320
K62.0,XI,XI/K62.0.md,Polype anal,true,false,true,false,true,0,codable,OWL_ANS,emissible,1323
K62.1,XI,XI/K62.1.md,Polype rectal,true,false,true,false,true,0,codable,OWL_ANS,emissible,1584
K62.2,XI,XI/K62.2.md,Prolapsus anal,true,false,true,false,true,0,codable,OWL_ANS,emissible,1398
K62.3,XI,XI/K62.3.md,Prolapsus rectal,true,false,true,false,true,0,codable,OWL_ANS,emissible,1606
K62.4,XI,XI/K62.4.md,Sténose de l'anus et du rectum,true,false,true,false,true,0,codable,OWL_ANS,emissible,1694
K62.5,XI,XI/K62.5.md,Hémorragie de l'anus et du rectum,true,false,true,false,true,0,codable,OWL_ANS,emissible,1660
K62.6,XI,XI/K62.6.md,Ulcère de l'anus et du rectum,true,false,true,false,true,0,codable,OWL_ANS,emissible,1810
K62.7,XI,XI/K62.7.md,Rectite due à une irradiation,true,false,true,false,true,0,codable,OWL_ANS,emissible,1649
K62.8,XI,XI/K62.8.md,Autres maladies précisées de l'anus et du rectum,true,false,true,false,true,0,codable,OWL_ANS,emissible,2261
K62.9,XI,XI/K62.9.md,"Maladie de l'anus et du rectum, sans précision",true,false,true,false,true,1,interdit_dp_dr,OWL_ANS,emissible,1538
K63.0,XI,XI/K63.0.md,Abcès de l'intestin,false,false,true,false,true,0,codable,OWL_ANS,emissible,1457
K63.1,XI,XI/K63.1.md,Perforation de l'intestin (non traumatique),false,false,true,false,false,0,codable,OWL_ANS,emissible,1124
K63.2,XI,XI/K63.2.md,Fistule de l'intestin,false,false,true,false,true,0,codable,OWL_ANS,emissible,1659
K63.3,XI,XI/K63.3.md,Ulcère de l'intestin,true,false,true,false,true,0,codable,OWL_ANS,emissible,1625
K63.4,XI,XI/K63.4.md,Entéroptose,false,false,true,false,true,0,codable,OWL_ANS,emissible,1135
K63.5,XI,XI/K63.5.md,Polype du côlon,true,false,true,false,true,0,codable,OWL_ANS,emissible,1386
K63.5+0,XI,XI/K63.5+0.md,Polypose (colique) hyperplasique,false,false,true,false,false,0,codable,OWL_ANS,emissible,1083
K63.5+8,XI,XI/K63.5+8.md,"Polype du côlon, autre et non précisé",false,false,true,false,false,0,codable,OWL_ANS,emissible,1088
K63.8,XI,XI/K63.8.md,Autres maladies précisées de l'intestin,false,false,true,false,true,0,codable,OWL_ANS,emissible,1795
K63.9,XI,XI/K63.9.md,"Maladie de l'intestin, sans précision",false,false,true,false,true,1,interdit_dp_dr,OWL_ANS,emissible,1320
K64.0,XI,XI/K64.0.md,Hémorroïdes du premier degré,true,false,true,false,false,0,codable,OWL_ANS,emissible,1331
K64.1,XI,XI/K64.1.md,Hémorroïdes du deuxième degré,true,false,true,false,false,0,codable,OWL_ANS,emissible,1347
K64.2,XI,XI/K64.2.md,Hémorroïdes du troisième degré,true,false,true,false,false,0,codable,OWL_ANS,emissible,1365
K64.3,XI,XI/K64.3.md,Hémorroïdes du quatrième degré,true,false,true,false,true,0,codable,OWL_ANS,emissible,1413
K64.4,XI,XI/K64.4.md,Cicatrices hémorroïdaires cutanées résiduelles,true,false,true,false,false,0,codable,OWL_ANS,emissible,1289
K64.5,XI,XI/K64.5.md,Thrombose veineuse périanale,true,false,true,false,true,0,codable,OWL_ANS,emissible,1442
K64.8,XI,XI/K64.8.md,Autres hémorroïdes précisées,true,false,true,false,true,0,codable,OWL_ANS,emissible,1811
K64.9,XI,XI/K64.9.md,"Hémorroïdes, sans précision",true,false,true,false,true,0,codable,OWL_ANS,emissible,1484
K65.0,XI,XI/K65.0.md,Péritonite aigüe,true,false,true,true,true,0,codable,OWL_ANS,emissible,3258
K65.8,XI,XI/K65.8.md,Autres péritonites,true,false,true,false,true,0,codable,OWL_ANS,emissible,2186
K65.9,XI,XI/K65.9.md,"Péritonite, sans précision",false,false,true,false,true,0,codable,OWL_ANS,emissible,1697
K66.0,XI,XI/K66.0.md,Adhérences péritonéales,true,false,true,false,true,0,codable,OWL_ANS,emissible,1757
K66.1,XI,XI/K66.1.md,Hémopéritoine,false,false,true,false,true,0,codable,OWL_ANS,emissible,1492
K66.2,XI,XI/K66.2.md,Fibrose rétropéritonéale,true,false,true,false,false,0,codable,OWL_ANS,emissible,1083
K66.8,XI,XI/K66.8.md,Autres maladies précisées du péritoine,false,false,true,false,true,0,codable,OWL_ANS,emissible,1686
K66.9,XI,XI/K66.9.md,"Maladie du péritoine, sans précision",false,false,true,false,true,1,interdit_dp_dr,OWL_ANS,emissible,1308
K67.0,XI,XI/K67.0.md,Péritonite à Chlamydia ,false,false,true,false,false,0,codable,OWL_ANS,emissible,930
K67.1,XI,XI/K67.1.md,Péritonite gonococcique ,false,false,true,false,false,0,codable,OWL_ANS,emissible,931
K67.2,XI,XI/K67.2.md,Péritonite syphilitique ,false,false,true,false,false,0,codable,OWL_ANS,emissible,931
K67.3,XI,XI/K67.3.md,Péritonite tuberculeuse ,false,false,true,false,false,0,codable,OWL_ANS,emissible,931
K67.8,XI,XI/K67.8.md,Autres atteintes péritonéales au cours de maladies infectieuses classées ailleurs,false,false,true,false,false,0,codable,OWL_ANS,emissible,1172
K70.0,XI,XI/K70.0.md,Cirrhose alcoolique graisseuse du foie,false,false,true,false,true,0,codable,OWL_ANS,emissible,1415
K70.1,XI,XI/K70.1.md,Hépatite alcoolique,false,false,true,false,true,0,codable,OWL_ANS,emissible,1443
K70.2,XI,XI/K70.2.md,Fibrose et sclérose alcooliques du foie,false,false,true,false,true,0,codable,OWL_ANS,emissible,1484
K70.3,XI,XI/K70.3.md,Cirrhose alcoolique du foie,true,false,true,false,true,0,codable,OWL_ANS,emissible,1584
K70.4,XI,XI/K70.4.md,Insuffisance hépatique alcoolique,true,false,true,false,true,0,codable,OWL_ANS,emissible,1819
K70.9,XI,XI/K70.9.md,"Maladie alcoolique du foie, sans précision",false,false,true,false,true,0,codable,OWL_ANS,emissible,1480
K71.0,XI,XI/K71.0.md,Maladie toxique du foie avec cholestase,true,false,true,false,false,0,codable,OWL_ANS,emissible,1645
K71.1,XI,XI/K71.1.md,Maladie toxique du foie avec nécrose hépatique,true,false,true,false,true,0,codable,OWL_ANS,emissible,2028
K71.2,XI,XI/K71.2.md,Maladie toxique du foie avec hépatite aigüe,true,false,true,false,true,0,codable,OWL_ANS,emissible,1818
K71.3,XI,XI/K71.3.md,Maladie toxique du foie avec hépatite chronique persistante,true,false,true,false,true,0,codable,OWL_ANS,emissible,1652
K71.4,XI,XI/K71.4.md,Maladie toxique du foie avec hépatite chronique lobulaire,true,false,true,false,false,0,codable,OWL_ANS,emissible,1581
K71.5,XI,XI/K71.5.md,Maladie toxique du foie avec hépatite chronique active,true,false,true,false,false,0,codable,OWL_ANS,emissible,1647
K71.6,XI,XI/K71.6.md,"Maladie toxique du foie avec hépatite, non classée ailleurs",true,false,true,false,true,0,codable,OWL_ANS,emissible,1891
K71.7,XI,XI/K71.7.md,Maladie toxique du foie avec fibrose et cirrhose du foie,true,false,true,false,true,0,codable,OWL_ANS,emissible,1995
K71.8,XI,XI/K71.8.md,Maladie toxique du foie avec d'autres lésions du foie,true,false,true,false,true,0,codable,OWL_ANS,emissible,2503
K71.9,XI,XI/K71.9.md,"Maladie toxique du foie, sans précision",true,false,true,false,true,0,codable,OWL_ANS,emissible,1885
K72.0,XI,XI/K72.0.md,Insuffisance hépatique aigüe et subaigüe,true,false,true,false,true,0,codable,OWL_ANS,emissible,2384
K72.1,XI,XI/K72.1.md,Insuffisance hépatique chronique,true,false,true,false,false,0,codable,OWL_ANS,emissible,2094
K72.9,XI,XI/K72.9.md,"Insuffisance hépatique, sans précision",true,false,true,false,true,0,codable,OWL_ANS,emissible,2136
K73.0,XI,XI/K73.0.md,"Hépatite chronique persistante, non classée ailleurs",false,false,true,false,false,0,codable,OWL_ANS,emissible,1365
K73.1,XI,XI/K73.1.md,"Hépatite chronique lobulaire, non classée ailleurs",false,false,true,false,false,0,codable,OWL_ANS,emissible,1363
K73.2,XI,XI/K73.2.md,"Hépatite chronique active, non classée ailleurs",true,false,true,false,true,0,codable,OWL_ANS,emissible,1526
K73.8,XI,XI/K73.8.md,"Autres hépatites chroniques, non classées ailleurs",false,false,true,false,true,0,codable,OWL_ANS,emissible,1751
K73.9,XI,XI/K73.9.md,"Hépatite chronique, sans précision",false,false,true,false,true,0,codable,OWL_ANS,emissible,1553
K74.0,XI,XI/K74.0.md,Fibrose hépatique,false,false,true,false,true,0,codable,OWL_ANS,emissible,1702
K74.1,XI,XI/K74.1.md,Sclérose hépatique,false,false,true,false,true,0,codable,OWL_ANS,emissible,1460
K74.2,XI,XI/K74.2.md,"Fibrose hépatique, avec sclérose hépatique",false,false,true,false,false,0,codable,OWL_ANS,emissible,1381
K74.3,XI,XI/K74.3.md,Cirrhose biliaire primitive,true,false,true,false,true,0,codable,OWL_ANS,emissible,1865
K74.4,XI,XI/K74.4.md,Cirrhose biliaire secondaire,false,false,true,false,true,0,codable,OWL_ANS,emissible,1438
K74.5,XI,XI/K74.5.md,"Cirrhose biliaire, sans précision",false,false,true,false,true,0,codable,OWL_ANS,emissible,1610
K74.6,XI,XI/K74.6.md,"Cirrhoses du foie, autres et sans précision",true,false,true,false,true,0,codable,OWL_ANS,emissible,2128
K75.0,XI,XI/K75.0.md,Abcès du foie,true,false,true,false,true,0,codable,OWL_ANS,emissible,2057
K75.1,XI,XI/K75.1.md,Phlébite de la veine porte,true,false,true,false,true,0,codable,OWL_ANS,emissible,1697
K75.2,XI,XI/K75.2.md,Hépatite réactive non spécifique,false,false,true,false,true,0,codable,OWL_ANS,emissible,1419
K75.3,XI,XI/K75.3.md,"Hépatite granulomateuse, non classée ailleurs",false,false,true,false,true,0,codable,OWL_ANS,emissible,1470
K75.4,XI,XI/K75.4.md,Hépatite auto-immune,true,false,true,false,true,0,codable,OWL_ANS,emissible,1796
K75.8,XI,XI/K75.8.md,Autres maladies inflammatoires précisées du foie,true,false,true,false,true,0,codable,OWL_ANS,emissible,2011
K75.9,XI,XI/K75.9.md,"Maladie inflammatoire du foie, sans précision",true,false,true,false,true,0,codable,OWL_ANS,emissible,1774
K76.0,XI,XI/K76.0.md,"Dégénérescence graisseuse du foie, non classée ailleurs",true,false,true,false,true,0,codable,OWL_ANS,emissible,1914
K76.1,XI,XI/K76.1.md,Congestion passive chronique du foie,true,false,true,false,true,0,codable,OWL_ANS,emissible,1871
K76.2,XI,XI/K76.2.md,Nécrose hémorragique centrale du foie,false,false,true,false,true,0,codable,OWL_ANS,emissible,1586
K76.3,XI,XI/K76.3.md,Infarctus hépatique,false,false,true,false,true,0,codable,OWL_ANS,emissible,1773
K76.4,XI,XI/K76.4.md,Péliose hépatique,true,false,true,false,true,0,codable,OWL_ANS,emissible,1547
K76.5,XI,XI/K76.5.md,Maladie veinoocclusive du foie,false,false,true,false,true,0,codable,OWL_ANS,emissible,1626
K76.6,XI,XI/K76.6.md,Hypertension portale,false,false,true,false,true,0,codable,OWL_ANS,emissible,1822
K76.7,XI,XI/K76.7.md,Syndrome hépatorénal,false,false,true,false,true,0,codable,OWL_ANS,emissible,1955
K76.8,XI,XI/K76.8.md,Autres maladies précisées du foie,true,false,true,false,true,0,codable,OWL_ANS,emissible,2433
K76.9,XI,XI/K76.9.md,"Maladie du foie, sans précision",false,false,true,false,true,1,interdit_dp_dr,OWL_ANS,emissible,1719
K77.0,XI,XI/K77.0.md,Atteintes hépatiques au cours de maladies infectieuses et parasitaires classées ailleurs,true,false,true,false,false,0,codable,OWL_ANS,emissible,1430
K77.8,XI,XI/K77.8.md,Atteintes hépatiques au cours d'autres maladies classées ailleurs,true,false,true,false,true,0,codable,OWL_ANS,emissible,1609
K80.0,XI,XI/K80.0.md,Calcul de la vésicule biliaire avec cholécystite aigüe,true,false,true,false,true,0,codable,OWL_ANS,emissible,1566
K80.1,XI,XI/K80.1.md,Calcul de la vésicule biliaire avec une autre forme de cholécystite,true,false,true,false,true,0,codable,OWL_ANS,emissible,1524
K80.2,XI,XI/K80.2.md,Calcul de la vésicule biliaire sans cholécystite,true,false,true,false,true,0,codable,OWL_ANS,emissible,1725
K80.3,XI,XI/K80.3.md,Calcul des canaux biliaires avec angiocholite,true,false,true,false,true,0,codable,OWL_ANS,emissible,1365
K80.4,XI,XI/K80.4.md,Calcul des canaux biliaires avec cholécystite,true,false,true,false,true,0,codable,OWL_ANS,emissible,1196
K80.5,XI,XI/K80.5.md,Calcul des canaux biliaires sans angiocholite ni cholécystite,true,false,true,false,true,0,codable,OWL_ANS,emissible,1859
K80.8,XI,XI/K80.8.md,Autres cholélithiases,false,false,true,false,false,0,codable,OWL_ANS,emissible,1414
K81.0,XI,XI/K81.0.md,Cholécystite aigüe,true,false,true,false,true,0,codable,OWL_ANS,emissible,1823
K81.1,XI,XI/K81.1.md,Cholécystite chronique,false,false,true,false,true,0,codable,OWL_ANS,emissible,1291
K81.8,XI,XI/K81.8.md,Autres cholécystites,false,false,true,false,true,0,codable,OWL_ANS,emissible,1361
K81.9,XI,XI/K81.9.md,"Cholécystite, sans précision",false,false,true,false,true,0,codable,OWL_ANS,emissible,1265
K82.0,XI,XI/K82.0.md,Occlusion de la vésicule biliaire,true,false,true,false,true,0,codable,OWL_ANS,emissible,1684
K82.1,XI,XI/K82.1.md,Hydrocholécyste,true,false,true,false,true,0,codable,OWL_ANS,emissible,1420
K82.2,XI,XI/K82.2.md,Perforation de la vésicule biliaire,true,false,true,false,true,0,codable,OWL_ANS,emissible,1493
K82.3,XI,XI/K82.3.md,Fistule de la vésicule biliaire,true,false,true,false,true,0,codable,OWL_ANS,emissible,1559
K82.4,XI,XI/K82.4.md,Choléstérolose de la vésicule biliaire,true,false,true,false,false,0,codable,OWL_ANS,emissible,1201
K82.8,XI,XI/K82.8.md,Autres maladies précisées de la vésicule biliaire,true,false,true,false,true,0,codable,OWL_ANS,emissible,2409
K82.9,XI,XI/K82.9.md,"Maladie de la vésicule biliaire, sans précision",false,false,true,false,true,1,interdit_dp_dr,OWL_ANS,emissible,1429
K83.0,XI,XI/K83.0.md,Angiocholite [cholangite],true,false,true,false,true,0,codable,OWL_ANS,emissible,1982
K83.1,XI,XI/K83.1.md,Obstruction des voies biliaires,true,false,true,false,true,0,codable,OWL_ANS,emissible,1772
K83.2,XI,XI/K83.2.md,Perforation des voies biliaires,true,false,true,false,true,0,codable,OWL_ANS,emissible,1574
K83.3,XI,XI/K83.3.md,Fistule des voies biliaires,true,false,true,false,true,0,codable,OWL_ANS,emissible,1579
K83.4,XI,XI/K83.4.md,Spasme du sphincter d'Oddi,false,false,true,false,true,0,codable,OWL_ANS,emissible,1232
K83.5,XI,XI/K83.5.md,Kyste biliaire,false,false,true,false,true,0,codable,OWL_ANS,emissible,1298
K83.8,XI,XI/K83.8.md,Autres maladies précisées des voies biliaires,true,false,true,false,true,0,codable,OWL_ANS,emissible,2276
K83.9,XI,XI/K83.9.md,"Maladie des voies biliaires, sans précision",false,false,true,false,true,1,interdit_dp_dr,OWL_ANS,emissible,1493
K85.0,XI,XI/K85.0.md,Pancréatite aigüe idiopathique,true,false,true,false,true,0,codable,OWL_ANS,emissible,1496
K85.1,XI,XI/K85.1.md,Pancréatite aigüe d’origine biliaire,true,false,true,false,true,0,codable,OWL_ANS,emissible,1730
K85.2,XI,XI/K85.2.md,Pancréatite aigüe alcoolique,true,false,true,false,true,0,codable,OWL_ANS,emissible,1389
K85.3,XI,XI/K85.3.md,Pancréatite aigüe médicamenteuse,true,false,true,false,true,0,codable,OWL_ANS,emissible,1339
K85.8,XI,XI/K85.8.md,Autres pancréatites aigües,true,false,true,false,true,0,codable,OWL_ANS,emissible,1806
K85.9,XI,XI/K85.9.md,"Pancréatite aigüe, sans précision",true,false,true,false,true,0,codable,OWL_ANS,emissible,1502
K86.0,XI,XI/K86.0.md,Pancréatite chronique alcoolique,false,false,true,false,true,0,codable,OWL_ANS,emissible,1550
K86.1,XI,XI/K86.1.md,Autres pancréatites chroniques,true,false,true,false,true,0,codable,OWL_ANS,emissible,1764
K86.1+0,XI,XI/K86.1+0.md,Pancréatite chronique héréditaire,true,false,true,false,false,0,codable,OWL_ANS,emissible,1338
K86.1+8,XI,XI/K86.1+8.md,"Pancréatites chroniques, autres et non précisées",true,false,true,false,false,0,codable,OWL_ANS,emissible,1353
K86.2,XI,XI/K86.2.md,Kyste du pancréas,false,false,true,false,true,0,codable,OWL_ANS,emissible,1578
K86.3,XI,XI/K86.3.md,Pseudokyste du pancréas,false,false,true,false,true,0,codable,OWL_ANS,emissible,1580
K86.8,XI,XI/K86.8.md,Autres maladies précisées du pancréas,true,false,true,false,true,0,codable,OWL_ANS,emissible,2238
K86.9,XI,XI/K86.9.md,"Maladie du pancréas, sans précision",false,false,true,false,true,1,interdit_dp_dr,OWL_ANS,emissible,1501
K87.00,XI,XI/K87.00.md,Cholangite à cytomégalovirus,false,false,true,false,false,0,codable,OWL_ANS,emissible,984
K87.08,XI,XI/K87.08.md,Atteinte de la vésicule biliaire et des voies biliaires au cours d’autres maladies classées ailleurs,false,false,true,false,false,0,codable,OWL_ANS,emissible,1056
K87.1,XI,XI/K87.1.md,Atteinte du pancréas au cours de maladies classées ailleurs,true,false,true,false,false,0,codable,OWL_ANS,emissible,1127
K90.0,XI,XI/K90.0.md,Maladie cœliaque,true,false,true,false,true,0,codable,OWL_ANS,emissible,1726
K90.1,XI,XI/K90.1.md,Sprue tropicale,true,false,true,false,true,0,codable,OWL_ANS,emissible,1258
K90.2,XI,XI/K90.2.md,"Syndrome de l'anse borgne, non classé ailleurs",true,false,true,false,true,0,codable,OWL_ANS,emissible,1371
K90.3,XI,XI/K90.3.md,Stéatorrhée pancréatique,false,false,true,false,true,0,codable,OWL_ANS,emissible,1126
K90.4,XI,XI/K90.4.md,"Malabsorption due à une intolérance, non classée ailleurs",true,false,true,false,true,0,codable,OWL_ANS,emissible,2000
K90.8,XI,XI/K90.8.md,Autres malabsorptions intestinales,true,false,true,false,true,0,codable,OWL_ANS,emissible,1627
K90.9,XI,XI/K90.9.md,"Malabsorption intestinale, sans précision",false,false,true,false,true,0,codable,OWL_ANS,emissible,1411
K91.0,XI,XI/K91.0.md,Vomissements consécutifs à une intervention gastro-intestinale,false,false,true,false,true,0,codable,OWL_ANS,emissible,1336
K91.1,XI,XI/K91.1.md,Syndromes consécutifs à une intervention gastrique,true,false,true,false,true,0,codable,OWL_ANS,emissible,1561
K91.2,XI,XI/K91.2.md,"Malabsorption postchirurgicale, non classée ailleurs",true,false,true,false,true,0,codable,OWL_ANS,emissible,1946
K91.3,XI,XI/K91.3.md,"Occlusion intestinale postopératoire, non classée ailleurs",false,false,true,false,true,0,codable,OWL_ANS,emissible,1613
K91.4,XI,XI/K91.4.md,Mauvais résultats fonctionnels d'une colostomie et d'une entérostomie,false,false,true,true,true,0,codable,OWL_ANS,emissible,2031
K91.5,XI,XI/K91.5.md,Syndrome postcholécystectomie,false,false,true,false,false,0,codable,OWL_ANS,emissible,1173
K91.8,XI,XI/K91.8.md,"Autres atteintes de l'appareil digestif après un acte à visée diagnostique et thérapeutique, non classées ailleurs",false,false,true,true,true,0,codable,OWL_ANS,emissible,2928
K91.9,XI,XI/K91.9.md,"Atteinte de l'appareil digestif après un acte à visée diagnostique et thérapeutique, sans précision",false,false,true,false,true,1,interdit_dp_dr,OWL_ANS,emissible,1452
K92.0,XI,XI/K92.0.md,Hématémèse,false,false,true,false,true,0,codable,OWL_ANS,emissible,1413
K92.1,XI,XI/K92.1.md,Mélæna,false,false,true,false,true,0,codable,OWL_ANS,emissible,1485
K92.2,XI,XI/K92.2.md,"Hémorragie gastro-intestinale, sans précision",true,false,true,false,true,0,codable,OWL_ANS,emissible,1826
K92.8,XI,XI/K92.8.md,Autres maladies précisées du système digestif,false,false,true,false,true,0,codable,OWL_ANS,emissible,1552
K92.9,XI,XI/K92.9.md,"Maladie du système digestif, sans précision",false,false,true,false,true,1,interdit_dp_dr,OWL_ANS,emissible,1470
K93.0,XI,XI/K93.0.md,"Atteintes tuberculeuses de l'intestin, du péritoine et des ganglions mésentériques ",false,false,true,false,false,0,codable,OWL_ANS,emissible,1078
K93.1,XI,XI/K93.1.md,Mégacôlon au cours de la maladie de Chagas ,false,false,true,false,false,0,codable,OWL_ANS,emissible,967
K93.80,XI,XI/K93.80.md,Atteintes de la cavité buccale au cours de maladies classées ailleurs,false,false,true,false,false,0,codable,OWL_ANS,emissible,995
K93.81,XI,XI/K93.81.md,Atteintes de l’estomac au cours de maladies classées ailleurs,false,false,true,false,false,0,codable,OWL_ANS,emissible,987
K93.820,XI,XI/K93.820.md,Colite à cytomégalovirus,false,false,true,false,false,0,codable,OWL_ANS,emissible,952
K93.828,XI,XI/K93.828.md,Atteintes de l’intestin au cours d’autres maladies classées ailleurs,false,false,true,false,false,0,codable,OWL_ANS,emissible,996
K93.830,XI,XI/K93.830.md,Infection du rectum par le virus de l’herpès,false,false,true,false,false,0,codable,OWL_ANS,emissible,972
K93.838,XI,XI/K93.838.md,Atteintes du rectum au cours d’autres maladies classées ailleurs,false,false,true,false,false,0,codable,OWL_ANS,emissible,992
K93.840,XI,XI/K93.840.md,Infection de l’anus par le virus de l’herpès,false,false,true,false,false,0,codable,OWL_ANS,emissible,972
K93.848,XI,XI/K93.848.md,Atteintes de l’anus au cours d’autres maladies classées ailleurs,false,false,true,false,false,0,codable,OWL_ANS,emissible,992
K93.88,XI,XI/K93.88.md,"Atteintes d’organes digestifs précisés autres, au cours de maladies classées ailleurs",false,false,true,false,false,0,codable,OWL_ANS,emissible,1011
L00,XII,XII/L00.md,Syndrome d'épidermolyse staphylococcique du nourrisson,true,false,true,false,true,0,codable,OWL_ANS,emissible,2586
L01.0,XII,XII/L01.0.md,Impétigo [tout microorganisme] [toute localisation],true,false,true,false,true,0,codable,OWL_ANS,emissible,2475
L01.1,XII,XII/L01.1.md,Impétiginisation d'autres dermatoses,false,false,true,false,true,0,codable,OWL_ANS,emissible,2057
L02.0,XII,XII/L02.0.md,"Abcès cutané, furoncle et anthrax de la face",true,false,true,true,true,0,codable,OWL_ANS,emissible,3154
L02.1,XII,XII/L02.1.md,"Abcès cutané, furoncle et anthrax du cou",true,false,true,true,true,0,codable,OWL_ANS,emissible,2854
L02.2,XII,XII/L02.2.md,"Abcès cutané, furoncle et anthrax du tronc",true,false,true,true,true,0,codable,OWL_ANS,emissible,3875
L02.3,XII,XII/L02.3.md,"Abcès cutané, furoncle et anthrax de la fesse",true,false,true,true,true,0,codable,OWL_ANS,emissible,3019
L02.4,XII,XII/L02.4.md,"Abcès cutané, furoncle et anthrax d'un membre",true,false,true,true,true,0,codable,OWL_ANS,emissible,3127
L02.8,XII,XII/L02.8.md,"Abcès cutané, furoncle et anthrax d'autres localisations",true,false,true,true,true,0,codable,OWL_ANS,emissible,3179
L02.9,XII,XII/L02.9.md,"Abcès cutané, furoncle et anthrax, sans précision",true,false,true,true,true,0,codable,OWL_ANS,emissible,2999
L03.0,XII,XII/L03.0.md,Phlegmon des doigts et des orteils,true,false,true,false,true,0,codable,OWL_ANS,emissible,2975
L03.1,XII,XII/L03.1.md,Phlegmon d'autres parties d'un membre,true,false,true,false,true,0,codable,OWL_ANS,emissible,3073
L03.2,XII,XII/L03.2.md,Phlegmon de la face,true,false,true,false,true,0,codable,OWL_ANS,emissible,2708
L03.3,XII,XII/L03.3.md,Phlegmon du tronc,true,false,true,false,true,0,codable,OWL_ANS,emissible,2945
L03.8,XII,XII/L03.8.md,Phlegmon d'autres localisations,true,false,true,false,true,0,codable,OWL_ANS,emissible,3022
L03.9,XII,XII/L03.9.md,"Phlegmon, sans précision",true,false,true,false,true,0,codable,OWL_ANS,emissible,2689
L04.0,XII,XII/L04.0.md,"Lymphadénite aigüe de la face, de la tête et du cou",true,false,true,false,true,0,codable,OWL_ANS,emissible,2531
L04.1,XII,XII/L04.1.md,Lymphadénite aigüe du tronc,true,false,true,false,true,0,codable,OWL_ANS,emissible,2547
L04.2,XII,XII/L04.2.md,Lymphadénite aigüe d'un membre supérieur,true,false,true,false,true,0,codable,OWL_ANS,emissible,2605
L04.3,XII,XII/L04.3.md,Lymphadénite aigüe d'un membre inférieur,true,false,true,false,true,0,codable,OWL_ANS,emissible,2595
L04.8,XII,XII/L04.8.md,Lymphadénite aigüe d'autres localisations,true,false,true,false,false,0,codable,OWL_ANS,emissible,2712
L04.9,XII,XII/L04.9.md,"Lymphadénite aigüe, sans précision",true,false,true,false,true,0,codable,OWL_ANS,emissible,2650
L05.0,XII,XII/L05.0.md,Sinus pilonidal avec abcès,true,false,true,false,true,0,codable,OWL_ANS,emissible,2100
L05.9,XII,XII/L05.9.md,Sinus pilonidal sans abcès,true,false,true,false,true,0,codable,OWL_ANS,emissible,2295
L08.0,XII,XII/L08.0.md,Pyodermite,true,false,true,false,true,0,codable,OWL_ANS,emissible,2488
L08.1,XII,XII/L08.1.md,Érythrasma,false,false,true,false,true,0,codable,OWL_ANS,emissible,1838
L08.8,XII,XII/L08.8.md,Autres infections localisées précisées de la peau et du tissu cellulaire souscutané,false,false,true,false,true,0,codable,OWL_ANS,emissible,2465
L08.9,XII,XII/L08.9.md,"Infection localisée de la peau et du tissu cellulaire souscutané, sans précision",false,false,true,false,true,0,codable,OWL_ANS,emissible,2315
L10.0,XII,XII/L10.0.md,Pemphigus vulgaire,false,false,true,false,true,0,codable,OWL_ANS,emissible,1427
L10.1,XII,XII/L10.1.md,Pemphigus végétant,false,false,true,false,true,0,codable,OWL_ANS,emissible,1468
L10.2,XII,XII/L10.2.md,Pemphigus foliacé,false,false,true,false,true,0,codable,OWL_ANS,emissible,1425
L10.3,XII,XII/L10.3.md,Pemphigus brésilien [fogo selvagem],false,false,true,false,true,0,codable,OWL_ANS,emissible,1445
L10.4,XII,XII/L10.4.md,Pemphigus érythémateux,true,false,true,false,true,0,codable,OWL_ANS,emissible,1616
L10.5,XII,XII/L10.5.md,Pemphigus médicamenteux,false,false,true,false,true,0,codable,OWL_ANS,emissible,1456
L10.8,XII,XII/L10.8.md,Autres formes de pemphigus,false,false,true,false,true,0,codable,OWL_ANS,emissible,1887
L10.9,XII,XII/L10.9.md,"Pemphigus, sans précision",false,false,true,false,true,0,codable,OWL_ANS,emissible,1504
L11.0,XII,XII/L11.0.md,Kératose folliculaire acquise,false,false,true,false,false,0,codable,OWL_ANS,emissible,1366
L11.1,XII,XII/L11.1.md,Dermatose acantholytique transitoire [Grover],false,false,true,false,true,0,codable,OWL_ANS,emissible,1490
L11.8,XII,XII/L11.8.md,Autres formes précisées d'acantholyse,false,false,true,false,true,0,codable,OWL_ANS,emissible,1494
L11.9,XII,XII/L11.9.md,"Acantholyse, sans précision",false,false,true,false,true,0,codable,OWL_ANS,emissible,1338
L12.0,XII,XII/L12.0.md,Pemphigoïde bulleux,false,false,true,false,true,0,codable,OWL_ANS,emissible,1768
L12.1,XII,XII/L12.1.md,Pemphigoïde cicatriciel,true,false,true,false,true,0,codable,OWL_ANS,emissible,1756
L12.2,XII,XII/L12.2.md,Maladie chronique bulleuse de l'enfance,true,false,true,false,true,0,codable,OWL_ANS,emissible,1619
L12.3,XII,XII/L12.3.md,Épidermolyse bulleuse acquise,false,false,true,false,true,0,codable,OWL_ANS,emissible,1648
L12.8,XII,XII/L12.8.md,Autres pemphigoïdes,false,false,true,false,true,0,codable,OWL_ANS,emissible,1671
L12.9,XII,XII/L12.9.md,"Pemphigoïde, sans précision",false,false,true,false,true,0,codable,OWL_ANS,emissible,1554
L13.0,XII,XII/L13.0.md,Dermite herpétiforme,true,false,true,false,true,0,codable,OWL_ANS,emissible,1646
L13.1,XII,XII/L13.1.md,Pustulose souscornée,true,false,true,false,true,0,codable,OWL_ANS,emissible,1733
L13.8,XII,XII/L13.8.md,Autres dermatoses bulleuses précisées,false,false,true,false,true,0,codable,OWL_ANS,emissible,1776
L13.9,XII,XII/L13.9.md,"Dermatose bulleuse, sans précision",false,false,true,false,true,0,codable,OWL_ANS,emissible,1700
L14,XII,XII/L14.md,Dermatoses bulleuses au cours de maladies classées ailleurs,false,false,true,false,false,0,codable,OWL_ANS,emissible,1294
L20.0,XII,XII/L20.0.md,Prurigo de Besnier,false,false,true,false,true,0,codable,OWL_ANS,emissible,1735
L20.8,XII,XII/L20.8.md,Autres dermites atopiques,true,false,true,false,true,0,codable,OWL_ANS,emissible,2265
L20.9,XII,XII/L20.9.md,"Dermite atopique, sans précision",false,false,true,false,true,0,codable,OWL_ANS,emissible,1778
L21.0,XII,XII/L21.0.md,Séborrhée de la tête,true,false,true,false,true,0,codable,OWL_ANS,emissible,1884
L21.1,XII,XII/L21.1.md,Dermite séborrhéique infantile,false,false,true,false,true,0,codable,OWL_ANS,emissible,1792
L21.8,XII,XII/L21.8.md,Autres dermites séborrhéiques,false,false,true,false,true,0,codable,OWL_ANS,emissible,1875
L21.9,XII,XII/L21.9.md,"Dermite séborrhéique, sans précision",false,false,true,false,true,0,codable,OWL_ANS,emissible,1717
L22,XII,XII/L22.md,Dermite fessière du nourrisson,true,false,true,false,true,0,codable,OWL_ANS,emissible,2017
L23.0,XII,XII/L23.0.md,Dermite allergique de contact due aux métaux,true,false,true,false,false,0,codable,OWL_ANS,emissible,2227
L23.1,XII,XII/L23.1.md,Dermite allergique de contact due aux adhésifs,true,false,true,false,false,0,codable,OWL_ANS,emissible,2190
L23.2,XII,XII/L23.2.md,Dermite allergique de contact due aux cosmétiques,true,false,true,false,false,0,codable,OWL_ANS,emissible,2193
L23.3,XII,XII/L23.3.md,Dermite allergique de contact due à des médicaments en contact avec la peau,true,false,true,false,true,0,codable,OWL_ANS,emissible,2560
L23.4,XII,XII/L23.4.md,Dermite allergique de contact due aux teintures,true,false,true,false,false,0,codable,OWL_ANS,emissible,2191
L23.5,XII,XII/L23.5.md,Dermite allergique de contact due à d'autres produits chimiques,true,false,true,false,true,0,codable,OWL_ANS,emissible,2548
L23.6,XII,XII/L23.6.md,Dermite allergique de contact due à des aliments en contact avec la peau,true,false,true,false,false,0,codable,OWL_ANS,emissible,2300
L23.7,XII,XII/L23.7.md,"Dermite allergique de contact due aux végétaux, sauf aliments",true,false,true,false,true,0,codable,OWL_ANS,emissible,2279
L23.8,XII,XII/L23.8.md,Dermite allergique de contact due à d'autres agents,true,false,true,false,false,0,codable,OWL_ANS,emissible,2797
L23.9,XII,XII/L23.9.md,"Dermite allergique de contact, cause non précisée",true,false,true,false,true,0,codable,OWL_ANS,emissible,2366
L24.0,XII,XII/L24.0.md,Dermite irritante de contact due aux détergents,true,false,true,false,true,0,codable,OWL_ANS,emissible,2281
L24.1,XII,XII/L24.1.md,Dermite irritante de contact due aux huiles et aux graisses,true,false,true,false,false,0,codable,OWL_ANS,emissible,2210
L24.2,XII,XII/L24.2.md,Dermite irritante de contact due aux solvants,true,false,true,false,false,0,codable,OWL_ANS,emissible,2407
L24.3,XII,XII/L24.3.md,Dermite irritante de contact due aux cosmétiques,true,false,true,false,true,0,codable,OWL_ANS,emissible,2284
L24.4,XII,XII/L24.4.md,Dermite irritante de contact due à des médicaments en contact avec la peau,true,false,true,false,false,0,codable,OWL_ANS,emissible,2371
L24.5,XII,XII/L24.5.md,Dermite irritante de contact due à d'autres produits chimiques,true,false,true,false,true,0,codable,OWL_ANS,emissible,2497
L24.6,XII,XII/L24.6.md,Dermite irritante de contact due à des aliments en contact avec la peau,true,false,true,false,false,0,codable,OWL_ANS,emissible,2306
L24.7,XII,XII/L24.7.md,"Dermite irritante de contact due aux végétaux, sauf aliments",true,false,true,false,true,0,codable,OWL_ANS,emissible,2292
L24.8,XII,XII/L24.8.md,Dermite irritante de contact due à d'autres agents,true,false,true,false,false,0,codable,OWL_ANS,emissible,2845
L24.9,XII,XII/L24.9.md,"Dermite irritante de contact, cause non précisée",true,false,true,false,true,0,codable,OWL_ANS,emissible,2295
L25.0,XII,XII/L25.0.md,"Dermite de contact, sans précision, due aux cosmétiques",true,false,true,false,false,0,codable,OWL_ANS,emissible,2198
L25.1,XII,XII/L25.1.md,"Dermite de contact, sans précision, due à des médicaments en contact avec la peau",true,false,true,false,true,0,codable,OWL_ANS,emissible,2490
L25.2,XII,XII/L25.2.md,"Dermite de contact, sans précision, due aux teintures",true,false,true,false,false,0,codable,OWL_ANS,emissible,2196
L25.3,XII,XII/L25.3.md,"Dermite de contact, sans précision, due à d'autres produits chimiques",true,false,true,false,false,0,codable,OWL_ANS,emissible,2257
L25.4,XII,XII/L25.4.md,"Dermite de contact, sans précision, due à des aliments en contact avec la peau",true,false,true,false,true,0,codable,OWL_ANS,emissible,2366
L25.5,XII,XII/L25.5.md,"Dermite de contact, sans précision, due aux végétaux, sauf aliments",true,false,true,false,false,0,codable,OWL_ANS,emissible,2210
L25.8,XII,XII/L25.8.md,"Dermite de contact, sans précision, due à d'autres agents",true,false,true,false,false,0,codable,OWL_ANS,emissible,2722
L25.9,XII,XII/L25.9.md,"Dermite de contact, sans précision, de cause non précisée",true,false,true,false,true,0,codable,OWL_ANS,emissible,2422
L26,XII,XII/L26.md,Dermite exfoliatrice,true,false,true,false,true,0,codable,OWL_ANS,emissible,1954
L27.0,XII,XII/L27.0.md,Éruption généralisée due à des médicaments,false,false,true,false,true,0,codable,OWL_ANS,emissible,2472
L27.1,XII,XII/L27.1.md,Éruption localisée due à des médicaments,false,false,true,false,true,0,codable,OWL_ANS,emissible,2221
L27.2,XII,XII/L27.2.md,Dermite due à l'ingestion d'aliments,false,false,true,false,true,0,codable,OWL_ANS,emissible,2121
L27.8,XII,XII/L27.8.md,Dermite due à d'autres substances prises par voie interne,false,false,true,false,false,0,codable,OWL_ANS,emissible,2153
L27.9,XII,XII/L27.9.md,Dermite due à une substance non précisée prise par voie interne,false,false,true,false,true,0,codable,OWL_ANS,emissible,2022
L28.0,XII,XII/L28.0.md,Lichen simplex chronique,true,false,true,false,true,0,codable,OWL_ANS,emissible,2024
L28.1,XII,XII/L28.1.md,Prurigo nodulaire de Hyde,false,false,true,false,true,0,codable,OWL_ANS,emissible,1727
L28.2,XII,XII/L28.2.md,Autres formes de prurigo,true,false,true,false,true,0,codable,OWL_ANS,emissible,2000
L29.0,XII,XII/L29.0.md,Prurit anal,false,false,true,false,true,0,codable,OWL_ANS,emissible,1744
L29.1,XII,XII/L29.1.md,Prurit scrotal,false,false,true,false,true,0,codable,OWL_ANS,emissible,1753
L29.2,XII,XII/L29.2.md,Prurit vulvaire,false,false,true,false,true,0,codable,OWL_ANS,emissible,1755
L29.3,XII,XII/L29.3.md,"Prurit anogénital, sans précision",false,false,true,false,true,0,codable,OWL_ANS,emissible,1803
L29.8,XII,XII/L29.8.md,Autres prurits,false,false,true,false,true,0,codable,OWL_ANS,emissible,1981
L29.9,XII,XII/L29.9.md,"Prurit, sans précision",true,false,true,false,true,0,codable,OWL_ANS,emissible,1902
L30.0,XII,XII/L30.0.md,Dermite nummulaire,false,false,true,false,true,0,codable,OWL_ANS,emissible,1850
L30.1,XII,XII/L30.1.md,Dyshidrose [pompholyx],false,false,true,false,true,0,codable,OWL_ANS,emissible,1856
L30.2,XII,XII/L30.2.md,Autosensibilisation cutanée,true,false,true,false,true,0,codable,OWL_ANS,emissible,1985
L30.3,XII,XII/L30.3.md,Dermite infectée,true,false,true,false,true,0,codable,OWL_ANS,emissible,2256
L30.4,XII,XII/L30.4.md,Intertrigo érythémateux,false,false,true,false,true,0,codable,OWL_ANS,emissible,1994
L30.5,XII,XII/L30.5.md,Pityriasis alba,false,false,true,false,true,0,codable,OWL_ANS,emissible,1845
L30.8,XII,XII/L30.8.md,Autres dermites précisées,false,false,true,false,true,0,codable,OWL_ANS,emissible,2485
L30.9,XII,XII/L30.9.md,"Dermite, sans précision",true,false,true,false,true,0,codable,OWL_ANS,emissible,2160
L40.0,XII,XII/L40.0.md,Psoriasis vulgaris,true,false,true,false,true,0,codable,OWL_ANS,emissible,1292
L40.1,XII,XII/L40.1.md,Psoriasis pustulaire généralisé,true,false,true,false,true,0,codable,OWL_ANS,emissible,1479
L40.2,XII,XII/L40.2.md,Acrodermatite continue de Hallopeau,false,false,true,false,true,0,codable,OWL_ANS,emissible,1212
L40.3,XII,XII/L40.3.md,Pustulose palmaire et plantaire,false,false,true,false,true,0,codable,OWL_ANS,emissible,1209
L40.4,XII,XII/L40.4.md,Psoriasis en goutte,false,false,true,false,true,0,codable,OWL_ANS,emissible,1101
L40.5,XII,XII/L40.5.md,Psoriasis arthropathique ,false,false,true,false,true,0,codable,OWL_ANS,emissible,1363
L40.8,XII,XII/L40.8.md,Autres psoriasis,true,false,true,false,true,0,codable,OWL_ANS,emissible,1758
L40.9,XII,XII/L40.9.md,"Psoriasis, sans précision",false,false,true,false,true,0,codable,OWL_ANS,emissible,1350
L41.0,XII,XII/L41.0.md,Pityriasis lichénoïde et varioliforme aigu,true,false,true,false,true,0,codable,OWL_ANS,emissible,1471
L41.1,XII,XII/L41.1.md,Pityriasis lichénoïde chronique,false,false,true,false,true,0,codable,OWL_ANS,emissible,1267
L41.3,XII,XII/L41.3.md,Parapsoriasis à petites plaques,false,false,true,false,true,0,codable,OWL_ANS,emissible,1266
L41.4,XII,XII/L41.4.md,Parapsoriasis à grandes plaques,false,false,true,false,true,0,codable,OWL_ANS,emissible,1238
L41.5,XII,XII/L41.5.md,Parapsoriasis rétiforme,false,false,true,false,true,0,codable,OWL_ANS,emissible,1279
L41.8,XII,XII/L41.8.md,Autres parapsoriasis,false,false,true,false,false,0,codable,OWL_ANS,emissible,1417
L41.9,XII,XII/L41.9.md,"Parapsoriasis, sans précision",false,false,true,false,true,0,codable,OWL_ANS,emissible,1213
L42,XII,XII/L42.md,Pityriasis rosé de Gibert,false,false,true,false,true,0,codable,OWL_ANS,emissible,1187
L43.0,XII,XII/L43.0.md,Lichen plan hypertrophique,false,false,true,false,true,0,codable,OWL_ANS,emissible,1206
L43.1,XII,XII/L43.1.md,Lichen plan bulleux,false,false,true,false,true,0,codable,OWL_ANS,emissible,1197
L43.2,XII,XII/L43.2.md,Réaction lichénoïde médicamenteuse,false,false,true,false,true,0,codable,OWL_ANS,emissible,1227
L43.3,XII,XII/L43.3.md,Lichen plan subaigu (actif),true,false,true,false,true,0,codable,OWL_ANS,emissible,1280
L43.8,XII,XII/L43.8.md,Autres lichens plans,false,false,true,false,true,0,codable,OWL_ANS,emissible,1568
L43.9,XII,XII/L43.9.md,"Lichen plan, sans précision",false,false,true,false,true,0,codable,OWL_ANS,emissible,1244
L44.0,XII,XII/L44.0.md,Pityriasis rubra pilaire,false,false,true,false,true,0,codable,OWL_ANS,emissible,1183
L44.1,XII,XII/L44.1.md,Lichen nitidus,false,false,true,false,true,0,codable,OWL_ANS,emissible,1111
L44.2,XII,XII/L44.2.md,Lichen strié,false,false,true,false,true,0,codable,OWL_ANS,emissible,1105
L44.3,XII,XII/L44.3.md,Lichen ruber moniliforme,false,false,true,false,true,0,codable,OWL_ANS,emissible,1111
L44.4,XII,XII/L44.4.md,Acrodermatite érythématopapuleuse infantile,true,false,true,false,true,0,codable,OWL_ANS,emissible,1267
L44.8,XII,XII/L44.8.md,Autres lésions papulosquameuses précisées,false,false,true,false,true,0,codable,OWL_ANS,emissible,1347
L44.9,XII,XII/L44.9.md,"Lésion papulosquameuse, sans précision",false,false,true,false,true,0,codable,OWL_ANS,emissible,1108
L45,XII,XII/L45.md,Lésions papulosquameuses au cours de maladies classées ailleurs,false,false,true,false,false,0,codable,OWL_ANS,emissible,1079
L50.0,XII,XII/L50.0.md,Urticaire allergique,false,false,true,false,true,0,codable,OWL_ANS,emissible,1609
L50.1,XII,XII/L50.1.md,Urticaire idiopathique,false,false,true,false,true,0,codable,OWL_ANS,emissible,1616
L50.2,XII,XII/L50.2.md,Urticaire provoquée par le froid et la chaleur,false,false,true,false,true,0,codable,OWL_ANS,emissible,1596
L50.3,XII,XII/L50.3.md,Dermographisme,false,false,true,false,true,0,codable,OWL_ANS,emissible,1611
L50.4,XII,XII/L50.4.md,Urticaire provoquée par vibration,false,false,true,false,true,0,codable,OWL_ANS,emissible,1609
L50.5,XII,XII/L50.5.md,Urticaire cholinergique,false,false,true,false,true,0,codable,OWL_ANS,emissible,1564
L50.6,XII,XII/L50.6.md,Urticaire de contact,false,false,true,false,true,0,codable,OWL_ANS,emissible,1558
L50.8,XII,XII/L50.8.md,Autres formes d'urticaire,true,false,true,false,true,0,codable,OWL_ANS,emissible,2139
L50.9,XII,XII/L50.9.md,"Urticaire, sans précision",false,false,true,false,true,0,codable,OWL_ANS,emissible,1539
L51.0,XII,XII/L51.0.md,Érythème polymorphe non bulleux,false,false,true,false,true,0,codable,OWL_ANS,emissible,1281
L51.1,XII,XII/L51.1.md,Érythème polymorphe bulleux,true,false,true,false,true,0,codable,OWL_ANS,emissible,1565
L51.20,XII,XII/L51.20.md,"Épidermolyse nécrosante suraigüe [Lyell], avec décollement cutané égal ou supérieur à 30% (de la surface du corps)",false,false,true,false,false,0,codable,OWL_ANS,emissible,1242
L51.29,XII,XII/L51.29.md,"Épidermolyse nécrosante suraigüe [Lyell], avec décollement cutané inférieur à 30% (de la surface du corps)",true,false,true,false,true,0,codable,OWL_ANS,emissible,1506
L51.8,XII,XII/L51.8.md,Autres formes d'érythème polymorphe,false,false,true,false,false,0,codable,OWL_ANS,emissible,1339
L51.9,XII,XII/L51.9.md,"Érythème polymorphe, sans précision",false,false,true,false,true,0,codable,OWL_ANS,emissible,1223
L52,XII,XII/L52.md,Érythème noueux,false,false,true,false,true,0,codable,OWL_ANS,emissible,1287
L53.0,XII,XII/L53.0.md,Érythème toxique,false,false,true,false,true,0,codable,OWL_ANS,emissible,1702
L53.1,XII,XII/L53.1.md,Érythème annulaire centrifuge,false,false,true,false,true,0,codable,OWL_ANS,emissible,1440
L53.2,XII,XII/L53.2.md,Érythème marginé discoïde de Besnier,false,false,true,false,true,0,codable,OWL_ANS,emissible,1452
L53.3,XII,XII/L53.3.md,Autres formes d'érythème figuré chronique,false,false,true,false,true,0,codable,OWL_ANS,emissible,1664
L53.8,XII,XII/L53.8.md,Autres formes précisées d'érythème,false,false,true,false,true,0,codable,OWL_ANS,emissible,1809
L53.9,XII,XII/L53.9.md,"Érythème, sans précision",true,false,true,false,true,0,codable,OWL_ANS,emissible,1833
L54.0,XII,XII/L54.0.md,Érythème marginé discoïde de Besnier au cours d'un rhumatisme articulaire aigu ,false,false,true,false,false,0,codable,OWL_ANS,emissible,1205
L54.8,XII,XII/L54.8.md,Érythème au cours d'autres maladies classées ailleurs,false,false,true,false,false,0,codable,OWL_ANS,emissible,1311
L55.0,XII,XII/L55.0.md,Coup de soleil du premier degré,false,false,true,false,true,0,codable,OWL_ANS,emissible,1165
L55.1,XII,XII/L55.1.md,Coup de soleil du deuxième degré,false,false,true,false,false,0,codable,OWL_ANS,emissible,1107
L55.2,XII,XII/L55.2.md,Coup de soleil du troisième degré,false,false,true,false,false,0,codable,OWL_ANS,emissible,1108
L55.8,XII,XII/L55.8.md,Autres coups de soleil,false,false,true,false,true,0,codable,OWL_ANS,emissible,1333
L55.9,XII,XII/L55.9.md,"Coup de soleil, sans précision",false,false,true,false,true,0,codable,OWL_ANS,emissible,1197
L56.0,XII,XII/L56.0.md,Réaction phototoxique à un médicament,false,false,true,false,true,0,codable,OWL_ANS,emissible,1234
L56.1,XII,XII/L56.1.md,Réaction photoallergique à un médicament,false,false,true,false,true,0,codable,OWL_ANS,emissible,1281
L56.2,XII,XII/L56.2.md,Dermite de photocontact [dermite de breloque],false,false,true,false,true,0,codable,OWL_ANS,emissible,1226
L56.3,XII,XII/L56.3.md,Urticaire solaire,false,false,true,false,true,0,codable,OWL_ANS,emissible,1152
L56.4,XII,XII/L56.4.md,Lucite polymorphe,false,false,true,false,true,0,codable,OWL_ANS,emissible,1196
L56.8,XII,XII/L56.8.md,Autres modifications aigües précisées de la peau dues aux rayons ultraviolets,false,false,true,false,true,0,codable,OWL_ANS,emissible,1611
L56.9,XII,XII/L56.9.md,"Modification aigüe de la peau due aux rayons ultraviolets, sans précision",false,false,true,false,true,0,codable,OWL_ANS,emissible,1209
L57.0,XII,XII/L57.0.md,Kératose actinique,true,false,true,false,true,0,codable,OWL_ANS,emissible,1445
L57.1,XII,XII/L57.1.md,Actinoréticulose,false,false,true,false,true,0,codable,OWL_ANS,emissible,1159
L57.2,XII,XII/L57.2.md,Cutis rhomboidalis,true,false,true,false,true,0,codable,OWL_ANS,emissible,1226
L57.3,XII,XII/L57.3.md,Poïkilodermie de Civatte,false,false,true,false,true,0,codable,OWL_ANS,emissible,1239
L57.4,XII,XII/L57.4.md,Cutis laxa senilis,true,false,true,false,true,0,codable,OWL_ANS,emissible,1260
L57.5,XII,XII/L57.5.md,Granulome actinique,false,false,true,false,true,0,codable,OWL_ANS,emissible,1156
L57.8,XII,XII/L57.8.md,Autres modifications de la peau dues à une exposition chronique aux rayonnements non ionisants,true,false,true,false,true,0,codable,OWL_ANS,emissible,1748
L57.9,XII,XII/L57.9.md,"Modification de la peau due à une exposition chronique aux rayonnements non ionisants, sans précision",false,false,true,false,true,0,codable,OWL_ANS,emissible,1236
L58.0,XII,XII/L58.0.md,Radiodermite aigüe,false,false,true,false,true,0,codable,OWL_ANS,emissible,1214
L58.1,XII,XII/L58.1.md,Radiodermite chronique,false,false,true,false,true,0,codable,OWL_ANS,emissible,1258
L58.9,XII,XII/L58.9.md,"Radiodermite, sans précision",false,false,true,false,true,0,codable,OWL_ANS,emissible,1396
L59.0,XII,XII/L59.0.md,Érythème dû au feu [dermite due au feu],false,false,true,false,true,0,codable,OWL_ANS,emissible,1175
L59.8,XII,XII/L59.8.md,Autres affections précisées de la peau et du tissu cellulaire souscutané liées à une irradiation,false,false,true,false,true,0,codable,OWL_ANS,emissible,1739
L59.9,XII,XII/L59.9.md,"Affection de la peau et du tissu cellulaire souscutané liée à une irradiation, sans précision",false,false,true,false,false,0,codable,OWL_ANS,emissible,1168
L60.0,XII,XII/L60.0.md,Ongle incarné,false,false,true,false,true,0,codable,OWL_ANS,emissible,1425
L60.1,XII,XII/L60.1.md,Onycholyse,false,false,true,false,true,0,codable,OWL_ANS,emissible,1385
L60.2,XII,XII/L60.2.md,Onychogryphose,false,false,true,false,true,0,codable,OWL_ANS,emissible,1424
L60.3,XII,XII/L60.3.md,Dystrophie des ongles,false,false,true,false,true,0,codable,OWL_ANS,emissible,1512
L60.4,XII,XII/L60.4.md,Lignes de Beau,false,false,true,false,true,0,codable,OWL_ANS,emissible,1424
L60.5,XII,XII/L60.5.md,Syndrome des ongles jaunes,false,false,true,false,true,0,codable,OWL_ANS,emissible,1484
L60.8,XII,XII/L60.8.md,Autres maladies des ongles,false,false,true,false,true,0,codable,OWL_ANS,emissible,1793
L60.9,XII,XII/L60.9.md,"Maladie des ongles, sans précision",false,false,true,false,true,0,codable,OWL_ANS,emissible,1396
L62.0,XII,XII/L62.0.md,Pachydermopériostose avec ongle hippocratique ,false,false,true,false,false,0,codable,OWL_ANS,emissible,1215
L62.8,XII,XII/L62.8.md,Maladies des ongles au cours d'autres maladies classées ailleurs,false,false,true,false,false,0,codable,OWL_ANS,emissible,1332
L63.0,XII,XII/L63.0.md,Alopécie totale,true,false,true,false,true,0,codable,OWL_ANS,emissible,1314
L63.1,XII,XII/L63.1.md,Pelade diffuse,false,false,true,false,true,0,codable,OWL_ANS,emissible,1240
L63.2,XII,XII/L63.2.md,Ophiase,false,false,true,false,true,0,codable,OWL_ANS,emissible,1284
L63.8,XII,XII/L63.8.md,Autres formes de pelade,false,false,true,false,true,0,codable,OWL_ANS,emissible,1508
L63.9,XII,XII/L63.9.md,"Pelade, sans précision",false,false,true,false,true,0,codable,OWL_ANS,emissible,1240
L64.0,XII,XII/L64.0.md,Alopécie androgénique médicamenteuse,true,false,true,false,false,0,codable,OWL_ANS,emissible,1300
L64.8,XII,XII/L64.8.md,Autres formes d'alopécie androgénique,true,false,true,false,false,0,codable,OWL_ANS,emissible,1391
L64.9,XII,XII/L64.9.md,"Alopécie androgénique, sans précision",true,false,true,false,true,0,codable,OWL_ANS,emissible,1365
L65.0,XII,XII/L65.0.md,Télogène,false,false,true,false,true,0,codable,OWL_ANS,emissible,1342
L65.1,XII,XII/L65.1.md,Anagène,false,false,true,false,true,0,codable,OWL_ANS,emissible,1319
L65.2,XII,XII/L65.2.md,Alopécie mucineuse de Pinkus,false,false,true,false,true,0,codable,OWL_ANS,emissible,1361
L65.8,XII,XII/L65.8.md,Autres formes non cicatricielles précisées de raréfaction du système pileux,false,false,true,false,false,0,codable,OWL_ANS,emissible,1460
L65.9,XII,XII/L65.9.md,"Raréfaction du système pileux non cicatricielle, sans précision",true,false,true,false,true,0,codable,OWL_ANS,emissible,1438
L66.0,XII,XII/L66.0.md,Pseudopelade,false,false,true,false,true,0,codable,OWL_ANS,emissible,1255
L66.1,XII,XII/L66.1.md,Lichen planopilaire,true,false,true,false,true,0,codable,OWL_ANS,emissible,1330
L66.2,XII,XII/L66.2.md,Folliculite décalvante,false,false,true,false,true,0,codable,OWL_ANS,emissible,1409
L66.3,XII,XII/L66.3.md,Périfolliculite capitis abscedens,false,false,true,false,true,0,codable,OWL_ANS,emissible,1278
L66.4,XII,XII/L66.4.md,Folliculite ulérythémateuse réticulée,false,false,true,false,true,0,codable,OWL_ANS,emissible,1386
L66.8,XII,XII/L66.8.md,Autres formes d'alopécie cicatricielle,false,false,true,false,false,0,codable,OWL_ANS,emissible,1436
L66.9,XII,XII/L66.9.md,"Alopécie cicatricielle, sans précision",false,false,true,false,true,0,codable,OWL_ANS,emissible,1272
L67.0,XII,XII/L67.0.md,Trichorrhexie noueuse,false,false,true,false,true,0,codable,OWL_ANS,emissible,1413
L67.1,XII,XII/L67.1.md,Anomalies de la couleur des cheveux,true,false,true,false,true,0,codable,OWL_ANS,emissible,1665
L67.8,XII,XII/L67.8.md,Autres anomalies de la pigmentation et de la gaine capillaires,true,false,true,false,true,0,codable,OWL_ANS,emissible,1785
L67.9,XII,XII/L67.9.md,"Anomalie de la pigmentation et de la gaine capillaires, sans précision",false,false,true,false,false,0,codable,OWL_ANS,emissible,1345
L68.0,XII,XII/L68.0.md,Hirsutisme,true,false,true,false,true,0,codable,OWL_ANS,emissible,1481
L68.1,XII,XII/L68.1.md,Hypertrichose lanugineuse acquise,true,false,true,false,false,0,codable,OWL_ANS,emissible,1451
L68.2,XII,XII/L68.2.md,Hypertrichose localisée,true,false,true,false,true,0,codable,OWL_ANS,emissible,1507
L68.3,XII,XII/L68.3.md,Polytrichie,true,false,true,false,true,0,codable,OWL_ANS,emissible,1483
L68.8,XII,XII/L68.8.md,Autres formes d'hypertrichose,true,false,true,false,true,0,codable,OWL_ANS,emissible,1685
L68.9,XII,XII/L68.9.md,"Hypertrichose, sans précision",true,false,true,false,true,0,codable,OWL_ANS,emissible,1511
L70.0,XII,XII/L70.0.md,Acné vulgaire,false,false,true,false,true,0,codable,OWL_ANS,emissible,1404
L70.1,XII,XII/L70.1.md,Acné conglobata,false,false,true,false,true,0,codable,OWL_ANS,emissible,1332
L70.2,XII,XII/L70.2.md,Acné varioliforme,true,false,true,false,true,0,codable,OWL_ANS,emissible,1561
L70.3,XII,XII/L70.3.md,Acné tropicale,false,false,true,false,true,0,codable,OWL_ANS,emissible,1330
L70.4,XII,XII/L70.4.md,Acné infantile,false,false,true,false,true,0,codable,OWL_ANS,emissible,1347
L70.5,XII,XII/L70.5.md,Acné excoriée,true,false,true,false,true,0,codable,OWL_ANS,emissible,1448
L70.8,XII,XII/L70.8.md,Autres formes d'acné,false,false,true,false,true,0,codable,OWL_ANS,emissible,1685
L70.9,XII,XII/L70.9.md,"Acné, sans précision",false,false,true,false,true,0,codable,OWL_ANS,emissible,1352
L71.0,XII,XII/L71.0.md,Dermite périorale,false,false,true,false,true,0,codable,OWL_ANS,emissible,1269
L71.1,XII,XII/L71.1.md,Rhinophyma,false,false,true,false,true,0,codable,OWL_ANS,emissible,1232
L71.8,XII,XII/L71.8.md,Autres formes d'acné rosacée,false,false,true,false,true,0,codable,OWL_ANS,emissible,1374
L71.9,XII,XII/L71.9.md,"Acné rosacée, sans précision",false,false,true,false,true,0,codable,OWL_ANS,emissible,1288
L72.0,XII,XII/L72.0.md,Kyste épidermique,false,false,true,false,true,0,codable,OWL_ANS,emissible,1274
L72.1,XII,XII/L72.1.md,Kyste sébacé,true,false,true,false,true,0,codable,OWL_ANS,emissible,1474
L72.2,XII,XII/L72.2.md,Stéatokystose multiple,false,false,true,false,true,0,codable,OWL_ANS,emissible,1274
L72.8,XII,XII/L72.8.md,Autres formes de kyste folliculaire de la peau et du tissu cellulaire souscutané,false,false,true,false,true,0,codable,OWL_ANS,emissible,1440
L72.9,XII,XII/L72.9.md,"Kyste folliculaire de la peau et du tissu cellulaire souscutané, sans précision",false,false,true,false,true,0,codable,OWL_ANS,emissible,1638
L73.0,XII,XII/L73.0.md,Acné chéloïde,false,false,true,false,true,0,codable,OWL_ANS,emissible,1285
L73.1,XII,XII/L73.1.md,Pseudofolliculite de la barbe,false,false,true,false,true,0,codable,OWL_ANS,emissible,1270
L73.2,XII,XII/L73.2.md,Hidrosadénite suppurée,false,false,true,false,true,0,codable,OWL_ANS,emissible,1304
L73.8,XII,XII/L73.8.md,Autres formes précisées d'affections folliculaires,true,false,true,false,true,0,codable,OWL_ANS,emissible,1639
L73.9,XII,XII/L73.9.md,"Affection folliculaire, sans précision",false,false,true,false,true,0,codable,OWL_ANS,emissible,1401
L74.0,XII,XII/L74.0.md,Miliaire rouge,false,false,true,false,true,0,codable,OWL_ANS,emissible,1347
L74.1,XII,XII/L74.1.md,Miliaire cristalline,false,false,true,false,true,0,codable,OWL_ANS,emissible,1371
L74.2,XII,XII/L74.2.md,Miliaire profonde,true,false,true,false,true,0,codable,OWL_ANS,emissible,1408
L74.3,XII,XII/L74.3.md,"Miliaire, sans précision",false,false,true,false,true,0,codable,OWL_ANS,emissible,1353
L74.4,XII,XII/L74.4.md,Anhidrose,true,false,true,false,true,0,codable,OWL_ANS,emissible,1434
L74.8,XII,XII/L74.8.md,Autres affections des glandes sudoripares exocrines,false,false,true,false,true,0,codable,OWL_ANS,emissible,1751
L74.9,XII,XII/L74.9.md,"Affection des glandes sudoripares exocrines, sans précision",true,false,true,false,true,0,codable,OWL_ANS,emissible,1455
L75.0,XII,XII/L75.0.md,Bromhidrose,false,false,true,false,true,0,codable,OWL_ANS,emissible,1362
L75.1,XII,XII/L75.1.md,Chromhidrose,false,false,true,false,true,0,codable,OWL_ANS,emissible,1366
L75.2,XII,XII/L75.2.md,Miliaire apocrine,true,false,true,false,true,0,codable,OWL_ANS,emissible,1495
L75.8,XII,XII/L75.8.md,Autres affections des glandes sudoripares apocrines,false,false,true,false,true,0,codable,OWL_ANS,emissible,1590
L75.9,XII,XII/L75.9.md,"Affection des glandes sudoripares apocrines, sans précision",false,false,true,false,false,0,codable,OWL_ANS,emissible,1329
L80,XII,XII/L80.md,Vitiligo,false,false,true,false,true,0,codable,OWL_ANS,emissible,1127
L81.0,XII,XII/L81.0.md,Hyperpigmentation postinflammatoire,false,false,true,false,false,0,codable,OWL_ANS,emissible,1247
L81.1,XII,XII/L81.1.md,Chloasma,false,false,true,false,true,0,codable,OWL_ANS,emissible,1281
L81.2,XII,XII/L81.2.md,Taches de rousseur,false,false,true,false,true,0,codable,OWL_ANS,emissible,1310
L81.3,XII,XII/L81.3.md,Taches café au lait,false,false,true,false,false,0,codable,OWL_ANS,emissible,1231
L81.4,XII,XII/L81.4.md,Autres hyperpigmentations par la mélanine,true,false,true,false,true,0,codable,OWL_ANS,emissible,1691
L81.5,XII,XII/L81.5.md,"Leucodermie, non classée ailleurs",false,false,true,false,true,0,codable,OWL_ANS,emissible,1338
L81.6,XII,XII/L81.6.md,Autres anomalies liées à une diminution de la formation de mélanine,false,false,true,false,true,0,codable,OWL_ANS,emissible,1439
L81.7,XII,XII/L81.7.md,Dermatose purpurique pigmentée,true,false,true,false,true,0,codable,OWL_ANS,emissible,1574
L81.8,XII,XII/L81.8.md,Autres anomalies précisées de la pigmentation,true,false,true,false,true,0,codable,OWL_ANS,emissible,2171
L81.9,XII,XII/L81.9.md,"Anomalie de la pigmentation, sans précision",false,false,true,false,true,0,codable,OWL_ANS,emissible,1337
L82,XII,XII/L82.md,Kératose séborrhéique,true,false,true,false,true,0,codable,OWL_ANS,emissible,1372
L83,XII,XII/L83.md,Acanthosis nigricans,true,false,true,false,true,0,codable,OWL_ANS,emissible,1438
L84,XII,XII/L84.md,Cors et callosités,true,false,true,false,true,0,codable,OWL_ANS,emissible,1310
L85.0,XII,XII/L85.0.md,Ichtyose acquise,false,false,true,false,true,0,codable,OWL_ANS,emissible,1365
L85.1,XII,XII/L85.1.md,Kératose [kératodermie] palmaire et plantaire acquise,false,false,true,false,true,0,codable,OWL_ANS,emissible,1537
L85.2,XII,XII/L85.2.md,Kératose ponctuée (palmaire et plantaire),false,false,true,false,true,0,codable,OWL_ANS,emissible,1297
L85.3,XII,XII/L85.3.md,Xérosis cutané,true,false,true,false,true,0,codable,OWL_ANS,emissible,1505
L85.8,XII,XII/L85.8.md,Autres formes précisées d'épaississement de l'épiderme,true,false,true,false,true,0,codable,OWL_ANS,emissible,1864
L85.9,XII,XII/L85.9.md,"Épaississement de l'épiderme, sans précision",false,false,true,false,true,0,codable,OWL_ANS,emissible,1332
L86,XII,XII/L86.md,Kératodermie au cours de maladies classées ailleurs,true,false,true,false,true,0,codable,OWL_ANS,emissible,1344
L87.0,XII,XII/L87.0.md,Kératose folliculaire et parafolliculaire pénétrant dans la peau [Kyrle],true,false,true,false,true,0,codable,OWL_ANS,emissible,1389
L87.1,XII,XII/L87.1.md,Collagénome perforant verruciforme,false,false,true,false,true,0,codable,OWL_ANS,emissible,1311
L87.2,XII,XII/L87.2.md,Élastome perforant serpigineux,false,false,true,false,true,0,codable,OWL_ANS,emissible,1343
L87.8,XII,XII/L87.8.md,Autres anomalies de l'élimination transépidermique,false,false,true,false,true,0,codable,OWL_ANS,emissible,1487
L87.9,XII,XII/L87.9.md,"Anomalie de l'élimination transépidermique, sans précision",false,false,true,false,true,0,codable,OWL_ANS,emissible,1262
L88,XII,XII/L88.md,Pyodermite gangréneuse,true,false,true,false,true,0,codable,OWL_ANS,emissible,1780
L89.0,XII,XII/L89.0.md,Zone de pression et ulcère de décubitus de stade I,true,false,true,false,true,0,codable,OWL_ANS,emissible,1853
L89.1,XII,XII/L89.1.md,Ulcère de décubitus de stade II,true,false,true,false,true,0,codable,OWL_ANS,emissible,1764
L89.2,XII,XII/L89.2.md,Ulcère de décubitus de stade III,true,false,true,false,true,0,codable,OWL_ANS,emissible,1867
L89.3,XII,XII/L89.3.md,Ulcère de décubitus de stade IV,true,false,true,false,true,0,codable,OWL_ANS,emissible,1781
L89.9,XII,XII/L89.9.md,"Ulcère de décubitus et zone de pression, sans précision",true,false,true,false,true,0,codable,OWL_ANS,emissible,1735
L90.0,XII,XII/L90.0.md,Lichen scléreux et atrophique,false,false,true,false,true,0,codable,OWL_ANS,emissible,1534
L90.1,XII,XII/L90.1.md,Anétodermie de Schweninger–Buzzi,false,false,true,false,true,0,codable,OWL_ANS,emissible,1267
L90.2,XII,XII/L90.2.md,Anétodermie de Jadassohn–Pellizzari,false,false,true,false,true,0,codable,OWL_ANS,emissible,1309
L90.3,XII,XII/L90.3.md,Atrophodermie de Pasini et Pierini,false,false,true,false,true,0,codable,OWL_ANS,emissible,1216
L90.4,XII,XII/L90.4.md,Acrodermatite chronique atrophiante,false,false,true,false,true,0,codable,OWL_ANS,emissible,1205
L90.5,XII,XII/L90.5.md,Cicatrices et fibrose cutanées,true,false,true,false,true,0,codable,OWL_ANS,emissible,1456
L90.6,XII,XII/L90.6.md,Stries atrophiques,false,false,true,false,true,0,codable,OWL_ANS,emissible,1191
L90.8,XII,XII/L90.8.md,Autres affections atrophiques de la peau,false,false,true,false,true,0,codable,OWL_ANS,emissible,1862
L90.9,XII,XII/L90.9.md,"Affection atrophique de la peau, sans précision",false,false,true,false,true,0,codable,OWL_ANS,emissible,1659
L91.0,XII,XII/L91.0.md,Cicatrice hypertrophique,true,false,true,true,true,0,codable,OWL_ANS,emissible,1895
L91.8,XII,XII/L91.8.md,Autres affections hypertrophiques de la peau,false,false,true,false,false,0,codable,OWL_ANS,emissible,1180
L91.9,XII,XII/L91.9.md,"Affection hypertrophique de la peau, sans précision",false,false,true,false,true,0,codable,OWL_ANS,emissible,1266
L92.0,XII,XII/L92.0.md,Granulome annulaire,true,false,true,false,true,0,codable,OWL_ANS,emissible,1376
L92.1,XII,XII/L92.1.md,"Nécrobiose lipoïdique, non classée ailleurs",false,false,true,false,true,0,codable,OWL_ANS,emissible,1436
L92.2,XII,XII/L92.2.md,Granulome éosinophile de la peau,false,false,true,false,true,0,codable,OWL_ANS,emissible,1250
L92.3,XII,XII/L92.3.md,Granulome cutané et souscutané dû à la présence d'un corps étranger,false,false,true,false,true,0,codable,OWL_ANS,emissible,1488
L92.8,XII,XII/L92.8.md,Autres lésions granulomateuses de la peau et du tissu cellulaire souscutané,false,false,true,false,true,0,codable,OWL_ANS,emissible,1615
L92.9,XII,XII/L92.9.md,"Lésion granulomateuse de la peau et du tissu cellulaire souscutané, sans précision",false,false,true,false,true,0,codable,OWL_ANS,emissible,1297
L93.0,XII,XII/L93.0.md,Lupus érythémateux chronique,true,false,true,false,true,0,codable,OWL_ANS,emissible,1693
L93.1,XII,XII/L93.1.md,Lupus érythémateux cutané subaigu,false,false,true,false,true,0,codable,OWL_ANS,emissible,1385
L93.2,XII,XII/L93.2.md,Autres lupus érythémateux localisés,true,false,true,false,true,0,codable,OWL_ANS,emissible,1491
L94.0,XII,XII/L94.0.md,Sclérodermie localisée [morphée],true,false,true,false,true,0,codable,OWL_ANS,emissible,1607
L94.1,XII,XII/L94.1.md,Sclérodermie linéaire,true,false,true,false,true,0,codable,OWL_ANS,emissible,1370
L94.2,XII,XII/L94.2.md,Calcinose cutanée,false,false,true,false,true,0,codable,OWL_ANS,emissible,1401
L94.3,XII,XII/L94.3.md,Sclérodactylie,false,false,true,false,true,0,codable,OWL_ANS,emissible,1275
L94.4,XII,XII/L94.4.md,Papules de Gottron,false,false,true,false,true,0,codable,OWL_ANS,emissible,1258
L94.5,XII,XII/L94.5.md,Poïkilodermie généralisée type Petges–Cléjat [atrophiante vasculaire],false,false,true,false,true,0,codable,OWL_ANS,emissible,1419
L94.6,XII,XII/L94.6.md,Aïnhum,false,false,true,false,true,0,codable,OWL_ANS,emissible,1258
L94.8,XII,XII/L94.8.md,Autres affections localisées précisées du tissu conjonctif,false,false,true,false,false,0,codable,OWL_ANS,emissible,1546
L94.9,XII,XII/L94.9.md,"Affection localisée du tissu conjonctif, sans précision",false,false,true,false,false,1,interdit_dp_dr,OWL_ANS,emissible,1207
L95.0,XII,XII/L95.0.md,Vascularite livédoïde,true,false,true,false,true,0,codable,OWL_ANS,emissible,1769
L95.1,XII,XII/L95.1.md,Erythema elevatum diutinum,false,false,true,false,true,0,codable,OWL_ANS,emissible,1656
L95.8,XII,XII/L95.8.md,Autres vascularites limitées à la peau,false,false,true,false,true,0,codable,OWL_ANS,emissible,2105
L95.9,XII,XII/L95.9.md,"Vascularite limitée à la peau, sans précision",false,false,true,false,true,0,codable,OWL_ANS,emissible,1650
L97,XII,XII/L97.md,"Ulcère du membre inférieur, non classé ailleurs",false,false,true,false,true,0,codable,OWL_ANS,emissible,1852
L98.0,XII,XII/L98.0.md,Granulome pyogénique,false,false,true,false,true,0,codable,OWL_ANS,emissible,1319
L98.1,XII,XII/L98.1.md,Dermite factice,true,false,true,false,true,0,codable,OWL_ANS,emissible,1378
L98.2,XII,XII/L98.2.md,Dermatose neutrophile fébrile [Sweet],false,false,true,false,true,0,codable,OWL_ANS,emissible,1419
L98.3,XII,XII/L98.3.md,Phlegmon à éosinophiles [Wells],false,false,true,false,true,0,codable,OWL_ANS,emissible,1242
L98.4,XII,XII/L98.4.md,"Ulcérations chroniques de la peau, non classées ailleurs",true,false,true,false,true,0,codable,OWL_ANS,emissible,1965
L98.5,XII,XII/L98.5.md,Mucinose cutanée,true,false,true,false,true,0,codable,OWL_ANS,emissible,1546
L98.6,XII,XII/L98.6.md,Autres lésions infiltrantes de la peau et du tissu cellulaire souscutané,false,false,true,false,true,0,codable,OWL_ANS,emissible,1499
L98.7,XII,XII/L98.7.md,Hypertrophie et affaissement de la peau et du tissu cellulaire souscutané,true,false,true,false,false,0,codable,OWL_ANS,emissible,1528
L98.8,XII,XII/L98.8.md,Autres affections précisées de la peau et du tissu cellulaire souscutané,false,false,true,false,true,0,codable,OWL_ANS,emissible,2237
L98.9,XII,XII/L98.9.md,"Affection de la peau et du tissu cellulaire souscutané, sans précision",false,false,true,false,true,1,interdit_dp_dr,OWL_ANS,emissible,1521
L99.0,XII,XII/L99.0.md,Amylose cutanée,true,false,true,false,true,0,codable,OWL_ANS,emissible,1346
L99.8,XII,XII/L99.8.md,Autres affections précisées de la peau et du tissu cellulaire souscutané au cours de maladies classées ailleurs,true,false,true,false,true,0,codable,OWL_ANS,emissible,1456
M00.0,XIII,XIII/M00.0.md,Arthrite et polyarthrite à staphylocoques,false,false,true,false,true,0,codable,OWL_ANS,emissible,3425
M00.00,XIII,XIII/M00.00.md,"Arthrite et polyarthrite à staphylocoques - "" Sièges multiples """,false,false,true,true,false,0,codable,OWL_ANS,emissible,3694
M00.01,XIII,XIII/M00.01.md,"Arthrite et polyarthrite à staphylocoques - "" Région scapulaire """,false,true,true,true,false,0,codable,OWL_ANS,emissible,3981
M00.02,XIII,XIII/M00.02.md,"Arthrite et polyarthrite à staphylocoques - "" Bras """,false,true,true,true,false,0,codable,OWL_ANS,emissible,3796
M00.03,XIII,XIII/M00.03.md,"Arthrite et polyarthrite à staphylocoques - "" Avant-bras """,false,true,true,true,false,0,codable,OWL_ANS,emissible,3822
M00.04,XIII,XIII/M00.04.md,"Arthrite et polyarthrite à staphylocoques - "" Main """,false,true,true,true,false,0,codable,OWL_ANS,emissible,3840
M00.05,XIII,XIII/M00.05.md,"Arthrite et polyarthrite à staphylocoques - "" Région pelvienne et cuisse """,false,true,true,true,false,0,codable,OWL_ANS,emissible,3910
M00.06,XIII,XIII/M00.06.md,"Arthrite et polyarthrite à staphylocoques - "" Jambe """,false,true,true,true,false,0,codable,OWL_ANS,emissible,3809
M00.07,XIII,XIII/M00.07.md,"Arthrite et polyarthrite à staphylocoques - "" Cheville et pied """,false,true,true,true,false,0,codable,OWL_ANS,emissible,3916
M00.08,XIII,XIII/M00.08.md,"Arthrite et polyarthrite à staphylocoques - "" Autres """,false,true,true,true,false,0,codable,OWL_ANS,emissible,3838
M00.09,XIII,XIII/M00.09.md,"Arthrite et polyarthrite à staphylocoques - "" Siège non précisé """,false,false,true,true,false,0,codable,OWL_ANS,emissible,3695
M00.1,XIII,XIII/M00.1.md,Arthrite et polyarthrite à pneumocoques,false,false,true,false,true,0,codable,OWL_ANS,emissible,3185
M00.10,XIII,XIII/M00.10.md,"Arthrite et polyarthrite à pneumocoques - "" Sièges multiples """,false,false,true,true,false,0,codable,OWL_ANS,emissible,3692
M00.11,XIII,XIII/M00.11.md,"Arthrite et polyarthrite à pneumocoques - "" Région scapulaire """,false,true,true,true,false,0,codable,OWL_ANS,emissible,3979
M00.12,XIII,XIII/M00.12.md,"Arthrite et polyarthrite à pneumocoques - "" Bras """,false,true,true,true,false,0,codable,OWL_ANS,emissible,3794
M00.13,XIII,XIII/M00.13.md,"Arthrite et polyarthrite à pneumocoques - "" Avant-bras """,false,true,true,true,false,0,codable,OWL_ANS,emissible,3820
M00.14,XIII,XIII/M00.14.md,"Arthrite et polyarthrite à pneumocoques - "" Main """,false,true,true,true,false,0,codable,OWL_ANS,emissible,3838
M00.15,XIII,XIII/M00.15.md,"Arthrite et polyarthrite à pneumocoques - "" Région pelvienne et cuisse """,false,true,true,true,false,0,codable,OWL_ANS,emissible,3908
M00.16,XIII,XIII/M00.16.md,"Arthrite et polyarthrite à pneumocoques - "" Jambe """,false,true,true,true,false,0,codable,OWL_ANS,emissible,3807
M00.17,XIII,XIII/M00.17.md,"Arthrite et polyarthrite à pneumocoques - "" Cheville et pied """,false,true,true,true,false,0,codable,OWL_ANS,emissible,3914
M00.18,XIII,XIII/M00.18.md,"Arthrite et polyarthrite à pneumocoques - "" Autres """,false,true,true,true,false,0,codable,OWL_ANS,emissible,3836
M00.19,XIII,XIII/M00.19.md,"Arthrite et polyarthrite à pneumocoques - "" Siège non précisé """,false,false,true,true,false,0,codable,OWL_ANS,emissible,3693
M00.2,XIII,XIII/M00.2.md,Autres arthrites et polyarthrites à streptocoques,false,false,true,false,true,0,codable,OWL_ANS,emissible,3340
M00.20,XIII,XIII/M00.20.md,"Autres arthrites et polyarthrites à streptocoques - "" Sièges multiples """,false,false,true,true,false,0,codable,OWL_ANS,emissible,3702
M00.21,XIII,XIII/M00.21.md,"Autres arthrites et polyarthrites à streptocoques - "" Région scapulaire """,false,true,true,true,false,0,codable,OWL_ANS,emissible,3989
M00.22,XIII,XIII/M00.22.md,"Autres arthrites et polyarthrites à streptocoques - "" Bras """,false,true,true,true,false,0,codable,OWL_ANS,emissible,3804
M00.23,XIII,XIII/M00.23.md,"Autres arthrites et polyarthrites à streptocoques - "" Avant-bras """,false,true,true,true,false,0,codable,OWL_ANS,emissible,3830
M00.24,XIII,XIII/M00.24.md,"Autres arthrites et polyarthrites à streptocoques - "" Main """,false,true,true,true,false,0,codable,OWL_ANS,emissible,3848
M00.25,XIII,XIII/M00.25.md,"Autres arthrites et polyarthrites à streptocoques - "" Région pelvienne et cuisse """,false,true,true,true,false,0,codable,OWL_ANS,emissible,3918
M00.26,XIII,XIII/M00.26.md,"Autres arthrites et polyarthrites à streptocoques - "" Jambe """,false,true,true,true,false,0,codable,OWL_ANS,emissible,3817
M00.27,XIII,XIII/M00.27.md,"Autres arthrites et polyarthrites à streptocoques - "" Cheville et pied """,false,true,true,true,false,0,codable,OWL_ANS,emissible,3924
M00.28,XIII,XIII/M00.28.md,"Autres arthrites et polyarthrites à streptocoques - "" Autres """,false,true,true,true,false,0,codable,OWL_ANS,emissible,3846
M00.29,XIII,XIII/M00.29.md,"Autres arthrites et polyarthrites à streptocoques - "" Siège non précisé """,false,false,true,true,false,0,codable,OWL_ANS,emissible,3703
M00.8,XIII,XIII/M00.8.md,Arthrite et polyarthrite dues à d'autres bactéries précisées,false,false,true,false,true,0,codable,OWL_ANS,emissible,3960
M00.80,XIII,XIII/M00.80.md,"Arthrite et polyarthrite dues à d'autres bactéries précisées - "" Sièges multiples """,false,false,true,true,false,0,codable,OWL_ANS,emissible,3713
M00.81,XIII,XIII/M00.81.md,"Arthrite et polyarthrite dues à d'autres bactéries précisées - "" Région scapulaire """,false,true,true,true,false,0,codable,OWL_ANS,emissible,4000
M00.82,XIII,XIII/M00.82.md,"Arthrite et polyarthrite dues à d'autres bactéries précisées - "" Bras """,false,true,true,true,false,0,codable,OWL_ANS,emissible,3815
M00.83,XIII,XIII/M00.83.md,"Arthrite et polyarthrite dues à d'autres bactéries précisées - "" Avant-bras """,false,true,true,true,false,0,codable,OWL_ANS,emissible,3841
M00.84,XIII,XIII/M00.84.md,"Arthrite et polyarthrite dues à d'autres bactéries précisées - "" Main """,false,true,true,true,false,0,codable,OWL_ANS,emissible,3859
M00.85,XIII,XIII/M00.85.md,"Arthrite et polyarthrite dues à d'autres bactéries précisées - "" Région pelvienne et cuisse """,false,true,true,true,false,0,codable,OWL_ANS,emissible,3929
M00.86,XIII,XIII/M00.86.md,"Arthrite et polyarthrite dues à d'autres bactéries précisées - "" Jambe """,false,true,true,true,false,0,codable,OWL_ANS,emissible,3828
M00.87,XIII,XIII/M00.87.md,"Arthrite et polyarthrite dues à d'autres bactéries précisées - "" Cheville et pied """,false,true,true,true,false,0,codable,OWL_ANS,emissible,3935
M00.88,XIII,XIII/M00.88.md,"Arthrite et polyarthrite dues à d'autres bactéries précisées - "" Autres """,false,true,true,true,false,0,codable,OWL_ANS,emissible,3857
M00.89,XIII,XIII/M00.89.md,"Arthrite et polyarthrite dues à d'autres bactéries précisées - "" Siège non précisé """,false,false,true,true,false,0,codable,OWL_ANS,emissible,3714
M00.9,XIII,XIII/M00.9.md,"Arthrite à bactéries pyogènes, sans précision",true,false,true,false,true,0,codable,OWL_ANS,emissible,3332
M00.90,XIII,XIII/M00.90.md,"Arthrite à bactéries pyogènes, sans précision - "" Sièges multiples """,true,false,true,true,false,0,codable,OWL_ANS,emissible,3801
M00.91,XIII,XIII/M00.91.md,"Arthrite à bactéries pyogènes, sans précision - "" Région scapulaire """,true,true,true,true,false,0,codable,OWL_ANS,emissible,4088
M00.92,XIII,XIII/M00.92.md,"Arthrite à bactéries pyogènes, sans précision - "" Bras """,true,true,true,true,false,0,codable,OWL_ANS,emissible,3903
M00.93,XIII,XIII/M00.93.md,"Arthrite à bactéries pyogènes, sans précision - "" Avant-bras """,true,true,true,true,false,0,codable,OWL_ANS,emissible,3929
M00.94,XIII,XIII/M00.94.md,"Arthrite à bactéries pyogènes, sans précision - "" Main """,true,true,true,true,false,0,codable,OWL_ANS,emissible,3947
M00.95,XIII,XIII/M00.95.md,"Arthrite à bactéries pyogènes, sans précision - "" Région pelvienne et cuisse """,true,true,true,true,false,0,codable,OWL_ANS,emissible,4017
M00.96,XIII,XIII/M00.96.md,"Arthrite à bactéries pyogènes, sans précision - "" Jambe """,true,true,true,true,true,0,codable,OWL_ANS,emissible,3992
M00.97,XIII,XIII/M00.97.md,"Arthrite à bactéries pyogènes, sans précision - "" Cheville et pied """,true,true,true,true,false,0,codable,OWL_ANS,emissible,4023
M00.98,XIII,XIII/M00.98.md,"Arthrite à bactéries pyogènes, sans précision - "" Autres """,true,true,true,true,false,0,codable,OWL_ANS,emissible,3945
M00.99,XIII,XIII/M00.99.md,"Arthrite à bactéries pyogènes, sans précision - "" Siège non précisé """,true,false,true,true,false,0,codable,OWL_ANS,emissible,3802
M01.0,XIII,XIII/M01.0.md,Arthrite méningococcique ,false,false,true,false,true,0,codable,OWL_ANS,emissible,3076
M01.00,XIII,XIII/M01.00.md,"Arthrite méningococcique (A39.8)   - "" Sièges multiples """,false,false,true,false,false,0,codable,OWL_ANS,emissible,3020
M01.01,XIII,XIII/M01.01.md,"Arthrite méningococcique (A39.8)   - "" Région scapulaire """,false,true,true,false,false,0,codable,OWL_ANS,emissible,3307
M01.02,XIII,XIII/M01.02.md,"Arthrite méningococcique (A39.8)   - "" Bras """,false,true,true,false,false,0,codable,OWL_ANS,emissible,3122
M01.03,XIII,XIII/M01.03.md,"Arthrite méningococcique (A39.8)   - "" Avant-bras """,false,true,true,false,false,0,codable,OWL_ANS,emissible,3148
M01.04,XIII,XIII/M01.04.md,"Arthrite méningococcique (A39.8)   - "" Main """,false,true,true,false,false,0,codable,OWL_ANS,emissible,3166
M01.05,XIII,XIII/M01.05.md,"Arthrite méningococcique (A39.8)   - "" Région pelvienne et cuisse """,false,true,true,false,false,0,codable,OWL_ANS,emissible,3236
M01.06,XIII,XIII/M01.06.md,"Arthrite méningococcique (A39.8)   - "" Jambe """,false,true,true,false,false,0,codable,OWL_ANS,emissible,3135
M01.07,XIII,XIII/M01.07.md,"Arthrite méningococcique (A39.8)   - "" Cheville et pied """,false,true,true,false,false,0,codable,OWL_ANS,emissible,3242
M01.08,XIII,XIII/M01.08.md,"Arthrite méningococcique (A39.8)   - "" Autres """,false,true,true,false,false,0,codable,OWL_ANS,emissible,3164
M01.09,XIII,XIII/M01.09.md,"Arthrite méningococcique (A39.8)   - "" Siège non précisé """,false,false,true,false,false,0,codable,OWL_ANS,emissible,3021
M01.1,XIII,XIII/M01.1.md,Arthrite tuberculeuse ,false,false,true,false,true,0,codable,OWL_ANS,emissible,3098
M01.10,XIII,XIII/M01.10.md,"Arthrite tuberculeuse (A18.0)   - "" Sièges multiples """,false,false,true,false,false,0,codable,OWL_ANS,emissible,3005
M01.11,XIII,XIII/M01.11.md,"Arthrite tuberculeuse (A18.0)   - "" Région scapulaire """,false,true,true,false,false,0,codable,OWL_ANS,emissible,3292
M01.12,XIII,XIII/M01.12.md,"Arthrite tuberculeuse (A18.0)   - "" Bras """,false,true,true,false,false,0,codable,OWL_ANS,emissible,3107
M01.13,XIII,XIII/M01.13.md,"Arthrite tuberculeuse (A18.0)   - "" Avant-bras """,false,true,true,false,false,0,codable,OWL_ANS,emissible,3133
M01.14,XIII,XIII/M01.14.md,"Arthrite tuberculeuse (A18.0)   - "" Main """,false,true,true,false,false,0,codable,OWL_ANS,emissible,3151
M01.15,XIII,XIII/M01.15.md,"Arthrite tuberculeuse (A18.0)   - "" Région pelvienne et cuisse """,false,true,true,false,false,0,codable,OWL_ANS,emissible,3221
M01.16,XIII,XIII/M01.16.md,"Arthrite tuberculeuse (A18.0)   - "" Jambe """,false,true,true,false,false,0,codable,OWL_ANS,emissible,3120
M01.17,XIII,XIII/M01.17.md,"Arthrite tuberculeuse (A18.0)   - "" Cheville et pied """,false,true,true,false,false,0,codable,OWL_ANS,emissible,3227
M01.18,XIII,XIII/M01.18.md,"Arthrite tuberculeuse (A18.0)   - "" Autres """,false,true,true,false,false,0,codable,OWL_ANS,emissible,3149
M01.19,XIII,XIII/M01.19.md,"Arthrite tuberculeuse (A18.0)   - "" Siège non précisé """,false,false,true,false,false,0,codable,OWL_ANS,emissible,3006
M01.2,XIII,XIII/M01.2.md,Arthrite au cours de la maladie de Lyme ,false,false,true,false,true,0,codable,OWL_ANS,emissible,3021
M01.20,XIII,XIII/M01.20.md,"Arthrite au cours de la maladie de Lyme (A69.2)   - "" Sièges multiples """,false,false,true,false,false,0,codable,OWL_ANS,emissible,2996
M01.21,XIII,XIII/M01.21.md,"Arthrite au cours de la maladie de Lyme (A69.2)   - "" Région scapulaire """,false,true,true,false,false,0,codable,OWL_ANS,emissible,3283
M01.22,XIII,XIII/M01.22.md,"Arthrite au cours de la maladie de Lyme (A69.2)   - "" Bras """,false,true,true,false,false,0,codable,OWL_ANS,emissible,3098
M01.23,XIII,XIII/M01.23.md,"Arthrite au cours de la maladie de Lyme (A69.2)   - "" Avant-bras """,false,true,true,false,false,0,codable,OWL_ANS,emissible,3124
M01.24,XIII,XIII/M01.24.md,"Arthrite au cours de la maladie de Lyme (A69.2)   - "" Main """,false,true,true,false,false,0,codable,OWL_ANS,emissible,3142
M01.25,XIII,XIII/M01.25.md,"Arthrite au cours de la maladie de Lyme (A69.2)   - "" Région pelvienne et cuisse """,false,true,true,false,false,0,codable,OWL_ANS,emissible,3212
M01.26,XIII,XIII/M01.26.md,"Arthrite au cours de la maladie de Lyme (A69.2)   - "" Jambe """,false,true,true,false,false,0,codable,OWL_ANS,emissible,3111
M01.27,XIII,XIII/M01.27.md,"Arthrite au cours de la maladie de Lyme (A69.2)   - "" Cheville et pied """,false,true,true,false,false,0,codable,OWL_ANS,emissible,3218
M01.28,XIII,XIII/M01.28.md,"Arthrite au cours de la maladie de Lyme (A69.2)   - "" Autres """,false,true,true,false,false,0,codable,OWL_ANS,emissible,3140
M01.29,XIII,XIII/M01.29.md,"Arthrite au cours de la maladie de Lyme (A69.2)   - "" Siège non précisé """,false,false,true,false,false,0,codable,OWL_ANS,emissible,2997
M01.3,XIII,XIII/M01.3.md,Arthrite au cours d'autres maladies bactériennes classées ailleurs,true,false,true,false,true,0,codable,OWL_ANS,emissible,3655
M01.30,XIII,XIII/M01.30.md,"Arthrite au cours d'autres maladies bactériennes classées ailleurs - "" Sièges multiples """,true,false,true,false,false,0,codable,OWL_ANS,emissible,3268
M01.31,XIII,XIII/M01.31.md,"Arthrite au cours d'autres maladies bactériennes classées ailleurs - "" Région scapulaire """,true,true,true,false,false,0,codable,OWL_ANS,emissible,3555
M01.32,XIII,XIII/M01.32.md,"Arthrite au cours d'autres maladies bactériennes classées ailleurs - "" Bras """,true,true,true,false,false,0,codable,OWL_ANS,emissible,3370
M01.33,XIII,XIII/M01.33.md,"Arthrite au cours d'autres maladies bactériennes classées ailleurs - "" Avant-bras """,true,true,true,false,false,0,codable,OWL_ANS,emissible,3396
M01.34,XIII,XIII/M01.34.md,"Arthrite au cours d'autres maladies bactériennes classées ailleurs - "" Main """,true,true,true,false,false,0,codable,OWL_ANS,emissible,3414
M01.35,XIII,XIII/M01.35.md,"Arthrite au cours d'autres maladies bactériennes classées ailleurs - "" Région pelvienne et cuisse """,true,true,true,false,false,0,codable,OWL_ANS,emissible,3484
M01.36,XIII,XIII/M01.36.md,"Arthrite au cours d'autres maladies bactériennes classées ailleurs - "" Jambe """,true,true,true,false,false,0,codable,OWL_ANS,emissible,3383
M01.37,XIII,XIII/M01.37.md,"Arthrite au cours d'autres maladies bactériennes classées ailleurs - "" Cheville et pied """,true,true,true,false,false,0,codable,OWL_ANS,emissible,3490
M01.38,XIII,XIII/M01.38.md,"Arthrite au cours d'autres maladies bactériennes classées ailleurs - "" Autres """,true,true,true,false,false,0,codable,OWL_ANS,emissible,3412
M01.39,XIII,XIII/M01.39.md,"Arthrite au cours d'autres maladies bactériennes classées ailleurs - "" Siège non précisé """,true,false,true,false,false,0,codable,OWL_ANS,emissible,3269
M01.4,XIII,XIII/M01.4.md,Arthrite au cours de la rubéole ,false,false,true,false,true,0,codable,OWL_ANS,emissible,3005
M01.40,XIII,XIII/M01.40.md,"Arthrite au cours de la rubéole (B06.8)   - "" Sièges multiples """,false,false,true,false,false,0,codable,OWL_ANS,emissible,2988
M01.41,XIII,XIII/M01.41.md,"Arthrite au cours de la rubéole (B06.8)   - "" Région scapulaire """,false,true,true,false,false,0,codable,OWL_ANS,emissible,3275
M01.42,XIII,XIII/M01.42.md,"Arthrite au cours de la rubéole (B06.8)   - "" Bras """,false,true,true,false,false,0,codable,OWL_ANS,emissible,3090
M01.43,XIII,XIII/M01.43.md,"Arthrite au cours de la rubéole (B06.8)   - "" Avant-bras """,false,true,true,false,false,0,codable,OWL_ANS,emissible,3116
M01.44,XIII,XIII/M01.44.md,"Arthrite au cours de la rubéole (B06.8)   - "" Main """,false,true,true,false,false,0,codable,OWL_ANS,emissible,3134
M01.45,XIII,XIII/M01.45.md,"Arthrite au cours de la rubéole (B06.8)   - "" Région pelvienne et cuisse """,false,true,true,false,false,0,codable,OWL_ANS,emissible,3204
M01.46,XIII,XIII/M01.46.md,"Arthrite au cours de la rubéole (B06.8)   - "" Jambe """,false,true,true,false,false,0,codable,OWL_ANS,emissible,3103
M01.47,XIII,XIII/M01.47.md,"Arthrite au cours de la rubéole (B06.8)   - "" Cheville et pied """,false,true,true,false,false,0,codable,OWL_ANS,emissible,3210
M01.48,XIII,XIII/M01.48.md,"Arthrite au cours de la rubéole (B06.8)   - "" Autres """,false,true,true,false,false,0,codable,OWL_ANS,emissible,3132
M01.49,XIII,XIII/M01.49.md,"Arthrite au cours de la rubéole (B06.8)   - "" Siège non précisé """,false,false,true,false,false,0,codable,OWL_ANS,emissible,2989
M01.5,XIII,XIII/M01.5.md,Arthrite au cours d'autres maladies virales classées ailleurs,true,false,true,false,true,0,codable,OWL_ANS,emissible,3636
M01.50,XIII,XIII/M01.50.md,"Arthrite au cours d'autres maladies virales classées ailleurs - "" Sièges multiples """,true,false,true,false,false,0,codable,OWL_ANS,emissible,3166
M01.51,XIII,XIII/M01.51.md,"Arthrite au cours d'autres maladies virales classées ailleurs - "" Région scapulaire """,true,true,true,false,false,0,codable,OWL_ANS,emissible,3453
M01.52,XIII,XIII/M01.52.md,"Arthrite au cours d'autres maladies virales classées ailleurs - "" Bras """,true,true,true,false,false,0,codable,OWL_ANS,emissible,3268
M01.53,XIII,XIII/M01.53.md,"Arthrite au cours d'autres maladies virales classées ailleurs - "" Avant-bras """,true,true,true,false,false,0,codable,OWL_ANS,emissible,3294
M01.54,XIII,XIII/M01.54.md,"Arthrite au cours d'autres maladies virales classées ailleurs - "" Main """,true,true,true,false,false,0,codable,OWL_ANS,emissible,3312
M01.55,XIII,XIII/M01.55.md,"Arthrite au cours d'autres maladies virales classées ailleurs - "" Région pelvienne et cuisse """,true,true,true,false,false,0,codable,OWL_ANS,emissible,3382
M01.56,XIII,XIII/M01.56.md,"Arthrite au cours d'autres maladies virales classées ailleurs - "" Jambe """,true,true,true,false,false,0,codable,OWL_ANS,emissible,3281
M01.57,XIII,XIII/M01.57.md,"Arthrite au cours d'autres maladies virales classées ailleurs - "" Cheville et pied """,true,true,true,false,false,0,codable,OWL_ANS,emissible,3388
M01.58,XIII,XIII/M01.58.md,"Arthrite au cours d'autres maladies virales classées ailleurs - "" Autres """,true,true,true,false,false,0,codable,OWL_ANS,emissible,3310
M01.59,XIII,XIII/M01.59.md,"Arthrite au cours d'autres maladies virales classées ailleurs - "" Siège non précisé """,true,false,true,false,false,0,codable,OWL_ANS,emissible,3167
M01.6,XIII,XIII/M01.6.md,Arthrite au cours de mycoses ,false,false,true,false,true,0,codable,OWL_ANS,emissible,3237
M01.60,XIII,XIII/M01.60.md,"Arthrite au cours de mycoses (B35-B49)   - "" Sièges multiples """,false,false,true,false,false,0,codable,OWL_ANS,emissible,2987
M01.61,XIII,XIII/M01.61.md,"Arthrite au cours de mycoses (B35-B49)   - "" Région scapulaire """,false,true,true,false,false,0,codable,OWL_ANS,emissible,3274
M01.62,XIII,XIII/M01.62.md,"Arthrite au cours de mycoses (B35-B49)   - "" Bras """,false,true,true,false,false,0,codable,OWL_ANS,emissible,3089
M01.63,XIII,XIII/M01.63.md,"Arthrite au cours de mycoses (B35-B49)   - "" Avant-bras """,false,true,true,false,false,0,codable,OWL_ANS,emissible,3115
M01.64,XIII,XIII/M01.64.md,"Arthrite au cours de mycoses (B35-B49)   - "" Main """,false,true,true,false,false,0,codable,OWL_ANS,emissible,3133
M01.65,XIII,XIII/M01.65.md,"Arthrite au cours de mycoses (B35-B49)   - "" Région pelvienne et cuisse """,false,true,true,false,false,0,codable,OWL_ANS,emissible,3203
M01.66,XIII,XIII/M01.66.md,"Arthrite au cours de mycoses (B35-B49)   - "" Jambe """,false,true,true,false,false,0,codable,OWL_ANS,emissible,3102
M01.67,XIII,XIII/M01.67.md,"Arthrite au cours de mycoses (B35-B49)   - "" Cheville et pied """,false,true,true,false,false,0,codable,OWL_ANS,emissible,3209
M01.68,XIII,XIII/M01.68.md,"Arthrite au cours de mycoses (B35-B49)   - "" Autres """,false,true,true,false,false,0,codable,OWL_ANS,emissible,3131
M01.69,XIII,XIII/M01.69.md,"Arthrite au cours de mycoses (B35-B49)   - "" Siège non précisé """,false,false,true,false,false,0,codable,OWL_ANS,emissible,2988
M01.8,XIII,XIII/M01.8.md,Arthrite au cours d'autres maladies infectieuses et  parasitaires classées ailleurs,false,false,true,false,true,0,codable,OWL_ANS,emissible,3508
M01.80,XIII,XIII/M01.80.md,"Arthrite au cours d'autres maladies infectieuses et  parasitaires classées ailleurs - "" Sièges multiples """,false,false,true,false,false,0,codable,OWL_ANS,emissible,3030
M01.81,XIII,XIII/M01.81.md,"Arthrite au cours d'autres maladies infectieuses et  parasitaires classées ailleurs - "" Région scapulaire """,false,true,true,false,false,0,codable,OWL_ANS,emissible,3317
M01.82,XIII,XIII/M01.82.md,"Arthrite au cours d'autres maladies infectieuses et  parasitaires classées ailleurs - "" Bras """,false,true,true,false,false,0,codable,OWL_ANS,emissible,3132
M01.83,XIII,XIII/M01.83.md,"Arthrite au cours d'autres maladies infectieuses et  parasitaires classées ailleurs - "" Avant-bras """,false,true,true,false,false,0,codable,OWL_ANS,emissible,3158
M01.84,XIII,XIII/M01.84.md,"Arthrite au cours d'autres maladies infectieuses et  parasitaires classées ailleurs - "" Main """,false,true,true,false,false,0,codable,OWL_ANS,emissible,3176
M01.85,XIII,XIII/M01.85.md,"Arthrite au cours d'autres maladies infectieuses et  parasitaires classées ailleurs - "" Région pelvienne et cuisse """,false,true,true,false,false,0,codable,OWL_ANS,emissible,3246
M01.86,XIII,XIII/M01.86.md,"Arthrite au cours d'autres maladies infectieuses et  parasitaires classées ailleurs - "" Jambe """,false,true,true,false,false,0,codable,OWL_ANS,emissible,3145
M01.87,XIII,XIII/M01.87.md,"Arthrite au cours d'autres maladies infectieuses et  parasitaires classées ailleurs - "" Cheville et pied """,false,true,true,false,false,0,codable,OWL_ANS,emissible,3252
M01.88,XIII,XIII/M01.88.md,"Arthrite au cours d'autres maladies infectieuses et  parasitaires classées ailleurs - "" Autres """,false,true,true,false,false,0,codable,OWL_ANS,emissible,3174
M01.89,XIII,XIII/M01.89.md,"Arthrite au cours d'autres maladies infectieuses et  parasitaires classées ailleurs - "" Siège non précisé """,false,false,true,false,false,0,codable,OWL_ANS,emissible,3031
M02.0,XIII,XIII/M02.0.md,Arthropathie après dérivation intestinale,false,false,true,false,false,0,codable,OWL_ANS,emissible,2904
M02.00,XIII,XIII/M02.00.md,"Arthropathie après dérivation intestinale - "" Sièges multiples """,false,false,true,false,false,0,codable,OWL_ANS,emissible,2952
M02.01,XIII,XIII/M02.01.md,"Arthropathie après dérivation intestinale - "" Région scapulaire """,false,true,true,false,false,0,codable,OWL_ANS,emissible,3239
M02.02,XIII,XIII/M02.02.md,"Arthropathie après dérivation intestinale - "" Bras """,false,true,true,false,false,0,codable,OWL_ANS,emissible,3054
M02.03,XIII,XIII/M02.03.md,"Arthropathie après dérivation intestinale - "" Avant-bras """,false,true,true,false,false,0,codable,OWL_ANS,emissible,3080
M02.04,XIII,XIII/M02.04.md,"Arthropathie après dérivation intestinale - "" Main """,false,true,true,false,false,0,codable,OWL_ANS,emissible,3098
M02.05,XIII,XIII/M02.05.md,"Arthropathie après dérivation intestinale - "" Région pelvienne et cuisse """,false,true,true,false,false,0,codable,OWL_ANS,emissible,3168
M02.06,XIII,XIII/M02.06.md,"Arthropathie après dérivation intestinale - "" Jambe """,false,true,true,false,false,0,codable,OWL_ANS,emissible,3067
M02.07,XIII,XIII/M02.07.md,"Arthropathie après dérivation intestinale - "" Cheville et pied """,false,true,true,false,false,0,codable,OWL_ANS,emissible,3174
M02.08,XIII,XIII/M02.08.md,"Arthropathie après dérivation intestinale - "" Autres """,false,true,true,false,false,0,codable,OWL_ANS,emissible,3096
M02.09,XIII,XIII/M02.09.md,"Arthropathie après dérivation intestinale - "" Siège non précisé """,false,false,true,false,false,0,codable,OWL_ANS,emissible,2953
M02.1,XIII,XIII/M02.1.md,Arthropathie postdysentérique,false,false,true,false,false,0,codable,OWL_ANS,emissible,2892
M02.10,XIII,XIII/M02.10.md,"Arthropathie postdysentérique - "" Sièges multiples """,false,false,true,false,false,0,codable,OWL_ANS,emissible,2940
M02.11,XIII,XIII/M02.11.md,"Arthropathie postdysentérique - "" Région scapulaire """,false,true,true,false,false,0,codable,OWL_ANS,emissible,3227
M02.12,XIII,XIII/M02.12.md,"Arthropathie postdysentérique - "" Bras """,false,true,true,false,false,0,codable,OWL_ANS,emissible,3042
M02.13,XIII,XIII/M02.13.md,"Arthropathie postdysentérique - "" Avant-bras """,false,true,true,false,false,0,codable,OWL_ANS,emissible,3068
M02.14,XIII,XIII/M02.14.md,"Arthropathie postdysentérique - "" Main """,false,true,true,false,false,0,codable,OWL_ANS,emissible,3086
M02.15,XIII,XIII/M02.15.md,"Arthropathie postdysentérique - "" Région pelvienne et cuisse """,false,true,true,false,false,0,codable,OWL_ANS,emissible,3156
M02.16,XIII,XIII/M02.16.md,"Arthropathie postdysentérique - "" Jambe """,false,true,true,false,false,0,codable,OWL_ANS,emissible,3055
M02.17,XIII,XIII/M02.17.md,"Arthropathie postdysentérique - "" Cheville et pied """,false,true,true,false,false,0,codable,OWL_ANS,emissible,3162
M02.18,XIII,XIII/M02.18.md,"Arthropathie postdysentérique - "" Autres """,false,true,true,false,false,0,codable,OWL_ANS,emissible,3084
M02.19,XIII,XIII/M02.19.md,"Arthropathie postdysentérique - "" Siège non précisé """,false,false,true,false,false,0,codable,OWL_ANS,emissible,2941
M02.2,XIII,XIII/M02.2.md,Arthropathie postvaccinale,false,false,true,false,true,0,codable,OWL_ANS,emissible,3003
M02.20,XIII,XIII/M02.20.md,"Arthropathie postvaccinale - "" Sièges multiples """,false,false,true,false,false,0,codable,OWL_ANS,emissible,2937
M02.21,XIII,XIII/M02.21.md,"Arthropathie postvaccinale - "" Région scapulaire """,false,true,true,false,false,0,codable,OWL_ANS,emissible,3224
M02.22,XIII,XIII/M02.22.md,"Arthropathie postvaccinale - "" Bras """,false,true,true,false,false,0,codable,OWL_ANS,emissible,3039
M02.23,XIII,XIII/M02.23.md,"Arthropathie postvaccinale - "" Avant-bras """,false,true,true,false,false,0,codable,OWL_ANS,emissible,3065
M02.24,XIII,XIII/M02.24.md,"Arthropathie postvaccinale - "" Main """,false,true,true,false,false,0,codable,OWL_ANS,emissible,3083
M02.25,XIII,XIII/M02.25.md,"Arthropathie postvaccinale - "" Région pelvienne et cuisse """,false,true,true,false,false,0,codable,OWL_ANS,emissible,3153
M02.26,XIII,XIII/M02.26.md,"Arthropathie postvaccinale - "" Jambe """,false,true,true,false,false,0,codable,OWL_ANS,emissible,3052
M02.27,XIII,XIII/M02.27.md,"Arthropathie postvaccinale - "" Cheville et pied """,false,true,true,false,false,0,codable,OWL_ANS,emissible,3159
M02.28,XIII,XIII/M02.28.md,"Arthropathie postvaccinale - "" Autres """,false,true,true,false,false,0,codable,OWL_ANS,emissible,3081
M02.29,XIII,XIII/M02.29.md,"Arthropathie postvaccinale - "" Siège non précisé """,false,false,true,false,false,0,codable,OWL_ANS,emissible,2938
M02.3,XIII,XIII/M02.3.md,Syndrome oculo-urétro-synovial [Fiessinger–Leroy–Reiter],false,false,true,false,true,0,codable,OWL_ANS,emissible,3301
M02.30,XIII,XIII/M02.30.md,"Syndrome oculo-urétro-synovial [Fiessinger–Leroy–Reiter] - "" Sièges multiples """,false,false,true,false,false,0,codable,OWL_ANS,emissible,2967
M02.31,XIII,XIII/M02.31.md,"Syndrome oculo-urétro-synovial [Fiessinger–Leroy–Reiter] - "" Région scapulaire """,false,true,true,false,false,0,codable,OWL_ANS,emissible,3254
M02.32,XIII,XIII/M02.32.md,"Syndrome oculo-urétro-synovial [Fiessinger–Leroy–Reiter] - "" Bras """,false,true,true,false,false,0,codable,OWL_ANS,emissible,3069
M02.33,XIII,XIII/M02.33.md,"Syndrome oculo-urétro-synovial [Fiessinger–Leroy–Reiter] - "" Avant-bras """,false,true,true,false,false,0,codable,OWL_ANS,emissible,3095
M02.34,XIII,XIII/M02.34.md,"Syndrome oculo-urétro-synovial [Fiessinger–Leroy–Reiter] - "" Main """,false,true,true,false,false,0,codable,OWL_ANS,emissible,3113
M02.35,XIII,XIII/M02.35.md,"Syndrome oculo-urétro-synovial [Fiessinger–Leroy–Reiter] - "" Région pelvienne et cuisse """,false,true,true,false,false,0,codable,OWL_ANS,emissible,3183
M02.36,XIII,XIII/M02.36.md,"Syndrome oculo-urétro-synovial [Fiessinger–Leroy–Reiter] - "" Jambe """,false,true,true,false,false,0,codable,OWL_ANS,emissible,3082
M02.37,XIII,XIII/M02.37.md,"Syndrome oculo-urétro-synovial [Fiessinger–Leroy–Reiter] - "" Cheville et pied """,false,true,true,false,false,0,codable,OWL_ANS,emissible,3189
M02.38,XIII,XIII/M02.38.md,"Syndrome oculo-urétro-synovial [Fiessinger–Leroy–Reiter] - "" Autres """,false,true,true,false,false,0,codable,OWL_ANS,emissible,3111
M02.39,XIII,XIII/M02.39.md,"Syndrome oculo-urétro-synovial [Fiessinger–Leroy–Reiter] - "" Siège non précisé """,false,false,true,false,false,0,codable,OWL_ANS,emissible,2968
M02.8,XIII,XIII/M02.8.md,Autres arthropathies réactionnelles,false,false,true,false,false,0,codable,OWL_ANS,emissible,3143
M02.80,XIII,XIII/M02.80.md,"Autres arthropathies réactionnelles - "" Sièges multiples """,false,false,true,false,false,0,codable,OWL_ANS,emissible,2946
M02.81,XIII,XIII/M02.81.md,"Autres arthropathies réactionnelles - "" Région scapulaire """,false,true,true,false,false,0,codable,OWL_ANS,emissible,3233
M02.82,XIII,XIII/M02.82.md,"Autres arthropathies réactionnelles - "" Bras """,false,true,true,false,false,0,codable,OWL_ANS,emissible,3048
M02.83,XIII,XIII/M02.83.md,"Autres arthropathies réactionnelles - "" Avant-bras """,false,true,true,false,false,0,codable,OWL_ANS,emissible,3074
M02.84,XIII,XIII/M02.84.md,"Autres arthropathies réactionnelles - "" Main """,false,true,true,false,false,0,codable,OWL_ANS,emissible,3092
M02.85,XIII,XIII/M02.85.md,"Autres arthropathies réactionnelles - "" Région pelvienne et cuisse """,false,true,true,false,false,0,codable,OWL_ANS,emissible,3162
M02.86,XIII,XIII/M02.86.md,"Autres arthropathies réactionnelles - "" Jambe """,false,true,true,false,false,0,codable,OWL_ANS,emissible,3061
M02.87,XIII,XIII/M02.87.md,"Autres arthropathies réactionnelles - "" Cheville et pied """,false,true,true,false,false,0,codable,OWL_ANS,emissible,3168
M02.88,XIII,XIII/M02.88.md,"Autres arthropathies réactionnelles - "" Autres """,false,true,true,false,false,0,codable,OWL_ANS,emissible,3090
M02.89,XIII,XIII/M02.89.md,"Autres arthropathies réactionnelles - "" Siège non précisé """,false,false,true,false,false,0,codable,OWL_ANS,emissible,2947
M02.9,XIII,XIII/M02.9.md,"Arthropathie réactionnelle, sans précision",false,false,true,false,true,0,codable,OWL_ANS,emissible,2941
M02.90,XIII,XIII/M02.90.md,"Arthropathie réactionnelle, sans précision - "" Sièges multiples """,false,false,true,false,false,0,codable,OWL_ANS,emissible,2953
M02.91,XIII,XIII/M02.91.md,"Arthropathie réactionnelle, sans précision - "" Région scapulaire """,false,true,true,false,false,0,codable,OWL_ANS,emissible,3240
M02.92,XIII,XIII/M02.92.md,"Arthropathie réactionnelle, sans précision - "" Bras """,false,true,true,false,false,0,codable,OWL_ANS,emissible,3055
M02.93,XIII,XIII/M02.93.md,"Arthropathie réactionnelle, sans précision - "" Avant-bras """,false,true,true,false,false,0,codable,OWL_ANS,emissible,3081
M02.94,XIII,XIII/M02.94.md,"Arthropathie réactionnelle, sans précision - "" Main """,false,true,true,false,false,0,codable,OWL_ANS,emissible,3099
M02.95,XIII,XIII/M02.95.md,"Arthropathie réactionnelle, sans précision - "" Région pelvienne et cuisse """,false,true,true,false,false,0,codable,OWL_ANS,emissible,3169
M02.96,XIII,XIII/M02.96.md,"Arthropathie réactionnelle, sans précision - "" Jambe """,false,true,true,false,false,0,codable,OWL_ANS,emissible,3068
M02.97,XIII,XIII/M02.97.md,"Arthropathie réactionnelle, sans précision - "" Cheville et pied """,false,true,true,false,false,0,codable,OWL_ANS,emissible,3175
M02.98,XIII,XIII/M02.98.md,"Arthropathie réactionnelle, sans précision - "" Autres """,false,true,true,false,false,0,codable,OWL_ANS,emissible,3097
M02.99,XIII,XIII/M02.99.md,"Arthropathie réactionnelle, sans précision - "" Siège non précisé """,false,false,true,false,false,0,codable,OWL_ANS,emissible,2954
M03.0,XIII,XIII/M03.0.md,Arthrite postméningococcique ,false,false,true,false,true,0,codable,OWL_ANS,emissible,3084
M03.00,XIII,XIII/M03.00.md,"Arthrite postméningococcique (A39.8)   - "" Sièges multiples """,false,false,true,false,false,0,codable,OWL_ANS,emissible,3032
M03.01,XIII,XIII/M03.01.md,"Arthrite postméningococcique (A39.8)   - "" Région scapulaire """,false,true,true,false,false,0,codable,OWL_ANS,emissible,3319
M03.02,XIII,XIII/M03.02.md,"Arthrite postméningococcique (A39.8)   - "" Bras """,false,true,true,false,false,0,codable,OWL_ANS,emissible,3134
M03.03,XIII,XIII/M03.03.md,"Arthrite postméningococcique (A39.8)   - "" Avant-bras """,false,true,true,false,false,0,codable,OWL_ANS,emissible,3160
M03.04,XIII,XIII/M03.04.md,"Arthrite postméningococcique (A39.8)   - "" Main """,false,true,true,false,false,0,codable,OWL_ANS,emissible,3178
M03.05,XIII,XIII/M03.05.md,"Arthrite postméningococcique (A39.8)   - "" Région pelvienne et cuisse """,false,true,true,false,false,0,codable,OWL_ANS,emissible,3248
M03.06,XIII,XIII/M03.06.md,"Arthrite postméningococcique (A39.8)   - "" Jambe """,false,true,true,false,false,0,codable,OWL_ANS,emissible,3147
M03.07,XIII,XIII/M03.07.md,"Arthrite postméningococcique (A39.8)   - "" Cheville et pied """,false,true,true,false,false,0,codable,OWL_ANS,emissible,3254
M03.08,XIII,XIII/M03.08.md,"Arthrite postméningococcique (A39.8)   - "" Autres """,false,true,true,false,false,0,codable,OWL_ANS,emissible,3176
M03.09,XIII,XIII/M03.09.md,"Arthrite postméningococcique (A39.8)   - "" Siège non précisé """,false,false,true,false,false,0,codable,OWL_ANS,emissible,3033
M03.1,XIII,XIII/M03.1.md,Arthropathie syphilitique postinfectieuse,true,false,true,false,false,0,codable,OWL_ANS,emissible,3109
M03.10,XIII,XIII/M03.10.md,"Arthropathie syphilitique postinfectieuse - "" Sièges multiples """,true,false,true,false,false,0,codable,OWL_ANS,emissible,3150
M03.11,XIII,XIII/M03.11.md,"Arthropathie syphilitique postinfectieuse - "" Région scapulaire """,true,true,true,false,false,0,codable,OWL_ANS,emissible,3437
M03.12,XIII,XIII/M03.12.md,"Arthropathie syphilitique postinfectieuse - "" Bras """,true,true,true,false,false,0,codable,OWL_ANS,emissible,3252
M03.13,XIII,XIII/M03.13.md,"Arthropathie syphilitique postinfectieuse - "" Avant-bras """,true,true,true,false,false,0,codable,OWL_ANS,emissible,3278
M03.14,XIII,XIII/M03.14.md,"Arthropathie syphilitique postinfectieuse - "" Main """,true,true,true,false,false,0,codable,OWL_ANS,emissible,3296
M03.15,XIII,XIII/M03.15.md,"Arthropathie syphilitique postinfectieuse - "" Région pelvienne et cuisse """,true,true,true,false,false,0,codable,OWL_ANS,emissible,3366
M03.16,XIII,XIII/M03.16.md,"Arthropathie syphilitique postinfectieuse - "" Jambe """,true,true,true,false,false,0,codable,OWL_ANS,emissible,3265
M03.17,XIII,XIII/M03.17.md,"Arthropathie syphilitique postinfectieuse - "" Cheville et pied """,true,true,true,false,false,0,codable,OWL_ANS,emissible,3372
M03.18,XIII,XIII/M03.18.md,"Arthropathie syphilitique postinfectieuse - "" Autres """,true,true,true,false,false,0,codable,OWL_ANS,emissible,3294
M03.19,XIII,XIII/M03.19.md,"Arthropathie syphilitique postinfectieuse - "" Siège non précisé """,true,false,true,false,false,0,codable,OWL_ANS,emissible,3151
M03.2,XIII,XIII/M03.2.md,Autres arthropathies postinfectieuses au cours de maladies classées ailleurs,true,false,true,false,true,0,codable,OWL_ANS,emissible,3748
M03.20,XIII,XIII/M03.20.md,"Autres arthropathies postinfectieuses au cours de maladies classées ailleurs - "" Sièges multiples """,true,false,true,false,false,0,codable,OWL_ANS,emissible,3272
M03.21,XIII,XIII/M03.21.md,"Autres arthropathies postinfectieuses au cours de maladies classées ailleurs - "" Région scapulaire """,true,true,true,false,false,0,codable,OWL_ANS,emissible,3559
M03.22,XIII,XIII/M03.22.md,"Autres arthropathies postinfectieuses au cours de maladies classées ailleurs - "" Bras """,true,true,true,false,false,0,codable,OWL_ANS,emissible,3374
M03.23,XIII,XIII/M03.23.md,"Autres arthropathies postinfectieuses au cours de maladies classées ailleurs - "" Avant-bras """,true,true,true,false,false,0,codable,OWL_ANS,emissible,3400
M03.24,XIII,XIII/M03.24.md,"Autres arthropathies postinfectieuses au cours de maladies classées ailleurs - "" Main """,true,true,true,false,false,0,codable,OWL_ANS,emissible,3418
M03.25,XIII,XIII/M03.25.md,"Autres arthropathies postinfectieuses au cours de maladies classées ailleurs - "" Région pelvienne et cuisse """,true,true,true,false,false,0,codable,OWL_ANS,emissible,3488
M03.26,XIII,XIII/M03.26.md,"Autres arthropathies postinfectieuses au cours de maladies classées ailleurs - "" Jambe """,true,true,true,false,false,0,codable,OWL_ANS,emissible,3387
M03.27,XIII,XIII/M03.27.md,"Autres arthropathies postinfectieuses au cours de maladies classées ailleurs - "" Cheville et pied """,true,true,true,false,false,0,codable,OWL_ANS,emissible,3494
M03.28,XIII,XIII/M03.28.md,"Autres arthropathies postinfectieuses au cours de maladies classées ailleurs - "" Autres """,true,true,true,false,false,0,codable,OWL_ANS,emissible,3416
M03.29,XIII,XIII/M03.29.md,"Autres arthropathies postinfectieuses au cours de maladies classées ailleurs - "" Siège non précisé """,true,false,true,false,false,0,codable,OWL_ANS,emissible,3273
M03.6,XIII,XIII/M03.6.md,Arthropathie réactionnelle au cours d'autres maladies classées ailleurs,true,false,true,false,false,0,codable,OWL_ANS,emissible,3084
M03.60,XIII,XIII/M03.60.md,"Arthropathie réactionnelle au cours d'autres maladies classées ailleurs - "" Sièges multiples """,true,false,true,false,false,0,codable,OWL_ANS,emissible,3164
M03.61,XIII,XIII/M03.61.md,"Arthropathie réactionnelle au cours d'autres maladies classées ailleurs - "" Région scapulaire """,true,true,true,false,false,0,codable,OWL_ANS,emissible,3451
M03.62,XIII,XIII/M03.62.md,"Arthropathie réactionnelle au cours d'autres maladies classées ailleurs - "" Bras """,true,true,true,false,false,0,codable,OWL_ANS,emissible,3266
M03.63,XIII,XIII/M03.63.md,"Arthropathie réactionnelle au cours d'autres maladies classées ailleurs - "" Avant-bras """,true,true,true,false,false,0,codable,OWL_ANS,emissible,3292
M03.64,XIII,XIII/M03.64.md,"Arthropathie réactionnelle au cours d'autres maladies classées ailleurs - "" Main """,true,true,true,false,false,0,codable,OWL_ANS,emissible,3310
M03.65,XIII,XIII/M03.65.md,"Arthropathie réactionnelle au cours d'autres maladies classées ailleurs - "" Région pelvienne et cuisse """,true,true,true,false,false,0,codable,OWL_ANS,emissible,3380
M03.66,XIII,XIII/M03.66.md,"Arthropathie réactionnelle au cours d'autres maladies classées ailleurs - "" Jambe """,true,true,true,false,false,0,codable,OWL_ANS,emissible,3279
M03.67,XIII,XIII/M03.67.md,"Arthropathie réactionnelle au cours d'autres maladies classées ailleurs - "" Cheville et pied """,true,true,true,false,false,0,codable,OWL_ANS,emissible,3386
M03.68,XIII,XIII/M03.68.md,"Arthropathie réactionnelle au cours d'autres maladies classées ailleurs - "" Autres """,true,true,true,false,false,0,codable,OWL_ANS,emissible,3308
M03.69,XIII,XIII/M03.69.md,"Arthropathie réactionnelle au cours d'autres maladies classées ailleurs - "" Siège non précisé """,true,false,true,false,false,0,codable,OWL_ANS,emissible,3165
M05.0,XIII,XIII/M05.0.md,Syndrome de Felty,true,false,true,false,true,0,codable,OWL_ANS,emissible,2359
M05.00,XIII,XIII/M05.00.md,"Syndrome de Felty - "" Sièges multiples """,true,false,true,false,false,0,codable,OWL_ANS,emissible,2245
M05.01,XIII,XIII/M05.01.md,"Syndrome de Felty - "" Région scapulaire """,true,true,true,false,false,0,codable,OWL_ANS,emissible,2532
M05.02,XIII,XIII/M05.02.md,"Syndrome de Felty - "" Bras """,true,true,true,false,false,0,codable,OWL_ANS,emissible,2347
M05.03,XIII,XIII/M05.03.md,"Syndrome de Felty - "" Avant-bras """,true,true,true,false,false,0,codable,OWL_ANS,emissible,2373
M05.04,XIII,XIII/M05.04.md,"Syndrome de Felty - "" Main """,true,true,true,false,false,0,codable,OWL_ANS,emissible,2391
M05.05,XIII,XIII/M05.05.md,"Syndrome de Felty - "" Région pelvienne et cuisse """,true,true,true,false,false,0,codable,OWL_ANS,emissible,2461
M05.06,XIII,XIII/M05.06.md,"Syndrome de Felty - "" Jambe """,true,true,true,false,false,0,codable,OWL_ANS,emissible,2360
M05.07,XIII,XIII/M05.07.md,"Syndrome de Felty - "" Cheville et pied """,true,true,true,false,false,0,codable,OWL_ANS,emissible,2467
M05.08,XIII,XIII/M05.08.md,"Syndrome de Felty - "" Autres """,true,true,true,false,false,0,codable,OWL_ANS,emissible,2389
M05.09,XIII,XIII/M05.09.md,"Syndrome de Felty - "" Siège non précisé """,true,false,true,false,false,0,codable,OWL_ANS,emissible,2246
M05.1,XIII,XIII/M05.1.md,Maladie pulmonaire rhumatoïde ,false,false,true,false,true,0,codable,OWL_ANS,emissible,2533
M05.10,XIII,XIII/M05.10.md,"Maladie pulmonaire rhumatoïde (J99.0)   - "" Sièges multiples """,false,false,true,false,false,0,codable,OWL_ANS,emissible,2127
M05.11,XIII,XIII/M05.11.md,"Maladie pulmonaire rhumatoïde (J99.0)   - "" Région scapulaire """,false,true,true,false,false,0,codable,OWL_ANS,emissible,2414
M05.12,XIII,XIII/M05.12.md,"Maladie pulmonaire rhumatoïde (J99.0)   - "" Bras """,false,true,true,false,false,0,codable,OWL_ANS,emissible,2229
M05.13,XIII,XIII/M05.13.md,"Maladie pulmonaire rhumatoïde (J99.0)   - "" Avant-bras """,false,true,true,false,false,0,codable,OWL_ANS,emissible,2255
M05.14,XIII,XIII/M05.14.md,"Maladie pulmonaire rhumatoïde (J99.0)   - "" Main """,false,true,true,false,false,0,codable,OWL_ANS,emissible,2273
M05.15,XIII,XIII/M05.15.md,"Maladie pulmonaire rhumatoïde (J99.0)   - "" Région pelvienne et cuisse """,false,true,true,false,false,0,codable,OWL_ANS,emissible,2343
M05.16,XIII,XIII/M05.16.md,"Maladie pulmonaire rhumatoïde (J99.0)   - "" Jambe """,false,true,true,false,false,0,codable,OWL_ANS,emissible,2242
M05.17,XIII,XIII/M05.17.md,"Maladie pulmonaire rhumatoïde (J99.0)   - "" Cheville et pied """,false,true,true,false,false,0,codable,OWL_ANS,emissible,2349
M05.18,XIII,XIII/M05.18.md,"Maladie pulmonaire rhumatoïde (J99.0)   - "" Autres """,false,true,true,false,false,0,codable,OWL_ANS,emissible,2271
M05.19,XIII,XIII/M05.19.md,"Maladie pulmonaire rhumatoïde (J99.0)   - "" Siège non précisé """,false,false,true,false,false,0,codable,OWL_ANS,emissible,2128
M05.2,XIII,XIII/M05.2.md,Vascularite rhumatoïde,false,false,true,false,true,0,codable,OWL_ANS,emissible,2170
M05.20,XIII,XIII/M05.20.md,"Vascularite rhumatoïde - "" Sièges multiples """,false,false,true,false,false,0,codable,OWL_ANS,emissible,2110
M05.21,XIII,XIII/M05.21.md,"Vascularite rhumatoïde - "" Région scapulaire """,false,true,true,false,false,0,codable,OWL_ANS,emissible,2397
M05.22,XIII,XIII/M05.22.md,"Vascularite rhumatoïde - "" Bras """,false,true,true,false,false,0,codable,OWL_ANS,emissible,2212
M05.23,XIII,XIII/M05.23.md,"Vascularite rhumatoïde - "" Avant-bras """,false,true,true,false,false,0,codable,OWL_ANS,emissible,2238
M05.24,XIII,XIII/M05.24.md,"Vascularite rhumatoïde - "" Main """,false,true,true,false,false,0,codable,OWL_ANS,emissible,2256
M05.25,XIII,XIII/M05.25.md,"Vascularite rhumatoïde - "" Région pelvienne et cuisse """,false,true,true,false,false,0,codable,OWL_ANS,emissible,2326
M05.26,XIII,XIII/M05.26.md,"Vascularite rhumatoïde - "" Jambe """,false,true,true,false,false,0,codable,OWL_ANS,emissible,2225
M05.27,XIII,XIII/M05.27.md,"Vascularite rhumatoïde - "" Cheville et pied """,false,true,true,false,false,0,codable,OWL_ANS,emissible,2332
M05.28,XIII,XIII/M05.28.md,"Vascularite rhumatoïde - "" Autres """,false,true,true,false,false,0,codable,OWL_ANS,emissible,2254
M05.29,XIII,XIII/M05.29.md,"Vascularite rhumatoïde - "" Siège non précisé """,false,false,true,false,false,0,codable,OWL_ANS,emissible,2111
M05.3,XIII,XIII/M05.3.md,Polyarthrite rhumatoïde avec atteinte d'autres organes et appareils,true,false,true,false,true,0,codable,OWL_ANS,emissible,2655
M05.30,XIII,XIII/M05.30.md,"Polyarthrite rhumatoïde avec atteinte d'autres organes et appareils - "" Sièges multiples """,true,false,true,false,false,0,codable,OWL_ANS,emissible,2424
M05.31,XIII,XIII/M05.31.md,"Polyarthrite rhumatoïde avec atteinte d'autres organes et appareils - "" Région scapulaire """,true,true,true,false,false,0,codable,OWL_ANS,emissible,2711
M05.32,XIII,XIII/M05.32.md,"Polyarthrite rhumatoïde avec atteinte d'autres organes et appareils - "" Bras """,true,true,true,false,false,0,codable,OWL_ANS,emissible,2526
M05.33,XIII,XIII/M05.33.md,"Polyarthrite rhumatoïde avec atteinte d'autres organes et appareils - "" Avant-bras """,true,true,true,false,false,0,codable,OWL_ANS,emissible,2552
M05.34,XIII,XIII/M05.34.md,"Polyarthrite rhumatoïde avec atteinte d'autres organes et appareils - "" Main """,true,true,true,false,false,0,codable,OWL_ANS,emissible,2570
M05.35,XIII,XIII/M05.35.md,"Polyarthrite rhumatoïde avec atteinte d'autres organes et appareils - "" Région pelvienne et cuisse """,true,true,true,false,false,0,codable,OWL_ANS,emissible,2640
M05.36,XIII,XIII/M05.36.md,"Polyarthrite rhumatoïde avec atteinte d'autres organes et appareils - "" Jambe """,true,true,true,false,false,0,codable,OWL_ANS,emissible,2539
M05.37,XIII,XIII/M05.37.md,"Polyarthrite rhumatoïde avec atteinte d'autres organes et appareils - "" Cheville et pied """,true,true,true,false,false,0,codable,OWL_ANS,emissible,2646
M05.38,XIII,XIII/M05.38.md,"Polyarthrite rhumatoïde avec atteinte d'autres organes et appareils - "" Autres """,true,true,true,false,false,0,codable,OWL_ANS,emissible,2568
M05.39,XIII,XIII/M05.39.md,"Polyarthrite rhumatoïde avec atteinte d'autres organes et appareils - "" Siège non précisé """,true,false,true,false,false,0,codable,OWL_ANS,emissible,2425
M05.8,XIII,XIII/M05.8.md,Autres polyarthrites rhumatoïdes séropositives,false,false,true,false,false,0,codable,OWL_ANS,emissible,2314
M05.80,XIII,XIII/M05.80.md,"Autres polyarthrites rhumatoïdes séropositives - "" Sièges multiples """,false,false,true,false,false,0,codable,OWL_ANS,emissible,2134
M05.81,XIII,XIII/M05.81.md,"Autres polyarthrites rhumatoïdes séropositives - "" Région scapulaire """,false,true,true,false,false,0,codable,OWL_ANS,emissible,2421
M05.82,XIII,XIII/M05.82.md,"Autres polyarthrites rhumatoïdes séropositives - "" Bras """,false,true,true,false,false,0,codable,OWL_ANS,emissible,2236
M05.83,XIII,XIII/M05.83.md,"Autres polyarthrites rhumatoïdes séropositives - "" Avant-bras """,false,true,true,false,false,0,codable,OWL_ANS,emissible,2262
M05.84,XIII,XIII/M05.84.md,"Autres polyarthrites rhumatoïdes séropositives - "" Main """,false,true,true,false,false,0,codable,OWL_ANS,emissible,2280
M05.85,XIII,XIII/M05.85.md,"Autres polyarthrites rhumatoïdes séropositives - "" Région pelvienne et cuisse """,false,true,true,false,false,0,codable,OWL_ANS,emissible,2350
M05.86,XIII,XIII/M05.86.md,"Autres polyarthrites rhumatoïdes séropositives - "" Jambe """,false,true,true,false,false,0,codable,OWL_ANS,emissible,2249
M05.87,XIII,XIII/M05.87.md,"Autres polyarthrites rhumatoïdes séropositives - "" Cheville et pied """,false,true,true,false,false,0,codable,OWL_ANS,emissible,2356
M05.88,XIII,XIII/M05.88.md,"Autres polyarthrites rhumatoïdes séropositives - "" Autres """,false,true,true,false,false,0,codable,OWL_ANS,emissible,2278
M05.89,XIII,XIII/M05.89.md,"Autres polyarthrites rhumatoïdes séropositives - "" Siège non précisé """,false,false,true,false,false,0,codable,OWL_ANS,emissible,2135
M05.9,XIII,XIII/M05.9.md,"Polyarthrite rhumatoïde séropositive, sans précision",false,false,true,false,true,0,codable,OWL_ANS,emissible,2309
M05.90,XIII,XIII/M05.90.md,"Polyarthrite rhumatoïde séropositive, sans précision - "" Sièges multiples """,false,false,true,false,false,0,codable,OWL_ANS,emissible,2140
M05.91,XIII,XIII/M05.91.md,"Polyarthrite rhumatoïde séropositive, sans précision - "" Région scapulaire """,false,true,true,false,false,0,codable,OWL_ANS,emissible,2427
M05.92,XIII,XIII/M05.92.md,"Polyarthrite rhumatoïde séropositive, sans précision - "" Bras """,false,true,true,false,false,0,codable,OWL_ANS,emissible,2242
M05.93,XIII,XIII/M05.93.md,"Polyarthrite rhumatoïde séropositive, sans précision - "" Avant-bras """,false,true,true,false,false,0,codable,OWL_ANS,emissible,2268
M05.94,XIII,XIII/M05.94.md,"Polyarthrite rhumatoïde séropositive, sans précision - "" Main """,false,true,true,false,false,0,codable,OWL_ANS,emissible,2286
M05.95,XIII,XIII/M05.95.md,"Polyarthrite rhumatoïde séropositive, sans précision - "" Région pelvienne et cuisse """,false,true,true,false,false,0,codable,OWL_ANS,emissible,2356
M05.96,XIII,XIII/M05.96.md,"Polyarthrite rhumatoïde séropositive, sans précision - "" Jambe """,false,true,true,false,false,0,codable,OWL_ANS,emissible,2255
M05.97,XIII,XIII/M05.97.md,"Polyarthrite rhumatoïde séropositive, sans précision - "" Cheville et pied """,false,true,true,false,false,0,codable,OWL_ANS,emissible,2362
M05.98,XIII,XIII/M05.98.md,"Polyarthrite rhumatoïde séropositive, sans précision - "" Autres """,false,true,true,false,false,0,codable,OWL_ANS,emissible,2284
M05.99,XIII,XIII/M05.99.md,"Polyarthrite rhumatoïde séropositive, sans précision - "" Siège non précisé """,false,false,true,false,true,0,codable,OWL_ANS,emissible,2207
M06.0,XIII,XIII/M06.0.md,Polyarthrite rhumatoïde séronégative,false,false,true,false,true,0,codable,OWL_ANS,emissible,2080
M06.00,XIII,XIII/M06.00.md,"Polyarthrite rhumatoïde séronégative - "" Sièges multiples """,false,false,true,false,false,0,codable,OWL_ANS,emissible,1955
M06.01,XIII,XIII/M06.01.md,"Polyarthrite rhumatoïde séronégative - "" Région scapulaire """,false,true,true,false,false,0,codable,OWL_ANS,emissible,2242
M06.02,XIII,XIII/M06.02.md,"Polyarthrite rhumatoïde séronégative - "" Bras """,false,true,true,false,false,0,codable,OWL_ANS,emissible,2057
M06.03,XIII,XIII/M06.03.md,"Polyarthrite rhumatoïde séronégative - "" Avant-bras """,false,true,true,false,false,0,codable,OWL_ANS,emissible,2083
M06.04,XIII,XIII/M06.04.md,"Polyarthrite rhumatoïde séronégative - "" Main """,false,true,true,false,false,0,codable,OWL_ANS,emissible,2101
M06.05,XIII,XIII/M06.05.md,"Polyarthrite rhumatoïde séronégative - "" Région pelvienne et cuisse """,false,true,true,false,false,0,codable,OWL_ANS,emissible,2171
M06.06,XIII,XIII/M06.06.md,"Polyarthrite rhumatoïde séronégative - "" Jambe """,false,true,true,false,false,0,codable,OWL_ANS,emissible,2070
M06.07,XIII,XIII/M06.07.md,"Polyarthrite rhumatoïde séronégative - "" Cheville et pied """,false,true,true,false,false,0,codable,OWL_ANS,emissible,2177
M06.08,XIII,XIII/M06.08.md,"Polyarthrite rhumatoïde séronégative - "" Autres """,false,true,true,false,false,0,codable,OWL_ANS,emissible,2099
M06.09,XIII,XIII/M06.09.md,"Polyarthrite rhumatoïde séronégative - "" Siège non précisé """,false,false,true,false,false,0,codable,OWL_ANS,emissible,1956
M06.1,XIII,XIII/M06.1.md,Maladie de Still survenant chez l'adulte,false,false,true,false,true,0,codable,OWL_ANS,emissible,2098
M06.10,XIII,XIII/M06.10.md,"Maladie de Still survenant chez l'adulte - "" Sièges multiples """,false,false,true,false,false,0,codable,OWL_ANS,emissible,2058
M06.11,XIII,XIII/M06.11.md,"Maladie de Still survenant chez l'adulte - "" Région scapulaire """,false,true,true,false,false,0,codable,OWL_ANS,emissible,2345
M06.12,XIII,XIII/M06.12.md,"Maladie de Still survenant chez l'adulte - "" Bras """,false,true,true,false,false,0,codable,OWL_ANS,emissible,2160
M06.13,XIII,XIII/M06.13.md,"Maladie de Still survenant chez l'adulte - "" Avant-bras """,false,true,true,false,false,0,codable,OWL_ANS,emissible,2186
M06.14,XIII,XIII/M06.14.md,"Maladie de Still survenant chez l'adulte - "" Main """,false,true,true,false,false,0,codable,OWL_ANS,emissible,2204
M06.15,XIII,XIII/M06.15.md,"Maladie de Still survenant chez l'adulte - "" Région pelvienne et cuisse """,false,true,true,false,false,0,codable,OWL_ANS,emissible,2274
M06.16,XIII,XIII/M06.16.md,"Maladie de Still survenant chez l'adulte - "" Jambe """,false,true,true,false,false,0,codable,OWL_ANS,emissible,2173
M06.17,XIII,XIII/M06.17.md,"Maladie de Still survenant chez l'adulte - "" Cheville et pied """,false,true,true,false,false,0,codable,OWL_ANS,emissible,2280
M06.18,XIII,XIII/M06.18.md,"Maladie de Still survenant chez l'adulte - "" Autres """,false,true,true,false,false,0,codable,OWL_ANS,emissible,2202
M06.19,XIII,XIII/M06.19.md,"Maladie de Still survenant chez l'adulte - "" Siège non précisé """,false,false,true,false,false,0,codable,OWL_ANS,emissible,2059
M06.2,XIII,XIII/M06.2.md,Bursite rhumatoïde,false,false,true,false,true,0,codable,OWL_ANS,emissible,1950
M06.20,XIII,XIII/M06.20.md,"Bursite rhumatoïde - "" Sièges multiples """,false,false,true,false,false,0,codable,OWL_ANS,emissible,1937
M06.21,XIII,XIII/M06.21.md,"Bursite rhumatoïde - "" Région scapulaire """,false,true,true,false,false,0,codable,OWL_ANS,emissible,2224
M06.22,XIII,XIII/M06.22.md,"Bursite rhumatoïde - "" Bras """,false,true,true,false,false,0,codable,OWL_ANS,emissible,2039
M06.23,XIII,XIII/M06.23.md,"Bursite rhumatoïde - "" Avant-bras """,false,true,true,false,false,0,codable,OWL_ANS,emissible,2065
M06.24,XIII,XIII/M06.24.md,"Bursite rhumatoïde - "" Main """,false,true,true,false,false,0,codable,OWL_ANS,emissible,2083
M06.25,XIII,XIII/M06.25.md,"Bursite rhumatoïde - "" Région pelvienne et cuisse """,false,true,true,false,false,0,codable,OWL_ANS,emissible,2153
M06.26,XIII,XIII/M06.26.md,"Bursite rhumatoïde - "" Jambe """,false,true,true,false,false,0,codable,OWL_ANS,emissible,2052
M06.27,XIII,XIII/M06.27.md,"Bursite rhumatoïde - "" Cheville et pied """,false,true,true,false,false,0,codable,OWL_ANS,emissible,2159
M06.28,XIII,XIII/M06.28.md,"Bursite rhumatoïde - "" Autres """,false,true,true,false,false,0,codable,OWL_ANS,emissible,2081
M06.29,XIII,XIII/M06.29.md,"Bursite rhumatoïde - "" Siège non précisé """,false,false,true,false,false,0,codable,OWL_ANS,emissible,1938
M06.3,XIII,XIII/M06.3.md,Nodule rhumatoïde,false,false,true,false,true,0,codable,OWL_ANS,emissible,1977
M06.30,XIII,XIII/M06.30.md,"Nodule rhumatoïde - "" Sièges multiples """,false,false,true,false,true,0,codable,OWL_ANS,emissible,2005
M06.31,XIII,XIII/M06.31.md,"Nodule rhumatoïde - "" Région scapulaire """,false,true,true,false,false,0,codable,OWL_ANS,emissible,2223
M06.32,XIII,XIII/M06.32.md,"Nodule rhumatoïde - "" Bras """,false,true,true,false,false,0,codable,OWL_ANS,emissible,2038
M06.33,XIII,XIII/M06.33.md,"Nodule rhumatoïde - "" Avant-bras """,false,true,true,false,false,0,codable,OWL_ANS,emissible,2064
M06.34,XIII,XIII/M06.34.md,"Nodule rhumatoïde - "" Main """,false,true,true,false,false,0,codable,OWL_ANS,emissible,2082
M06.35,XIII,XIII/M06.35.md,"Nodule rhumatoïde - "" Région pelvienne et cuisse """,false,true,true,false,false,0,codable,OWL_ANS,emissible,2152
M06.36,XIII,XIII/M06.36.md,"Nodule rhumatoïde - "" Jambe """,false,true,true,false,false,0,codable,OWL_ANS,emissible,2051
M06.37,XIII,XIII/M06.37.md,"Nodule rhumatoïde - "" Cheville et pied """,false,true,true,false,false,0,codable,OWL_ANS,emissible,2158
M06.38,XIII,XIII/M06.38.md,"Nodule rhumatoïde - "" Autres """,false,true,true,false,false,0,codable,OWL_ANS,emissible,2080
M06.39,XIII,XIII/M06.39.md,"Nodule rhumatoïde - "" Siège non précisé """,false,false,true,false,false,0,codable,OWL_ANS,emissible,1937
M06.4,XIII,XIII/M06.4.md,Polyarthropathie inflammatoire,false,false,true,false,true,0,codable,OWL_ANS,emissible,2141
M06.40,XIII,XIII/M06.40.md,"Polyarthropathie inflammatoire - "" Sièges multiples """,false,false,true,false,false,0,codable,OWL_ANS,emissible,2044
M06.41,XIII,XIII/M06.41.md,"Polyarthropathie inflammatoire - "" Région scapulaire """,false,true,true,false,false,0,codable,OWL_ANS,emissible,2331
M06.42,XIII,XIII/M06.42.md,"Polyarthropathie inflammatoire - "" Bras """,false,true,true,false,false,0,codable,OWL_ANS,emissible,2146
M06.43,XIII,XIII/M06.43.md,"Polyarthropathie inflammatoire - "" Avant-bras """,false,true,true,false,false,0,codable,OWL_ANS,emissible,2172
M06.44,XIII,XIII/M06.44.md,"Polyarthropathie inflammatoire - "" Main """,false,true,true,false,false,0,codable,OWL_ANS,emissible,2190
M06.45,XIII,XIII/M06.45.md,"Polyarthropathie inflammatoire - "" Région pelvienne et cuisse """,false,true,true,false,false,0,codable,OWL_ANS,emissible,2260
M06.46,XIII,XIII/M06.46.md,"Polyarthropathie inflammatoire - "" Jambe """,false,true,true,false,false,0,codable,OWL_ANS,emissible,2159
M06.47,XIII,XIII/M06.47.md,"Polyarthropathie inflammatoire - "" Cheville et pied """,false,true,true,false,false,0,codable,OWL_ANS,emissible,2266
M06.48,XIII,XIII/M06.48.md,"Polyarthropathie inflammatoire - "" Autres """,false,true,true,false,false,0,codable,OWL_ANS,emissible,2188
M06.49,XIII,XIII/M06.49.md,"Polyarthropathie inflammatoire - "" Siège non précisé """,false,false,true,false,false,0,codable,OWL_ANS,emissible,2045
M06.8,XIII,XIII/M06.8.md,Autres polyarthrites rhumatoïdes précisées,false,false,true,false,true,0,codable,OWL_ANS,emissible,2344
M06.80,XIII,XIII/M06.80.md,"Autres polyarthrites rhumatoïdes précisées - "" Sièges multiples """,false,false,true,false,false,0,codable,OWL_ANS,emissible,1961
M06.81,XIII,XIII/M06.81.md,"Autres polyarthrites rhumatoïdes précisées - "" Région scapulaire """,false,true,true,false,false,0,codable,OWL_ANS,emissible,2248
M06.82,XIII,XIII/M06.82.md,"Autres polyarthrites rhumatoïdes précisées - "" Bras """,false,true,true,false,false,0,codable,OWL_ANS,emissible,2063
M06.83,XIII,XIII/M06.83.md,"Autres polyarthrites rhumatoïdes précisées - "" Avant-bras """,false,true,true,false,false,0,codable,OWL_ANS,emissible,2089
M06.84,XIII,XIII/M06.84.md,"Autres polyarthrites rhumatoïdes précisées - "" Main """,false,true,true,false,false,0,codable,OWL_ANS,emissible,2107
M06.85,XIII,XIII/M06.85.md,"Autres polyarthrites rhumatoïdes précisées - "" Région pelvienne et cuisse """,false,true,true,false,false,0,codable,OWL_ANS,emissible,2177
M06.86,XIII,XIII/M06.86.md,"Autres polyarthrites rhumatoïdes précisées - "" Jambe """,false,true,true,false,false,0,codable,OWL_ANS,emissible,2076
M06.87,XIII,XIII/M06.87.md,"Autres polyarthrites rhumatoïdes précisées - "" Cheville et pied """,false,true,true,false,false,0,codable,OWL_ANS,emissible,2183
M06.88,XIII,XIII/M06.88.md,"Autres polyarthrites rhumatoïdes précisées - "" Autres """,false,true,true,false,false,0,codable,OWL_ANS,emissible,2105
M06.89,XIII,XIII/M06.89.md,"Autres polyarthrites rhumatoïdes précisées - "" Siège non précisé """,false,false,true,false,false,0,codable,OWL_ANS,emissible,1962
M06.9,XIII,XIII/M06.9.md,"Polyarthrite rhumatoïde, sans précision",false,false,true,false,true,0,codable,OWL_ANS,emissible,2301
M06.90,XIII,XIII/M06.90.md,"Polyarthrite rhumatoïde, sans précision - "" Sièges multiples """,false,false,true,false,false,0,codable,OWL_ANS,emissible,1958
M06.91,XIII,XIII/M06.91.md,"Polyarthrite rhumatoïde, sans précision - "" Région scapulaire """,false,true,true,false,false,0,codable,OWL_ANS,emissible,2245
M06.92,XIII,XIII/M06.92.md,"Polyarthrite rhumatoïde, sans précision - "" Bras """,false,true,true,false,false,0,codable,OWL_ANS,emissible,2060
M06.93,XIII,XIII/M06.93.md,"Polyarthrite rhumatoïde, sans précision - "" Avant-bras """,false,true,true,false,false,0,codable,OWL_ANS,emissible,2086
M06.94,XIII,XIII/M06.94.md,"Polyarthrite rhumatoïde, sans précision - "" Main """,false,true,true,false,false,0,codable,OWL_ANS,emissible,2104
M06.95,XIII,XIII/M06.95.md,"Polyarthrite rhumatoïde, sans précision - "" Région pelvienne et cuisse """,false,true,true,false,false,0,codable,OWL_ANS,emissible,2174
M06.96,XIII,XIII/M06.96.md,"Polyarthrite rhumatoïde, sans précision - "" Jambe """,false,true,true,false,false,0,codable,OWL_ANS,emissible,2073
M06.97,XIII,XIII/M06.97.md,"Polyarthrite rhumatoïde, sans précision - "" Cheville et pied """,false,true,true,false,false,0,codable,OWL_ANS,emissible,2180
M06.98,XIII,XIII/M06.98.md,"Polyarthrite rhumatoïde, sans précision - "" Autres """,false,true,true,false,false,0,codable,OWL_ANS,emissible,2102
M06.99,XIII,XIII/M06.99.md,"Polyarthrite rhumatoïde, sans précision - "" Siège non précisé """,false,false,true,false,false,0,codable,OWL_ANS,emissible,1959
M07.0,XIII,XIII/M07.0.md,Arthropathie psoriasique distale interphalangienne ,false,false,true,false,true,0,codable,OWL_ANS,emissible,2147
M07.00,XIII,XIII/M07.00.md,"Arthropathie psoriasique distale interphalangienne (L40.5)   - "" Sièges multiples """,false,false,true,false,false,0,codable,OWL_ANS,emissible,2111
M07.01,XIII,XIII/M07.01.md,"Arthropathie psoriasique distale interphalangienne (L40.5)   - "" Région scapulaire """,false,true,true,false,false,,inconnu_atih,OWL_ANS,emissible,2383
M07.02,XIII,XIII/M07.02.md,"Arthropathie psoriasique distale interphalangienne (L40.5)   - "" Bras """,false,true,true,false,false,,inconnu_atih,OWL_ANS,emissible,2198
M07.03,XIII,XIII/M07.03.md,"Arthropathie psoriasique distale interphalangienne (L40.5)   - "" Avant-bras """,false,true,true,false,false,,inconnu_atih,OWL_ANS,emissible,2224
M07.04,XIII,XIII/M07.04.md,"Arthropathie psoriasique distale interphalangienne (L40.5)   - "" Main """,false,true,true,false,false,0,codable,OWL_ANS,emissible,2257
M07.05,XIII,XIII/M07.05.md,"Arthropathie psoriasique distale interphalangienne (L40.5)   - "" Région pelvienne et cuisse """,false,true,true,false,false,,inconnu_atih,OWL_ANS,emissible,2312
M07.06,XIII,XIII/M07.06.md,"Arthropathie psoriasique distale interphalangienne (L40.5)   - "" Jambe """,false,true,true,false,false,,inconnu_atih,OWL_ANS,emissible,2211
M07.07,XIII,XIII/M07.07.md,"Arthropathie psoriasique distale interphalangienne (L40.5)   - "" Cheville et pied """,false,true,true,false,false,0,codable,OWL_ANS,emissible,2333
M07.08,XIII,XIII/M07.08.md,"Arthropathie psoriasique distale interphalangienne (L40.5)   - "" Autres """,false,true,true,false,false,,inconnu_atih,OWL_ANS,emissible,2240
M07.09,XIII,XIII/M07.09.md,"Arthropathie psoriasique distale interphalangienne (L40.5)   - "" Siège non précisé """,false,false,true,false,false,0,codable,OWL_ANS,emissible,2112
M07.1,XIII,XIII/M07.1.md,Arthrite mutilante ,false,false,true,false,true,0,codable,OWL_ANS,emissible,2105
M07.10,XIII,XIII/M07.10.md,"Arthrite mutilante (L40.5)   - "" Sièges multiples """,false,false,true,false,false,0,codable,OWL_ANS,emissible,2079
M07.11,XIII,XIII/M07.11.md,"Arthrite mutilante (L40.5)   - "" Région scapulaire """,false,true,true,false,false,0,codable,OWL_ANS,emissible,2366
M07.12,XIII,XIII/M07.12.md,"Arthrite mutilante (L40.5)   - "" Bras """,false,true,true,false,false,0,codable,OWL_ANS,emissible,2181
M07.13,XIII,XIII/M07.13.md,"Arthrite mutilante (L40.5)   - "" Avant-bras """,false,true,true,false,false,0,codable,OWL_ANS,emissible,2207
M07.14,XIII,XIII/M07.14.md,"Arthrite mutilante (L40.5)   - "" Main """,false,true,true,false,false,0,codable,OWL_ANS,emissible,2225
M07.15,XIII,XIII/M07.15.md,"Arthrite mutilante (L40.5)   - "" Région pelvienne et cuisse """,false,true,true,false,false,0,codable,OWL_ANS,emissible,2295
M07.16,XIII,XIII/M07.16.md,"Arthrite mutilante (L40.5)   - "" Jambe """,false,true,true,false,false,0,codable,OWL_ANS,emissible,2194
M07.17,XIII,XIII/M07.17.md,"Arthrite mutilante (L40.5)   - "" Cheville et pied """,false,true,true,false,false,0,codable,OWL_ANS,emissible,2301
M07.18,XIII,XIII/M07.18.md,"Arthrite mutilante (L40.5)   - "" Autres """,false,true,true,false,false,0,codable,OWL_ANS,emissible,2223
M07.19,XIII,XIII/M07.19.md,"Arthrite mutilante (L40.5)   - "" Siège non précisé """,false,false,true,false,false,0,codable,OWL_ANS,emissible,2080
M07.2,XIII,XIII/M07.2.md,Spondylite psoriasique ,false,false,true,false,true,0,codable,OWL_ANS,emissible,2106
M07.20,XIII,XIII/M07.20.md,"Spondylite psoriasique (L40.5)   - "" Sièges multiples """,false,false,true,false,false,3,supprime,OWL_ANS,emissible,2076
M07.21,XIII,XIII/M07.21.md,"Spondylite psoriasique (L40.5)   - "" Région scapulaire """,false,true,true,false,false,,inconnu_atih,OWL_ANS,emissible,2355
M07.22,XIII,XIII/M07.22.md,"Spondylite psoriasique (L40.5)   - "" Bras """,false,true,true,false,false,,inconnu_atih,OWL_ANS,emissible,2170
M07.23,XIII,XIII/M07.23.md,"Spondylite psoriasique (L40.5)   - "" Avant-bras """,false,true,true,false,false,,inconnu_atih,OWL_ANS,emissible,2196
M07.24,XIII,XIII/M07.24.md,"Spondylite psoriasique (L40.5)   - "" Main """,false,true,true,false,false,,inconnu_atih,OWL_ANS,emissible,2214
M07.25,XIII,XIII/M07.25.md,"Spondylite psoriasique (L40.5)   - "" Région pelvienne et cuisse """,false,true,true,false,false,,inconnu_atih,OWL_ANS,emissible,2284
M07.26,XIII,XIII/M07.26.md,"Spondylite psoriasique (L40.5)   - "" Jambe """,false,true,true,false,false,,inconnu_atih,OWL_ANS,emissible,2183
M07.27,XIII,XIII/M07.27.md,"Spondylite psoriasique (L40.5)   - "" Cheville et pied """,false,true,true,false,false,,inconnu_atih,OWL_ANS,emissible,2290
M07.28,XIII,XIII/M07.28.md,"Spondylite psoriasique (L40.5)   - "" Autres """,false,true,true,false,false,0,codable,OWL_ANS,emissible,2227
M07.29,XIII,XIII/M07.29.md,"Spondylite psoriasique (L40.5)   - "" Siège non précisé """,false,false,true,false,false,,inconnu_atih,OWL_ANS,emissible,2069
M07.3,XIII,XIII/M07.3.md,Autres arthropathies psoriasiques ,false,false,true,false,true,0,codable,OWL_ANS,emissible,2185
M07.30,XIII,XIII/M07.30.md,"Autres arthropathies psoriasiques (L40.5)   - "" Sièges multiples """,false,false,true,false,false,0,codable,OWL_ANS,emissible,2094
M07.31,XIII,XIII/M07.31.md,"Autres arthropathies psoriasiques (L40.5)   - "" Région scapulaire """,false,true,true,false,false,0,codable,OWL_ANS,emissible,2381
M07.32,XIII,XIII/M07.32.md,"Autres arthropathies psoriasiques (L40.5)   - "" Bras """,false,true,true,false,false,0,codable,OWL_ANS,emissible,2196
M07.33,XIII,XIII/M07.33.md,"Autres arthropathies psoriasiques (L40.5)   - "" Avant-bras """,false,true,true,false,false,0,codable,OWL_ANS,emissible,2222
M07.34,XIII,XIII/M07.34.md,"Autres arthropathies psoriasiques (L40.5)   - "" Main """,false,true,true,false,false,0,codable,OWL_ANS,emissible,2240
M07.35,XIII,XIII/M07.35.md,"Autres arthropathies psoriasiques (L40.5)   - "" Région pelvienne et cuisse """,false,true,true,false,false,0,codable,OWL_ANS,emissible,2310
M07.36,XIII,XIII/M07.36.md,"Autres arthropathies psoriasiques (L40.5)   - "" Jambe """,false,true,true,false,false,0,codable,OWL_ANS,emissible,2209
M07.37,XIII,XIII/M07.37.md,"Autres arthropathies psoriasiques (L40.5)   - "" Cheville et pied """,false,true,true,false,false,0,codable,OWL_ANS,emissible,2316
M07.38,XIII,XIII/M07.38.md,"Autres arthropathies psoriasiques (L40.5)   - "" Autres """,false,true,true,false,false,0,codable,OWL_ANS,emissible,2238
M07.39,XIII,XIII/M07.39.md,"Autres arthropathies psoriasiques (L40.5)   - "" Siège non précisé """,false,false,true,false,false,0,codable,OWL_ANS,emissible,2095
M07.4,XIII,XIII/M07.4.md,Arthropathie au cours de la maladie de Crohn [entérite régionale] ,false,false,true,false,true,0,codable,OWL_ANS,emissible,2167
M07.40,XIII,XIII/M07.40.md,"Arthropathie au cours de la maladie de Crohn [entérite régionale] (K50.-)   - "" Sièges multiples """,false,false,true,false,false,0,codable,OWL_ANS,emissible,2126
M07.41,XIII,XIII/M07.41.md,"Arthropathie au cours de la maladie de Crohn [entérite régionale] (K50.-)   - "" Région scapulaire """,false,true,true,false,false,0,codable,OWL_ANS,emissible,2413
M07.42,XIII,XIII/M07.42.md,"Arthropathie au cours de la maladie de Crohn [entérite régionale] (K50.-)   - "" Bras """,false,true,true,false,false,0,codable,OWL_ANS,emissible,2228
M07.43,XIII,XIII/M07.43.md,"Arthropathie au cours de la maladie de Crohn [entérite régionale] (K50.-)   - "" Avant-bras """,false,true,true,false,false,0,codable,OWL_ANS,emissible,2254
M07.44,XIII,XIII/M07.44.md,"Arthropathie au cours de la maladie de Crohn [entérite régionale] (K50.-)   - "" Main """,false,true,true,false,false,0,codable,OWL_ANS,emissible,2272
M07.45,XIII,XIII/M07.45.md,"Arthropathie au cours de la maladie de Crohn [entérite régionale] (K50.-)   - "" Région pelvienne et cuisse """,false,true,true,false,false,0,codable,OWL_ANS,emissible,2342
M07.46,XIII,XIII/M07.46.md,"Arthropathie au cours de la maladie de Crohn [entérite régionale] (K50.-)   - "" Jambe """,false,true,true,false,false,0,codable,OWL_ANS,emissible,2241
M07.47,XIII,XIII/M07.47.md,"Arthropathie au cours de la maladie de Crohn [entérite régionale] (K50.-)   - "" Cheville et pied """,false,true,true,false,false,0,codable,OWL_ANS,emissible,2348
M07.48,XIII,XIII/M07.48.md,"Arthropathie au cours de la maladie de Crohn [entérite régionale] (K50.-)   - "" Autres """,false,true,true,false,false,0,codable,OWL_ANS,emissible,2270
M07.49,XIII,XIII/M07.49.md,"Arthropathie au cours de la maladie de Crohn [entérite régionale] (K50.-)   - "" Siège non précisé """,false,false,true,false,false,0,codable,OWL_ANS,emissible,2127
M07.5,XIII,XIII/M07.5.md,Arthropathie au cours de colite ulcéreuse ,false,false,true,false,true,0,codable,OWL_ANS,emissible,2152
M07.50,XIII,XIII/M07.50.md,"Arthropathie au cours de colite ulcéreuse (K51.-)   - "" Sièges multiples """,false,false,true,false,false,0,codable,OWL_ANS,emissible,2102
M07.51,XIII,XIII/M07.51.md,"Arthropathie au cours de colite ulcéreuse (K51.-)   - "" Région scapulaire """,false,true,true,false,false,0,codable,OWL_ANS,emissible,2389
M07.52,XIII,XIII/M07.52.md,"Arthropathie au cours de colite ulcéreuse (K51.-)   - "" Bras """,false,true,true,false,false,0,codable,OWL_ANS,emissible,2204
M07.53,XIII,XIII/M07.53.md,"Arthropathie au cours de colite ulcéreuse (K51.-)   - "" Avant-bras """,false,true,true,false,false,0,codable,OWL_ANS,emissible,2230
M07.54,XIII,XIII/M07.54.md,"Arthropathie au cours de colite ulcéreuse (K51.-)   - "" Main """,false,true,true,false,false,0,codable,OWL_ANS,emissible,2248
M07.55,XIII,XIII/M07.55.md,"Arthropathie au cours de colite ulcéreuse (K51.-)   - "" Région pelvienne et cuisse """,false,true,true,false,false,0,codable,OWL_ANS,emissible,2318
M07.56,XIII,XIII/M07.56.md,"Arthropathie au cours de colite ulcéreuse (K51.-)   - "" Jambe """,false,true,true,false,false,0,codable,OWL_ANS,emissible,2217
M07.57,XIII,XIII/M07.57.md,"Arthropathie au cours de colite ulcéreuse (K51.-)   - "" Cheville et pied """,false,true,true,false,false,0,codable,OWL_ANS,emissible,2324
M07.58,XIII,XIII/M07.58.md,"Arthropathie au cours de colite ulcéreuse (K51.-)   - "" Autres """,false,true,true,false,false,0,codable,OWL_ANS,emissible,2246
M07.59,XIII,XIII/M07.59.md,"Arthropathie au cours de colite ulcéreuse (K51.-)   - "" Siège non précisé """,false,false,true,false,false,0,codable,OWL_ANS,emissible,2103
M07.6,XIII,XIII/M07.6.md,Autres arthropathies entéropathiques,false,false,true,false,true,0,codable,OWL_ANS,emissible,2117
M07.60,XIII,XIII/M07.60.md,"Autres arthropathies entéropathiques - "" Sièges multiples """,false,false,true,false,false,0,codable,OWL_ANS,emissible,2087
M07.61,XIII,XIII/M07.61.md,"Autres arthropathies entéropathiques - "" Région scapulaire """,false,true,true,false,false,0,codable,OWL_ANS,emissible,2374
M07.62,XIII,XIII/M07.62.md,"Autres arthropathies entéropathiques - "" Bras """,false,true,true,false,false,0,codable,OWL_ANS,emissible,2189
M07.63,XIII,XIII/M07.63.md,"Autres arthropathies entéropathiques - "" Avant-bras """,false,true,true,false,false,0,codable,OWL_ANS,emissible,2215
M07.64,XIII,XIII/M07.64.md,"Autres arthropathies entéropathiques - "" Main """,false,true,true,false,false,0,codable,OWL_ANS,emissible,2233
M07.65,XIII,XIII/M07.65.md,"Autres arthropathies entéropathiques - "" Région pelvienne et cuisse """,false,true,true,false,false,0,codable,OWL_ANS,emissible,2303
M07.66,XIII,XIII/M07.66.md,"Autres arthropathies entéropathiques - "" Jambe """,false,true,true,false,false,0,codable,OWL_ANS,emissible,2202
M07.67,XIII,XIII/M07.67.md,"Autres arthropathies entéropathiques - "" Cheville et pied """,false,true,true,false,false,0,codable,OWL_ANS,emissible,2309
M07.68,XIII,XIII/M07.68.md,"Autres arthropathies entéropathiques - "" Autres """,false,true,true,false,false,0,codable,OWL_ANS,emissible,2231
M07.69,XIII,XIII/M07.69.md,"Autres arthropathies entéropathiques - "" Siège non précisé """,false,false,true,false,false,0,codable,OWL_ANS,emissible,2088
M08.0,XIII,XIII/M08.0.md,Polyarthrite rhumatoïde juvénile,true,false,true,false,true,0,codable,OWL_ANS,emissible,2397
M08.00,XIII,XIII/M08.00.md,"Polyarthrite rhumatoïde juvénile - "" Sièges multiples """,true,false,true,false,false,0,codable,OWL_ANS,emissible,2300
M08.01,XIII,XIII/M08.01.md,"Polyarthrite rhumatoïde juvénile - "" Région scapulaire """,true,true,true,false,false,0,codable,OWL_ANS,emissible,2587
M08.02,XIII,XIII/M08.02.md,"Polyarthrite rhumatoïde juvénile - "" Bras """,true,true,true,false,false,0,codable,OWL_ANS,emissible,2402
M08.03,XIII,XIII/M08.03.md,"Polyarthrite rhumatoïde juvénile - "" Avant-bras """,true,true,true,false,false,0,codable,OWL_ANS,emissible,2428
M08.04,XIII,XIII/M08.04.md,"Polyarthrite rhumatoïde juvénile - "" Main """,true,true,true,false,false,0,codable,OWL_ANS,emissible,2446
M08.05,XIII,XIII/M08.05.md,"Polyarthrite rhumatoïde juvénile - "" Région pelvienne et cuisse """,true,true,true,false,false,0,codable,OWL_ANS,emissible,2516
M08.06,XIII,XIII/M08.06.md,"Polyarthrite rhumatoïde juvénile - "" Jambe """,true,true,true,false,false,0,codable,OWL_ANS,emissible,2415
M08.07,XIII,XIII/M08.07.md,"Polyarthrite rhumatoïde juvénile - "" Cheville et pied """,true,true,true,false,false,0,codable,OWL_ANS,emissible,2522
M08.08,XIII,XIII/M08.08.md,"Polyarthrite rhumatoïde juvénile - "" Autres """,true,true,true,false,false,0,codable,OWL_ANS,emissible,2444
M08.09,XIII,XIII/M08.09.md,"Polyarthrite rhumatoïde juvénile - "" Siège non précisé """,true,false,true,false,false,0,codable,OWL_ANS,emissible,2301
M08.1,XIII,XIII/M08.1.md,Spondylarthrite ankylosante juvénile,true,false,true,false,true,0,codable,OWL_ANS,emissible,2390
M08.10,XIII,XIII/M08.10.md,"Spondylarthrite ankylosante juvénile - "" Sièges multiples """,true,false,true,false,false,0,codable,OWL_ANS,emissible,2280
M08.11,XIII,XIII/M08.11.md,"Spondylarthrite ankylosante juvénile - "" Région scapulaire """,true,true,true,false,false,,inconnu_atih,OWL_ANS,emissible,2552
M08.12,XIII,XIII/M08.12.md,"Spondylarthrite ankylosante juvénile - "" Bras """,true,true,true,false,false,,inconnu_atih,OWL_ANS,emissible,2367
M08.13,XIII,XIII/M08.13.md,"Spondylarthrite ankylosante juvénile - "" Avant-bras """,true,true,true,false,false,,inconnu_atih,OWL_ANS,emissible,2393
M08.14,XIII,XIII/M08.14.md,"Spondylarthrite ankylosante juvénile - "" Main """,true,true,true,false,false,,inconnu_atih,OWL_ANS,emissible,2411
M08.15,XIII,XIII/M08.15.md,"Spondylarthrite ankylosante juvénile - "" Région pelvienne et cuisse """,true,true,true,false,false,0,codable,OWL_ANS,emissible,2496
M08.16,XIII,XIII/M08.16.md,"Spondylarthrite ankylosante juvénile - "" Jambe """,true,true,true,false,false,,inconnu_atih,OWL_ANS,emissible,2380
M08.17,XIII,XIII/M08.17.md,"Spondylarthrite ankylosante juvénile - "" Cheville et pied """,true,true,true,false,false,,inconnu_atih,OWL_ANS,emissible,2487
M08.18,XIII,XIII/M08.18.md,"Spondylarthrite ankylosante juvénile - "" Autres """,true,true,true,false,false,0,codable,OWL_ANS,emissible,2424
M08.19,XIII,XIII/M08.19.md,"Spondylarthrite ankylosante juvénile - "" Siège non précisé """,true,false,true,false,false,0,codable,OWL_ANS,emissible,2281
M08.2,XIII,XIII/M08.2.md,Polyarthrite juvénile avec début systémique,true,false,true,false,true,0,codable,OWL_ANS,emissible,2547
M08.20,XIII,XIII/M08.20.md,"Polyarthrite juvénile avec début systémique - "" Sièges multiples """,true,false,true,false,false,0,codable,OWL_ANS,emissible,2315
M08.21,XIII,XIII/M08.21.md,"Polyarthrite juvénile avec début systémique - "" Région scapulaire """,true,true,true,false,false,0,codable,OWL_ANS,emissible,2602
M08.22,XIII,XIII/M08.22.md,"Polyarthrite juvénile avec début systémique - "" Bras """,true,true,true,false,false,0,codable,OWL_ANS,emissible,2417
M08.23,XIII,XIII/M08.23.md,"Polyarthrite juvénile avec début systémique - "" Avant-bras """,true,true,true,false,false,0,codable,OWL_ANS,emissible,2443
M08.24,XIII,XIII/M08.24.md,"Polyarthrite juvénile avec début systémique - "" Main """,true,true,true,false,false,0,codable,OWL_ANS,emissible,2461
M08.25,XIII,XIII/M08.25.md,"Polyarthrite juvénile avec début systémique - "" Région pelvienne et cuisse """,true,true,true,false,false,0,codable,OWL_ANS,emissible,2531
M08.26,XIII,XIII/M08.26.md,"Polyarthrite juvénile avec début systémique - "" Jambe """,true,true,true,false,false,0,codable,OWL_ANS,emissible,2430
M08.27,XIII,XIII/M08.27.md,"Polyarthrite juvénile avec début systémique - "" Cheville et pied """,true,true,true,false,false,0,codable,OWL_ANS,emissible,2537
M08.28,XIII,XIII/M08.28.md,"Polyarthrite juvénile avec début systémique - "" Autres """,true,true,true,false,false,0,codable,OWL_ANS,emissible,2459
M08.29,XIII,XIII/M08.29.md,"Polyarthrite juvénile avec début systémique - "" Siège non précisé """,true,false,true,false,false,0,codable,OWL_ANS,emissible,2316
M08.3,XIII,XIII/M08.3.md,Polyarthrite juvénile (séronégative),true,false,true,false,true,0,codable,OWL_ANS,emissible,2407
M08.30,XIII,XIII/M08.30.md,"Polyarthrite juvénile (séronégative) - "" Sièges multiples """,true,false,true,false,false,0,codable,OWL_ANS,emissible,2270
M08.31,XIII,XIII/M08.31.md,"Polyarthrite juvénile (séronégative) - "" Région scapulaire """,true,true,true,false,false,0,codable,OWL_ANS,emissible,2557
M08.32,XIII,XIII/M08.32.md,"Polyarthrite juvénile (séronégative) - "" Bras """,true,true,true,false,false,0,codable,OWL_ANS,emissible,2372
M08.33,XIII,XIII/M08.33.md,"Polyarthrite juvénile (séronégative) - "" Avant-bras """,true,true,true,false,false,0,codable,OWL_ANS,emissible,2398
M08.34,XIII,XIII/M08.34.md,"Polyarthrite juvénile (séronégative) - "" Main """,true,true,true,false,false,0,codable,OWL_ANS,emissible,2416
M08.35,XIII,XIII/M08.35.md,"Polyarthrite juvénile (séronégative) - "" Région pelvienne et cuisse """,true,true,true,false,false,0,codable,OWL_ANS,emissible,2486
M08.36,XIII,XIII/M08.36.md,"Polyarthrite juvénile (séronégative) - "" Jambe """,true,true,true,false,false,0,codable,OWL_ANS,emissible,2385
M08.37,XIII,XIII/M08.37.md,"Polyarthrite juvénile (séronégative) - "" Cheville et pied """,true,true,true,false,false,0,codable,OWL_ANS,emissible,2492
M08.38,XIII,XIII/M08.38.md,"Polyarthrite juvénile (séronégative) - "" Autres """,true,true,true,false,false,0,codable,OWL_ANS,emissible,2414
M08.39,XIII,XIII/M08.39.md,"Polyarthrite juvénile (séronégative) - "" Siège non précisé """,true,false,true,false,false,0,codable,OWL_ANS,emissible,2271
M08.4,XIII,XIII/M08.4.md,Polyarthrite pauciarticulaire juvénile,true,false,true,false,true,0,codable,OWL_ANS,emissible,2281
M08.40,XIII,XIII/M08.40.md,"Polyarthrite pauciarticulaire juvénile - "" Sièges multiples """,true,false,true,false,false,0,codable,OWL_ANS,emissible,2236
M08.41,XIII,XIII/M08.41.md,"Polyarthrite pauciarticulaire juvénile - "" Région scapulaire """,true,true,true,false,false,0,codable,OWL_ANS,emissible,2523
M08.42,XIII,XIII/M08.42.md,"Polyarthrite pauciarticulaire juvénile - "" Bras """,true,true,true,false,false,0,codable,OWL_ANS,emissible,2338
M08.43,XIII,XIII/M08.43.md,"Polyarthrite pauciarticulaire juvénile - "" Avant-bras """,true,true,true,false,false,0,codable,OWL_ANS,emissible,2364
M08.44,XIII,XIII/M08.44.md,"Polyarthrite pauciarticulaire juvénile - "" Main """,true,true,true,false,false,0,codable,OWL_ANS,emissible,2382
M08.45,XIII,XIII/M08.45.md,"Polyarthrite pauciarticulaire juvénile - "" Région pelvienne et cuisse """,true,true,true,false,false,0,codable,OWL_ANS,emissible,2452
M08.46,XIII,XIII/M08.46.md,"Polyarthrite pauciarticulaire juvénile - "" Jambe """,true,true,true,false,false,0,codable,OWL_ANS,emissible,2351
M08.47,XIII,XIII/M08.47.md,"Polyarthrite pauciarticulaire juvénile - "" Cheville et pied """,true,true,true,false,false,0,codable,OWL_ANS,emissible,2458
M08.48,XIII,XIII/M08.48.md,"Polyarthrite pauciarticulaire juvénile - "" Autres """,true,true,true,false,false,0,codable,OWL_ANS,emissible,2380
M08.49,XIII,XIII/M08.49.md,"Polyarthrite pauciarticulaire juvénile - "" Siège non précisé """,true,false,true,false,false,0,codable,OWL_ANS,emissible,2237
M08.8,XIII,XIII/M08.8.md,Autres polyarthrites juvéniles,true,false,true,false,true,0,codable,OWL_ANS,emissible,2552
M08.80,XIII,XIII/M08.80.md,"Autres polyarthrites juvéniles - "" Sièges multiples """,true,false,true,false,false,0,codable,OWL_ANS,emissible,2228
M08.81,XIII,XIII/M08.81.md,"Autres polyarthrites juvéniles - "" Région scapulaire """,true,true,true,false,false,0,codable,OWL_ANS,emissible,2515
M08.82,XIII,XIII/M08.82.md,"Autres polyarthrites juvéniles - "" Bras """,true,true,true,false,false,0,codable,OWL_ANS,emissible,2330
M08.83,XIII,XIII/M08.83.md,"Autres polyarthrites juvéniles - "" Avant-bras """,true,true,true,false,false,0,codable,OWL_ANS,emissible,2356
M08.84,XIII,XIII/M08.84.md,"Autres polyarthrites juvéniles - "" Main """,true,true,true,false,false,0,codable,OWL_ANS,emissible,2374
M08.85,XIII,XIII/M08.85.md,"Autres polyarthrites juvéniles - "" Région pelvienne et cuisse """,true,true,true,false,false,0,codable,OWL_ANS,emissible,2444
M08.86,XIII,XIII/M08.86.md,"Autres polyarthrites juvéniles - "" Jambe """,true,true,true,false,false,0,codable,OWL_ANS,emissible,2343
M08.87,XIII,XIII/M08.87.md,"Autres polyarthrites juvéniles - "" Cheville et pied """,true,true,true,false,false,0,codable,OWL_ANS,emissible,2450
M08.88,XIII,XIII/M08.88.md,"Autres polyarthrites juvéniles - "" Autres """,true,true,true,false,false,0,codable,OWL_ANS,emissible,2372
M08.89,XIII,XIII/M08.89.md,"Autres polyarthrites juvéniles - "" Siège non précisé """,true,false,true,false,false,0,codable,OWL_ANS,emissible,2229
M08.9,XIII,XIII/M08.9.md,"Polyarthrite juvénile, sans précision",true,false,true,false,true,0,codable,OWL_ANS,emissible,2218
M08.90,XIII,XIII/M08.90.md,"Polyarthrite juvénile, sans précision - "" Sièges multiples """,true,false,true,false,false,0,codable,OWL_ANS,emissible,2235
M08.91,XIII,XIII/M08.91.md,"Polyarthrite juvénile, sans précision - "" Région scapulaire """,true,true,true,false,false,0,codable,OWL_ANS,emissible,2522
M08.92,XIII,XIII/M08.92.md,"Polyarthrite juvénile, sans précision - "" Bras """,true,true,true,false,false,0,codable,OWL_ANS,emissible,2337
M08.93,XIII,XIII/M08.93.md,"Polyarthrite juvénile, sans précision - "" Avant-bras """,true,true,true,false,false,0,codable,OWL_ANS,emissible,2363
M08.94,XIII,XIII/M08.94.md,"Polyarthrite juvénile, sans précision - "" Main """,true,true,true,false,false,0,codable,OWL_ANS,emissible,2381
M08.95,XIII,XIII/M08.95.md,"Polyarthrite juvénile, sans précision - "" Région pelvienne et cuisse """,true,true,true,false,false,0,codable,OWL_ANS,emissible,2451
M08.96,XIII,XIII/M08.96.md,"Polyarthrite juvénile, sans précision - "" Jambe """,true,true,true,false,false,0,codable,OWL_ANS,emissible,2350
M08.97,XIII,XIII/M08.97.md,"Polyarthrite juvénile, sans précision - "" Cheville et pied """,true,true,true,false,false,0,codable,OWL_ANS,emissible,2457
M08.98,XIII,XIII/M08.98.md,"Polyarthrite juvénile, sans précision - "" Autres """,true,true,true,false,false,0,codable,OWL_ANS,emissible,2379
M08.99,XIII,XIII/M08.99.md,"Polyarthrite juvénile, sans précision - "" Siège non précisé """,true,false,true,false,false,0,codable,OWL_ANS,emissible,2236
M09.0,XIII,XIII/M09.0.md,Polyarthrite juvénile au cours de psoriasis ,false,false,true,false,true,0,codable,OWL_ANS,emissible,2158
M09.00,XIII,XIII/M09.00.md,"Polyarthrite juvénile au cours de psoriasis (L40.5)   - "" Sièges multiples """,false,false,true,false,false,0,codable,OWL_ANS,emissible,2095
M09.01,XIII,XIII/M09.01.md,"Polyarthrite juvénile au cours de psoriasis (L40.5)   - "" Région scapulaire """,false,true,true,false,false,0,codable,OWL_ANS,emissible,2382
M09.02,XIII,XIII/M09.02.md,"Polyarthrite juvénile au cours de psoriasis (L40.5)   - "" Bras """,false,true,true,false,false,0,codable,OWL_ANS,emissible,2197
M09.03,XIII,XIII/M09.03.md,"Polyarthrite juvénile au cours de psoriasis (L40.5)   - "" Avant-bras """,false,true,true,false,false,0,codable,OWL_ANS,emissible,2223
M09.04,XIII,XIII/M09.04.md,"Polyarthrite juvénile au cours de psoriasis (L40.5)   - "" Main """,false,true,true,false,false,0,codable,OWL_ANS,emissible,2241
M09.05,XIII,XIII/M09.05.md,"Polyarthrite juvénile au cours de psoriasis (L40.5)   - "" Région pelvienne et cuisse """,false,true,true,false,false,0,codable,OWL_ANS,emissible,2311
M09.06,XIII,XIII/M09.06.md,"Polyarthrite juvénile au cours de psoriasis (L40.5)   - "" Jambe """,false,true,true,false,false,0,codable,OWL_ANS,emissible,2210
M09.07,XIII,XIII/M09.07.md,"Polyarthrite juvénile au cours de psoriasis (L40.5)   - "" Cheville et pied """,false,true,true,false,false,0,codable,OWL_ANS,emissible,2317
M09.08,XIII,XIII/M09.08.md,"Polyarthrite juvénile au cours de psoriasis (L40.5)   - "" Autres """,false,true,true,false,false,0,codable,OWL_ANS,emissible,2239
M09.09,XIII,XIII/M09.09.md,"Polyarthrite juvénile au cours de psoriasis (L40.5)   - "" Siège non précisé """,false,false,true,false,false,0,codable,OWL_ANS,emissible,2096
M09.1,XIII,XIII/M09.1.md,Polyarthrite juvénile au cours de la maladie de Crohn [entérite régionale] ,false,false,true,false,true,0,codable,OWL_ANS,emissible,2177
M09.10,XIII,XIII/M09.10.md,"Polyarthrite juvénile au cours de la maladie de Crohn [entérite régionale] (K50.-)   - "" Sièges multiples """,false,false,true,false,false,0,codable,OWL_ANS,emissible,2126
M09.11,XIII,XIII/M09.11.md,"Polyarthrite juvénile au cours de la maladie de Crohn [entérite régionale] (K50.-)   - "" Région scapulaire """,false,true,true,false,false,0,codable,OWL_ANS,emissible,2413
M09.12,XIII,XIII/M09.12.md,"Polyarthrite juvénile au cours de la maladie de Crohn [entérite régionale] (K50.-)   - "" Bras """,false,true,true,false,false,0,codable,OWL_ANS,emissible,2228
M09.13,XIII,XIII/M09.13.md,"Polyarthrite juvénile au cours de la maladie de Crohn [entérite régionale] (K50.-)   - "" Avant-bras """,false,true,true,false,false,0,codable,OWL_ANS,emissible,2254
M09.14,XIII,XIII/M09.14.md,"Polyarthrite juvénile au cours de la maladie de Crohn [entérite régionale] (K50.-)   - "" Main """,false,true,true,false,false,0,codable,OWL_ANS,emissible,2272
M09.15,XIII,XIII/M09.15.md,"Polyarthrite juvénile au cours de la maladie de Crohn [entérite régionale] (K50.-)   - "" Région pelvienne et cuisse """,false,true,true,false,false,0,codable,OWL_ANS,emissible,2342
M09.16,XIII,XIII/M09.16.md,"Polyarthrite juvénile au cours de la maladie de Crohn [entérite régionale] (K50.-)   - "" Jambe """,false,true,true,false,false,0,codable,OWL_ANS,emissible,2241
M09.17,XIII,XIII/M09.17.md,"Polyarthrite juvénile au cours de la maladie de Crohn [entérite régionale] (K50.-)   - "" Cheville et pied """,false,true,true,false,false,0,codable,OWL_ANS,emissible,2348
M09.18,XIII,XIII/M09.18.md,"Polyarthrite juvénile au cours de la maladie de Crohn [entérite régionale] (K50.-)   - "" Autres """,false,true,true,false,false,0,codable,OWL_ANS,emissible,2270
M09.19,XIII,XIII/M09.19.md,"Polyarthrite juvénile au cours de la maladie de Crohn [entérite régionale] (K50.-)   - "" Siège non précisé """,false,false,true,false,false,0,codable,OWL_ANS,emissible,2127
M09.2,XIII,XIII/M09.2.md,Polyarthrite juvénile au cours de colite ulcéreuse ,false,false,true,false,true,0,codable,OWL_ANS,emissible,2162
M09.20,XIII,XIII/M09.20.md,"Polyarthrite juvénile au cours de colite ulcéreuse (K51.-)   - "" Sièges multiples """,false,false,true,false,false,0,codable,OWL_ANS,emissible,2102
M09.21,XIII,XIII/M09.21.md,"Polyarthrite juvénile au cours de colite ulcéreuse (K51.-)   - "" Région scapulaire """,false,true,true,false,false,0,codable,OWL_ANS,emissible,2389
M09.22,XIII,XIII/M09.22.md,"Polyarthrite juvénile au cours de colite ulcéreuse (K51.-)   - "" Bras """,false,true,true,false,false,0,codable,OWL_ANS,emissible,2204
M09.23,XIII,XIII/M09.23.md,"Polyarthrite juvénile au cours de colite ulcéreuse (K51.-)   - "" Avant-bras """,false,true,true,false,false,0,codable,OWL_ANS,emissible,2230
M09.24,XIII,XIII/M09.24.md,"Polyarthrite juvénile au cours de colite ulcéreuse (K51.-)   - "" Main """,false,true,true,false,false,0,codable,OWL_ANS,emissible,2248
M09.25,XIII,XIII/M09.25.md,"Polyarthrite juvénile au cours de colite ulcéreuse (K51.-)   - "" Région pelvienne et cuisse """,false,true,true,false,false,0,codable,OWL_ANS,emissible,2318
M09.26,XIII,XIII/M09.26.md,"Polyarthrite juvénile au cours de colite ulcéreuse (K51.-)   - "" Jambe """,false,true,true,false,false,0,codable,OWL_ANS,emissible,2217
M09.27,XIII,XIII/M09.27.md,"Polyarthrite juvénile au cours de colite ulcéreuse (K51.-)   - "" Cheville et pied """,false,true,true,false,false,0,codable,OWL_ANS,emissible,2324
M09.28,XIII,XIII/M09.28.md,"Polyarthrite juvénile au cours de colite ulcéreuse (K51.-)   - "" Autres """,false,true,true,false,false,0,codable,OWL_ANS,emissible,2246
M09.29,XIII,XIII/M09.29.md,"Polyarthrite juvénile au cours de colite ulcéreuse (K51.-)   - "" Siège non précisé """,false,false,true,false,false,0,codable,OWL_ANS,emissible,2103
M09.8,XIII,XIII/M09.8.md,Polyarthrite juvénile au cours d'autres maladies classées ailleurs,false,false,true,false,true,0,codable,OWL_ANS,emissible,2405
M09.80,XIII,XIII/M09.80.md,"Polyarthrite juvénile au cours d'autres maladies classées ailleurs - "" Sièges multiples """,false,false,true,false,false,0,codable,OWL_ANS,emissible,2108
M09.81,XIII,XIII/M09.81.md,"Polyarthrite juvénile au cours d'autres maladies classées ailleurs - "" Région scapulaire """,false,true,true,false,false,0,codable,OWL_ANS,emissible,2395
M09.82,XIII,XIII/M09.82.md,"Polyarthrite juvénile au cours d'autres maladies classées ailleurs - "" Bras """,false,true,true,false,false,0,codable,OWL_ANS,emissible,2210
M09.83,XIII,XIII/M09.83.md,"Polyarthrite juvénile au cours d'autres maladies classées ailleurs - "" Avant-bras """,false,true,true,false,false,0,codable,OWL_ANS,emissible,2236
M09.84,XIII,XIII/M09.84.md,"Polyarthrite juvénile au cours d'autres maladies classées ailleurs - "" Main """,false,true,true,false,false,0,codable,OWL_ANS,emissible,2254
M09.85,XIII,XIII/M09.85.md,"Polyarthrite juvénile au cours d'autres maladies classées ailleurs - "" Région pelvienne et cuisse """,false,true,true,false,false,0,codable,OWL_ANS,emissible,2324
M09.86,XIII,XIII/M09.86.md,"Polyarthrite juvénile au cours d'autres maladies classées ailleurs - "" Jambe """,false,true,true,false,false,0,codable,OWL_ANS,emissible,2223
M09.87,XIII,XIII/M09.87.md,"Polyarthrite juvénile au cours d'autres maladies classées ailleurs - "" Cheville et pied """,false,true,true,false,false,0,codable,OWL_ANS,emissible,2330
M09.88,XIII,XIII/M09.88.md,"Polyarthrite juvénile au cours d'autres maladies classées ailleurs - "" Autres """,false,true,true,false,false,0,codable,OWL_ANS,emissible,2252
M09.89,XIII,XIII/M09.89.md,"Polyarthrite juvénile au cours d'autres maladies classées ailleurs - "" Siège non précisé """,false,false,true,false,false,0,codable,OWL_ANS,emissible,2109
M10.0,XIII,XIII/M10.0.md,Goutte idiopathique,true,false,true,false,true,0,codable,OWL_ANS,emissible,2574
M10.00,XIII,XIII/M10.00.md,"Goutte idiopathique - "" Sièges multiples """,true,false,true,false,false,0,codable,OWL_ANS,emissible,2083
M10.01,XIII,XIII/M10.01.md,"Goutte idiopathique - "" Région scapulaire """,true,true,true,false,false,0,codable,OWL_ANS,emissible,2370
M10.02,XIII,XIII/M10.02.md,"Goutte idiopathique - "" Bras """,true,true,true,false,false,0,codable,OWL_ANS,emissible,2185
M10.03,XIII,XIII/M10.03.md,"Goutte idiopathique - "" Avant-bras """,true,true,true,false,false,0,codable,OWL_ANS,emissible,2211
M10.04,XIII,XIII/M10.04.md,"Goutte idiopathique - "" Main """,true,true,true,false,false,0,codable,OWL_ANS,emissible,2229
M10.05,XIII,XIII/M10.05.md,"Goutte idiopathique - "" Région pelvienne et cuisse """,true,true,true,false,false,0,codable,OWL_ANS,emissible,2299
M10.06,XIII,XIII/M10.06.md,"Goutte idiopathique - "" Jambe """,true,true,true,false,false,0,codable,OWL_ANS,emissible,2198
M10.07,XIII,XIII/M10.07.md,"Goutte idiopathique - "" Cheville et pied """,true,true,true,false,false,0,codable,OWL_ANS,emissible,2305
M10.08,XIII,XIII/M10.08.md,"Goutte idiopathique - "" Autres """,true,true,true,false,false,0,codable,OWL_ANS,emissible,2227
M10.09,XIII,XIII/M10.09.md,"Goutte idiopathique - "" Siège non précisé """,true,false,true,false,false,0,codable,OWL_ANS,emissible,2084
M10.1,XIII,XIII/M10.1.md,Goutte saturnine,false,false,true,false,true,0,codable,OWL_ANS,emissible,1994
M10.10,XIII,XIII/M10.10.md,"Goutte saturnine - "" Sièges multiples """,false,false,true,false,false,0,codable,OWL_ANS,emissible,1935
M10.11,XIII,XIII/M10.11.md,"Goutte saturnine - "" Région scapulaire """,false,true,true,false,false,0,codable,OWL_ANS,emissible,2222
M10.12,XIII,XIII/M10.12.md,"Goutte saturnine - "" Bras """,false,true,true,false,false,0,codable,OWL_ANS,emissible,2037
M10.13,XIII,XIII/M10.13.md,"Goutte saturnine - "" Avant-bras """,false,true,true,false,false,0,codable,OWL_ANS,emissible,2063
M10.14,XIII,XIII/M10.14.md,"Goutte saturnine - "" Main """,false,true,true,false,false,0,codable,OWL_ANS,emissible,2081
M10.15,XIII,XIII/M10.15.md,"Goutte saturnine - "" Région pelvienne et cuisse """,false,true,true,false,false,0,codable,OWL_ANS,emissible,2151
M10.16,XIII,XIII/M10.16.md,"Goutte saturnine - "" Jambe """,false,true,true,false,false,0,codable,OWL_ANS,emissible,2050
M10.17,XIII,XIII/M10.17.md,"Goutte saturnine - "" Cheville et pied """,false,true,true,false,false,0,codable,OWL_ANS,emissible,2157
M10.18,XIII,XIII/M10.18.md,"Goutte saturnine - "" Autres """,false,true,true,false,false,0,codable,OWL_ANS,emissible,2079
M10.19,XIII,XIII/M10.19.md,"Goutte saturnine - "" Siège non précisé """,false,false,true,false,false,0,codable,OWL_ANS,emissible,1936
M10.2,XIII,XIII/M10.2.md,Goutte médicamenteuse,false,false,true,false,true,0,codable,OWL_ANS,emissible,2052
M10.20,XIII,XIII/M10.20.md,"Goutte médicamenteuse - "" Sièges multiples """,false,false,true,false,false,0,codable,OWL_ANS,emissible,1940
M10.21,XIII,XIII/M10.21.md,"Goutte médicamenteuse - "" Région scapulaire """,false,true,true,false,false,0,codable,OWL_ANS,emissible,2227
M10.22,XIII,XIII/M10.22.md,"Goutte médicamenteuse - "" Bras """,false,true,true,false,false,0,codable,OWL_ANS,emissible,2042
M10.23,XIII,XIII/M10.23.md,"Goutte médicamenteuse - "" Avant-bras """,false,true,true,false,false,0,codable,OWL_ANS,emissible,2068
M10.24,XIII,XIII/M10.24.md,"Goutte médicamenteuse - "" Main """,false,true,true,false,false,0,codable,OWL_ANS,emissible,2086
M10.25,XIII,XIII/M10.25.md,"Goutte médicamenteuse - "" Région pelvienne et cuisse """,false,true,true,false,false,0,codable,OWL_ANS,emissible,2156
M10.26,XIII,XIII/M10.26.md,"Goutte médicamenteuse - "" Jambe """,false,true,true,false,false,0,codable,OWL_ANS,emissible,2055
M10.27,XIII,XIII/M10.27.md,"Goutte médicamenteuse - "" Cheville et pied """,false,true,true,false,false,0,codable,OWL_ANS,emissible,2162
M10.28,XIII,XIII/M10.28.md,"Goutte médicamenteuse - "" Autres """,false,true,true,false,false,0,codable,OWL_ANS,emissible,2084
M10.29,XIII,XIII/M10.29.md,"Goutte médicamenteuse - "" Siège non précisé """,false,false,true,false,false,0,codable,OWL_ANS,emissible,1941
M10.3,XIII,XIII/M10.3.md,Goutte due à une altération de la fonction rénale,false,false,true,false,true,0,codable,OWL_ANS,emissible,2157
M10.30,XIII,XIII/M10.30.md,"Goutte due à une altération de la fonction rénale - "" Sièges multiples """,false,false,true,false,false,0,codable,OWL_ANS,emissible,1968
M10.31,XIII,XIII/M10.31.md,"Goutte due à une altération de la fonction rénale - "" Région scapulaire """,false,true,true,false,false,0,codable,OWL_ANS,emissible,2255
M10.32,XIII,XIII/M10.32.md,"Goutte due à une altération de la fonction rénale - "" Bras """,false,true,true,false,false,0,codable,OWL_ANS,emissible,2070
M10.33,XIII,XIII/M10.33.md,"Goutte due à une altération de la fonction rénale - "" Avant-bras """,false,true,true,false,false,0,codable,OWL_ANS,emissible,2096
M10.34,XIII,XIII/M10.34.md,"Goutte due à une altération de la fonction rénale - "" Main """,false,true,true,false,false,0,codable,OWL_ANS,emissible,2114
M10.35,XIII,XIII/M10.35.md,"Goutte due à une altération de la fonction rénale - "" Région pelvienne et cuisse """,false,true,true,false,false,0,codable,OWL_ANS,emissible,2184
M10.36,XIII,XIII/M10.36.md,"Goutte due à une altération de la fonction rénale - "" Jambe """,false,true,true,false,false,0,codable,OWL_ANS,emissible,2083
M10.37,XIII,XIII/M10.37.md,"Goutte due à une altération de la fonction rénale - "" Cheville et pied """,false,true,true,false,false,0,codable,OWL_ANS,emissible,2190
M10.38,XIII,XIII/M10.38.md,"Goutte due à une altération de la fonction rénale - "" Autres """,false,true,true,false,false,0,codable,OWL_ANS,emissible,2112
M10.39,XIII,XIII/M10.39.md,"Goutte due à une altération de la fonction rénale - "" Siège non précisé """,false,false,true,false,false,0,codable,OWL_ANS,emissible,1969
M10.4,XIII,XIII/M10.4.md,Autre goutte secondaire,false,false,true,false,true,0,codable,OWL_ANS,emissible,2232
M10.40,XIII,XIII/M10.40.md,"Autre goutte secondaire - "" Sièges multiples """,false,false,true,false,false,0,codable,OWL_ANS,emissible,1942
M10.41,XIII,XIII/M10.41.md,"Autre goutte secondaire - "" Région scapulaire """,false,true,true,false,false,0,codable,OWL_ANS,emissible,2229
M10.42,XIII,XIII/M10.42.md,"Autre goutte secondaire - "" Bras """,false,true,true,false,false,0,codable,OWL_ANS,emissible,2044
M10.43,XIII,XIII/M10.43.md,"Autre goutte secondaire - "" Avant-bras """,false,true,true,false,false,0,codable,OWL_ANS,emissible,2070
M10.44,XIII,XIII/M10.44.md,"Autre goutte secondaire - "" Main """,false,true,true,false,false,0,codable,OWL_ANS,emissible,2088
M10.45,XIII,XIII/M10.45.md,"Autre goutte secondaire - "" Région pelvienne et cuisse """,false,true,true,false,false,0,codable,OWL_ANS,emissible,2158
M10.46,XIII,XIII/M10.46.md,"Autre goutte secondaire - "" Jambe """,false,true,true,false,false,0,codable,OWL_ANS,emissible,2057
M10.47,XIII,XIII/M10.47.md,"Autre goutte secondaire - "" Cheville et pied """,false,true,true,false,false,0,codable,OWL_ANS,emissible,2164
M10.48,XIII,XIII/M10.48.md,"Autre goutte secondaire - "" Autres """,false,true,true,false,false,0,codable,OWL_ANS,emissible,2086
M10.49,XIII,XIII/M10.49.md,"Autre goutte secondaire - "" Siège non précisé """,false,false,true,false,false,0,codable,OWL_ANS,emissible,1943
M10.9,XIII,XIII/M10.9.md,"Goutte, sans précision",false,false,true,false,true,0,codable,OWL_ANS,emissible,2269
M10.90,XIII,XIII/M10.90.md,"Goutte, sans précision - "" Sièges multiples """,false,false,true,false,false,0,codable,OWL_ANS,emissible,1941
M10.91,XIII,XIII/M10.91.md,"Goutte, sans précision - "" Région scapulaire """,false,true,true,false,false,0,codable,OWL_ANS,emissible,2228
M10.92,XIII,XIII/M10.92.md,"Goutte, sans précision - "" Bras """,false,true,true,false,false,0,codable,OWL_ANS,emissible,2043
M10.93,XIII,XIII/M10.93.md,"Goutte, sans précision - "" Avant-bras """,false,true,true,false,false,0,codable,OWL_ANS,emissible,2069
M10.94,XIII,XIII/M10.94.md,"Goutte, sans précision - "" Main """,false,true,true,false,false,0,codable,OWL_ANS,emissible,2087
M10.95,XIII,XIII/M10.95.md,"Goutte, sans précision - "" Région pelvienne et cuisse """,false,true,true,false,false,0,codable,OWL_ANS,emissible,2157
M10.96,XIII,XIII/M10.96.md,"Goutte, sans précision - "" Jambe """,false,true,true,false,false,0,codable,OWL_ANS,emissible,2056
M10.97,XIII,XIII/M10.97.md,"Goutte, sans précision - "" Cheville et pied """,false,true,true,false,false,0,codable,OWL_ANS,emissible,2163
M10.98,XIII,XIII/M10.98.md,"Goutte, sans précision - "" Autres """,false,true,true,false,false,0,codable,OWL_ANS,emissible,2085
M10.99,XIII,XIII/M10.99.md,"Goutte, sans précision - "" Siège non précisé """,false,false,true,false,false,0,codable,OWL_ANS,emissible,1942
M11.0,XIII,XIII/M11.0.md,Maladie par dépôt d'hydroxyapatite,false,false,true,false,true,0,codable,OWL_ANS,emissible,2005
M11.00,XIII,XIII/M11.00.md,"Maladie par dépôt d'hydroxyapatite - "" Sièges multiples """,false,false,true,false,false,0,codable,OWL_ANS,emissible,1953
M11.01,XIII,XIII/M11.01.md,"Maladie par dépôt d'hydroxyapatite - "" Région scapulaire """,false,true,true,false,false,0,codable,OWL_ANS,emissible,2240
M11.02,XIII,XIII/M11.02.md,"Maladie par dépôt d'hydroxyapatite - "" Bras """,false,true,true,false,false,0,codable,OWL_ANS,emissible,2055
M11.03,XIII,XIII/M11.03.md,"Maladie par dépôt d'hydroxyapatite - "" Avant-bras """,false,true,true,false,false,0,codable,OWL_ANS,emissible,2081
M11.04,XIII,XIII/M11.04.md,"Maladie par dépôt d'hydroxyapatite - "" Main """,false,true,true,false,false,0,codable,OWL_ANS,emissible,2099
M11.05,XIII,XIII/M11.05.md,"Maladie par dépôt d'hydroxyapatite - "" Région pelvienne et cuisse """,false,true,true,false,false,0,codable,OWL_ANS,emissible,2169
M11.06,XIII,XIII/M11.06.md,"Maladie par dépôt d'hydroxyapatite - "" Jambe """,false,true,true,false,false,0,codable,OWL_ANS,emissible,2068
M11.07,XIII,XIII/M11.07.md,"Maladie par dépôt d'hydroxyapatite - "" Cheville et pied """,false,true,true,false,false,0,codable,OWL_ANS,emissible,2175
M11.08,XIII,XIII/M11.08.md,"Maladie par dépôt d'hydroxyapatite - "" Autres """,false,true,true,false,false,0,codable,OWL_ANS,emissible,2097
M11.09,XIII,XIII/M11.09.md,"Maladie par dépôt d'hydroxyapatite - "" Siège non précisé """,false,false,true,false,false,0,codable,OWL_ANS,emissible,1954
M11.1,XIII,XIII/M11.1.md,Chondrocalcinose familiale,false,false,true,false,true,0,codable,OWL_ANS,emissible,2057
M11.10,XIII,XIII/M11.10.md,"Chondrocalcinose familiale - "" Sièges multiples """,false,false,true,false,false,0,codable,OWL_ANS,emissible,1945
M11.11,XIII,XIII/M11.11.md,"Chondrocalcinose familiale - "" Région scapulaire """,false,true,true,false,false,0,codable,OWL_ANS,emissible,2232
M11.12,XIII,XIII/M11.12.md,"Chondrocalcinose familiale - "" Bras """,false,true,true,false,false,0,codable,OWL_ANS,emissible,2047
M11.13,XIII,XIII/M11.13.md,"Chondrocalcinose familiale - "" Avant-bras """,false,true,true,false,false,0,codable,OWL_ANS,emissible,2073
M11.14,XIII,XIII/M11.14.md,"Chondrocalcinose familiale - "" Main """,false,true,true,false,false,0,codable,OWL_ANS,emissible,2091
M11.15,XIII,XIII/M11.15.md,"Chondrocalcinose familiale - "" Région pelvienne et cuisse """,false,true,true,false,false,0,codable,OWL_ANS,emissible,2161
M11.16,XIII,XIII/M11.16.md,"Chondrocalcinose familiale - "" Jambe """,false,true,true,false,false,0,codable,OWL_ANS,emissible,2060
M11.17,XIII,XIII/M11.17.md,"Chondrocalcinose familiale - "" Cheville et pied """,false,true,true,false,false,0,codable,OWL_ANS,emissible,2167
M11.18,XIII,XIII/M11.18.md,"Chondrocalcinose familiale - "" Autres """,false,true,true,false,false,0,codable,OWL_ANS,emissible,2089
M11.19,XIII,XIII/M11.19.md,"Chondrocalcinose familiale - "" Siège non précisé """,false,false,true,false,false,0,codable,OWL_ANS,emissible,1946
M11.2,XIII,XIII/M11.2.md,Autre chondrocalcinose,true,false,true,false,true,0,codable,OWL_ANS,emissible,2492
M11.20,XIII,XIII/M11.20.md,"Autre chondrocalcinose - "" Sièges multiples """,true,false,true,false,false,0,codable,OWL_ANS,emissible,2040
M11.21,XIII,XIII/M11.21.md,"Autre chondrocalcinose - "" Région scapulaire """,true,true,true,false,false,0,codable,OWL_ANS,emissible,2327
M11.22,XIII,XIII/M11.22.md,"Autre chondrocalcinose - "" Bras """,true,true,true,false,false,0,codable,OWL_ANS,emissible,2142
M11.23,XIII,XIII/M11.23.md,"Autre chondrocalcinose - "" Avant-bras """,true,true,true,false,false,0,codable,OWL_ANS,emissible,2168
M11.24,XIII,XIII/M11.24.md,"Autre chondrocalcinose - "" Main """,true,true,true,false,false,0,codable,OWL_ANS,emissible,2186
M11.25,XIII,XIII/M11.25.md,"Autre chondrocalcinose - "" Région pelvienne et cuisse """,true,true,true,false,false,0,codable,OWL_ANS,emissible,2256
M11.26,XIII,XIII/M11.26.md,"Autre chondrocalcinose - "" Jambe """,true,true,true,false,false,0,codable,OWL_ANS,emissible,2155
M11.27,XIII,XIII/M11.27.md,"Autre chondrocalcinose - "" Cheville et pied """,true,true,true,false,false,0,codable,OWL_ANS,emissible,2262
M11.28,XIII,XIII/M11.28.md,"Autre chondrocalcinose - "" Autres """,true,true,true,false,false,0,codable,OWL_ANS,emissible,2184
M11.29,XIII,XIII/M11.29.md,"Autre chondrocalcinose - "" Siège non précisé """,true,false,true,false,false,0,codable,OWL_ANS,emissible,2041
M11.8,XIII,XIII/M11.8.md,Autres arthropathies dues à des microcristaux précisés,false,false,true,false,true,0,codable,OWL_ANS,emissible,2258
M11.80,XIII,XIII/M11.80.md,"Autres arthropathies dues à des microcristaux précisés - "" Sièges multiples """,false,false,true,false,false,0,codable,OWL_ANS,emissible,1973
M11.81,XIII,XIII/M11.81.md,"Autres arthropathies dues à des microcristaux précisés - "" Région scapulaire """,false,true,true,false,false,0,codable,OWL_ANS,emissible,2260
M11.82,XIII,XIII/M11.82.md,"Autres arthropathies dues à des microcristaux précisés - "" Bras """,false,true,true,false,false,0,codable,OWL_ANS,emissible,2075
M11.83,XIII,XIII/M11.83.md,"Autres arthropathies dues à des microcristaux précisés - "" Avant-bras """,false,true,true,false,false,0,codable,OWL_ANS,emissible,2101
M11.84,XIII,XIII/M11.84.md,"Autres arthropathies dues à des microcristaux précisés - "" Main """,false,true,true,false,false,0,codable,OWL_ANS,emissible,2119
M11.85,XIII,XIII/M11.85.md,"Autres arthropathies dues à des microcristaux précisés - "" Région pelvienne et cuisse """,false,true,true,false,false,0,codable,OWL_ANS,emissible,2189
M11.86,XIII,XIII/M11.86.md,"Autres arthropathies dues à des microcristaux précisés - "" Jambe """,false,true,true,false,false,0,codable,OWL_ANS,emissible,2088
M11.87,XIII,XIII/M11.87.md,"Autres arthropathies dues à des microcristaux précisés - "" Cheville et pied """,false,true,true,false,false,0,codable,OWL_ANS,emissible,2195
M11.88,XIII,XIII/M11.88.md,"Autres arthropathies dues à des microcristaux précisés - "" Autres """,false,true,true,false,false,0,codable,OWL_ANS,emissible,2117
M11.89,XIII,XIII/M11.89.md,"Autres arthropathies dues à des microcristaux précisés - "" Siège non précisé """,false,false,true,false,false,0,codable,OWL_ANS,emissible,1974
M11.9,XIII,XIII/M11.9.md,"Arthropathie due à des microcristaux, sans précision",false,false,true,false,true,0,codable,OWL_ANS,emissible,2308
M11.90,XIII,XIII/M11.90.md,"Arthropathie due à des microcristaux, sans précision - Sièges multiples",false,false,true,false,false,0,codable,ATIH,emissible,1967
M11.91,XIII,XIII/M11.91.md,"Arthropathie due à des microcristaux, sans précision - Articulations acromio-claviculaire, scapulo-humérale, et sterno-claviculaire",false,false,true,false,false,0,codable,ATIH,emissible,2027
M11.92,XIII,XIII/M11.92.md,"Arthropathie due à des microcristaux, sans précision - Articulation du coude",false,false,true,false,false,0,codable,ATIH,emissible,1972
M11.93,XIII,XIII/M11.93.md,"Arthropathie due à des microcristaux, sans précision - Articulation du poignet",false,false,true,false,false,0,codable,ATIH,emissible,1974
M11.94,XIII,XIII/M11.94.md,"Arthropathie due à des microcristaux, sans précision - Articulations de la main",false,false,true,false,false,0,codable,ATIH,emissible,1975
M11.95,XIII,XIII/M11.95.md,"Arthropathie due à des microcristaux, sans précision - Articulations de la hanche et sacro-iliaque",false,false,true,false,false,0,codable,ATIH,emissible,1994
M11.96,XIII,XIII/M11.96.md,"Arthropathie due à des microcristaux, sans précision - Articulation du genou",false,false,true,false,false,0,codable,ATIH,emissible,1972
M11.97,XIII,XIII/M11.97.md,"Arthropathie due à des microcristaux, sans précision - Articulations de la cheville et du pied",false,false,true,false,false,0,codable,ATIH,emissible,1990
M11.98,XIII,XIII/M11.98.md,"Arthropathie due à des microcristaux, sans précision - Autres articulations",false,false,true,false,false,0,codable,ATIH,emissible,1971
M11.99,XIII,XIII/M11.99.md,"Arthropathie due à des microcristaux, sans précision - Siège non précisé",false,false,true,false,false,0,codable,ATIH,emissible,1968
M12.0,XIII,XIII/M12.0.md,Arthropathie chronique postrhumatismale [Jaccoud],false,false,true,false,true,0,codable,OWL_ANS,emissible,2230
M12.00,XIII,XIII/M12.00.md,"Arthropathie chronique postrhumatismale [Jaccoud] - "" Sièges multiples """,false,false,true,false,false,0,codable,OWL_ANS,emissible,2118
M12.01,XIII,XIII/M12.01.md,"Arthropathie chronique postrhumatismale [Jaccoud] - "" Région scapulaire """,false,true,true,false,false,0,codable,OWL_ANS,emissible,2405
M12.02,XIII,XIII/M12.02.md,"Arthropathie chronique postrhumatismale [Jaccoud] - "" Bras """,false,true,true,false,false,0,codable,OWL_ANS,emissible,2220
M12.03,XIII,XIII/M12.03.md,"Arthropathie chronique postrhumatismale [Jaccoud] - "" Avant-bras """,false,true,true,false,false,0,codable,OWL_ANS,emissible,2246
M12.04,XIII,XIII/M12.04.md,"Arthropathie chronique postrhumatismale [Jaccoud] - "" Main """,false,true,true,false,false,0,codable,OWL_ANS,emissible,2264
M12.05,XIII,XIII/M12.05.md,"Arthropathie chronique postrhumatismale [Jaccoud] - "" Région pelvienne et cuisse """,false,true,true,false,false,0,codable,OWL_ANS,emissible,2334
M12.06,XIII,XIII/M12.06.md,"Arthropathie chronique postrhumatismale [Jaccoud] - "" Jambe """,false,true,true,false,false,0,codable,OWL_ANS,emissible,2233
M12.07,XIII,XIII/M12.07.md,"Arthropathie chronique postrhumatismale [Jaccoud] - "" Cheville et pied """,false,true,true,false,false,0,codable,OWL_ANS,emissible,2340
M12.08,XIII,XIII/M12.08.md,"Arthropathie chronique postrhumatismale [Jaccoud] - "" Autres """,false,true,true,false,false,0,codable,OWL_ANS,emissible,2262
M12.09,XIII,XIII/M12.09.md,"Arthropathie chronique postrhumatismale [Jaccoud] - "" Siège non précisé """,false,false,true,false,false,0,codable,OWL_ANS,emissible,2119
M12.1,XIII,XIII/M12.1.md,Maladie de Kaschin–Beck,false,false,true,false,true,0,codable,OWL_ANS,emissible,2163
M12.10,XIII,XIII/M12.10.md,"Maladie de Kaschin–Beck - "" Sièges multiples """,false,false,true,false,false,0,codable,OWL_ANS,emissible,2092
M12.11,XIII,XIII/M12.11.md,"Maladie de Kaschin–Beck - "" Région scapulaire """,false,true,true,false,false,0,codable,OWL_ANS,emissible,2379
M12.12,XIII,XIII/M12.12.md,"Maladie de Kaschin–Beck - "" Bras """,false,true,true,false,false,0,codable,OWL_ANS,emissible,2194
M12.13,XIII,XIII/M12.13.md,"Maladie de Kaschin–Beck - "" Avant-bras """,false,true,true,false,false,0,codable,OWL_ANS,emissible,2220
M12.14,XIII,XIII/M12.14.md,"Maladie de Kaschin–Beck - "" Main """,false,true,true,false,false,0,codable,OWL_ANS,emissible,2238
M12.15,XIII,XIII/M12.15.md,"Maladie de Kaschin–Beck - "" Région pelvienne et cuisse """,false,true,true,false,false,0,codable,OWL_ANS,emissible,2308
M12.16,XIII,XIII/M12.16.md,"Maladie de Kaschin–Beck - "" Jambe """,false,true,true,false,false,0,codable,OWL_ANS,emissible,2207
M12.17,XIII,XIII/M12.17.md,"Maladie de Kaschin–Beck - "" Cheville et pied """,false,true,true,false,false,0,codable,OWL_ANS,emissible,2314
M12.18,XIII,XIII/M12.18.md,"Maladie de Kaschin–Beck - "" Autres """,false,true,true,false,false,0,codable,OWL_ANS,emissible,2236
M12.19,XIII,XIII/M12.19.md,"Maladie de Kaschin–Beck - "" Siège non précisé """,false,false,true,false,false,0,codable,OWL_ANS,emissible,2093
M12.2,XIII,XIII/M12.2.md,Synovite villonodulaire (pigmentaire),false,false,true,false,true,0,codable,OWL_ANS,emissible,2124
M12.20,XIII,XIII/M12.20.md,"Synovite villonodulaire (pigmentaire) - "" Sièges multiples """,false,false,true,false,false,0,codable,OWL_ANS,emissible,2106
M12.21,XIII,XIII/M12.21.md,"Synovite villonodulaire (pigmentaire) - "" Région scapulaire """,false,true,true,false,false,0,codable,OWL_ANS,emissible,2393
M12.22,XIII,XIII/M12.22.md,"Synovite villonodulaire (pigmentaire) - "" Bras """,false,true,true,false,false,0,codable,OWL_ANS,emissible,2208
M12.23,XIII,XIII/M12.23.md,"Synovite villonodulaire (pigmentaire) - "" Avant-bras """,false,true,true,false,false,0,codable,OWL_ANS,emissible,2234
M12.24,XIII,XIII/M12.24.md,"Synovite villonodulaire (pigmentaire) - "" Main """,false,true,true,false,false,0,codable,OWL_ANS,emissible,2252
M12.25,XIII,XIII/M12.25.md,"Synovite villonodulaire (pigmentaire) - "" Région pelvienne et cuisse """,false,true,true,false,false,0,codable,OWL_ANS,emissible,2322
M12.26,XIII,XIII/M12.26.md,"Synovite villonodulaire (pigmentaire) - "" Jambe """,false,true,true,false,false,0,codable,OWL_ANS,emissible,2221
M12.27,XIII,XIII/M12.27.md,"Synovite villonodulaire (pigmentaire) - "" Cheville et pied """,false,true,true,false,false,0,codable,OWL_ANS,emissible,2328
M12.28,XIII,XIII/M12.28.md,"Synovite villonodulaire (pigmentaire) - "" Autres """,false,true,true,false,false,0,codable,OWL_ANS,emissible,2250
M12.29,XIII,XIII/M12.29.md,"Synovite villonodulaire (pigmentaire) - "" Siège non précisé """,false,false,true,false,false,0,codable,OWL_ANS,emissible,2107
M12.3,XIII,XIII/M12.3.md,Rhumatisme palindromique,false,false,true,false,true,0,codable,OWL_ANS,emissible,2112
M12.30,XIII,XIII/M12.30.md,"Rhumatisme palindromique - "" Sièges multiples """,false,false,true,false,false,0,codable,OWL_ANS,emissible,2093
M12.31,XIII,XIII/M12.31.md,"Rhumatisme palindromique - "" Région scapulaire """,false,true,true,false,false,0,codable,OWL_ANS,emissible,2380
M12.32,XIII,XIII/M12.32.md,"Rhumatisme palindromique - "" Bras """,false,true,true,false,false,0,codable,OWL_ANS,emissible,2195
M12.33,XIII,XIII/M12.33.md,"Rhumatisme palindromique - "" Avant-bras """,false,true,true,false,false,0,codable,OWL_ANS,emissible,2221
M12.34,XIII,XIII/M12.34.md,"Rhumatisme palindromique - "" Main """,false,true,true,false,false,0,codable,OWL_ANS,emissible,2239
M12.35,XIII,XIII/M12.35.md,"Rhumatisme palindromique - "" Région pelvienne et cuisse """,false,true,true,false,false,0,codable,OWL_ANS,emissible,2309
M12.36,XIII,XIII/M12.36.md,"Rhumatisme palindromique - "" Jambe """,false,true,true,false,false,0,codable,OWL_ANS,emissible,2208
M12.37,XIII,XIII/M12.37.md,"Rhumatisme palindromique - "" Cheville et pied """,false,true,true,false,false,0,codable,OWL_ANS,emissible,2315
M12.38,XIII,XIII/M12.38.md,"Rhumatisme palindromique - "" Autres """,false,true,true,false,false,0,codable,OWL_ANS,emissible,2237
M12.39,XIII,XIII/M12.39.md,"Rhumatisme palindromique - "" Siège non précisé """,false,false,true,false,false,0,codable,OWL_ANS,emissible,2094
M12.4,XIII,XIII/M12.4.md,Hydarthrose intermittente,false,false,true,false,false,0,codable,OWL_ANS,emissible,2046
M12.40,XIII,XIII/M12.40.md,"Hydarthrose intermittente - "" Sièges multiples """,false,false,true,false,false,0,codable,OWL_ANS,emissible,2094
M12.41,XIII,XIII/M12.41.md,"Hydarthrose intermittente - "" Région scapulaire """,false,true,true,false,false,0,codable,OWL_ANS,emissible,2381
M12.42,XIII,XIII/M12.42.md,"Hydarthrose intermittente - "" Bras """,false,true,true,false,false,0,codable,OWL_ANS,emissible,2196
M12.43,XIII,XIII/M12.43.md,"Hydarthrose intermittente - "" Avant-bras """,false,true,true,false,false,0,codable,OWL_ANS,emissible,2222
M12.44,XIII,XIII/M12.44.md,"Hydarthrose intermittente - "" Main """,false,true,true,false,false,0,codable,OWL_ANS,emissible,2240
M12.45,XIII,XIII/M12.45.md,"Hydarthrose intermittente - "" Région pelvienne et cuisse """,false,true,true,false,false,0,codable,OWL_ANS,emissible,2310
M12.46,XIII,XIII/M12.46.md,"Hydarthrose intermittente - "" Jambe """,false,true,true,false,false,0,codable,OWL_ANS,emissible,2209
M12.47,XIII,XIII/M12.47.md,"Hydarthrose intermittente - "" Cheville et pied """,false,true,true,false,false,0,codable,OWL_ANS,emissible,2316
M12.48,XIII,XIII/M12.48.md,"Hydarthrose intermittente - "" Autres """,false,true,true,false,false,0,codable,OWL_ANS,emissible,2238
M12.49,XIII,XIII/M12.49.md,"Hydarthrose intermittente - "" Siège non précisé """,false,false,true,false,false,0,codable,OWL_ANS,emissible,2095
M12.5,XIII,XIII/M12.5.md,Arthropathie traumatique,false,false,true,false,false,0,codable,OWL_ANS,emissible,2280
M12.50,XIII,XIII/M12.50.md,"Arthropathie traumatique - "" Sièges multiples """,false,false,true,false,false,0,codable,OWL_ANS,emissible,2289
M12.51,XIII,XIII/M12.51.md,"Arthropathie traumatique - "" Région scapulaire """,false,true,true,false,false,0,codable,OWL_ANS,emissible,2576
M12.52,XIII,XIII/M12.52.md,"Arthropathie traumatique - "" Bras """,false,true,true,false,false,0,codable,OWL_ANS,emissible,2391
M12.53,XIII,XIII/M12.53.md,"Arthropathie traumatique - "" Avant-bras """,false,true,true,false,false,0,codable,OWL_ANS,emissible,2417
M12.54,XIII,XIII/M12.54.md,"Arthropathie traumatique - "" Main """,false,true,true,false,false,0,codable,OWL_ANS,emissible,2435
M12.55,XIII,XIII/M12.55.md,"Arthropathie traumatique - "" Région pelvienne et cuisse """,false,true,true,false,false,0,codable,OWL_ANS,emissible,2505
M12.56,XIII,XIII/M12.56.md,"Arthropathie traumatique - "" Jambe """,false,true,true,false,false,0,codable,OWL_ANS,emissible,2404
M12.57,XIII,XIII/M12.57.md,"Arthropathie traumatique - "" Cheville et pied """,false,true,true,false,false,0,codable,OWL_ANS,emissible,2511
M12.58,XIII,XIII/M12.58.md,"Arthropathie traumatique - "" Autres """,false,true,true,false,false,0,codable,OWL_ANS,emissible,2433
M12.59,XIII,XIII/M12.59.md,"Arthropathie traumatique - "" Siège non précisé """,false,false,true,false,false,0,codable,OWL_ANS,emissible,2290
M12.8,XIII,XIII/M12.8.md,"Autres arthropathies spécifiques, non classées ailleurs",true,false,true,false,false,0,codable,OWL_ANS,emissible,2456
M12.80,XIII,XIII/M12.80.md,"Autres arthropathies spécifiques, non classées ailleurs - "" Sièges multiples """,true,false,true,false,false,0,codable,OWL_ANS,emissible,2227
M12.81,XIII,XIII/M12.81.md,"Autres arthropathies spécifiques, non classées ailleurs - "" Région scapulaire """,true,true,true,false,false,0,codable,OWL_ANS,emissible,2514
M12.82,XIII,XIII/M12.82.md,"Autres arthropathies spécifiques, non classées ailleurs - "" Bras """,true,true,true,false,false,0,codable,OWL_ANS,emissible,2329
M12.83,XIII,XIII/M12.83.md,"Autres arthropathies spécifiques, non classées ailleurs - "" Avant-bras """,true,true,true,false,false,0,codable,OWL_ANS,emissible,2355
M12.84,XIII,XIII/M12.84.md,"Autres arthropathies spécifiques, non classées ailleurs - "" Main """,true,true,true,false,false,0,codable,OWL_ANS,emissible,2373
M12.85,XIII,XIII/M12.85.md,"Autres arthropathies spécifiques, non classées ailleurs - "" Région pelvienne et cuisse """,true,true,true,false,false,0,codable,OWL_ANS,emissible,2443
M12.86,XIII,XIII/M12.86.md,"Autres arthropathies spécifiques, non classées ailleurs - "" Jambe """,true,true,true,false,false,0,codable,OWL_ANS,emissible,2342
M12.87,XIII,XIII/M12.87.md,"Autres arthropathies spécifiques, non classées ailleurs - "" Cheville et pied """,true,true,true,false,false,0,codable,OWL_ANS,emissible,2449
M12.88,XIII,XIII/M12.88.md,"Autres arthropathies spécifiques, non classées ailleurs - "" Autres """,true,true,true,false,false,0,codable,OWL_ANS,emissible,2371
M12.89,XIII,XIII/M12.89.md,"Autres arthropathies spécifiques, non classées ailleurs - "" Siège non précisé """,true,false,true,false,false,0,codable,OWL_ANS,emissible,2228
M13.0,XIII,XIII/M13.0.md,"Polyarthrite, sans précision",false,false,true,false,true,0,codable,OWL_ANS,emissible,2359
M13.00,XIII,XIII/M13.00.md,"Polyarthrite, sans précision - Sièges multiples",false,false,true,false,false,0,codable,ATIH,emissible,2030
M13.1,XIII,XIII/M13.1.md,"Monoarthrite, non classée ailleurs",false,false,true,false,true,0,codable,OWL_ANS,emissible,2300
M13.10,XIII,XIII/M13.10.md,"Monoarthrite, non classée ailleurs - "" Sièges multiples """,false,false,true,false,false,,inconnu_atih,OWL_ANS,emissible,2025
M13.11,XIII,XIII/M13.11.md,"Monoarthrite, non classée ailleurs - "" Région scapulaire """,false,true,true,false,false,0,codable,OWL_ANS,emissible,2327
M13.12,XIII,XIII/M13.12.md,"Monoarthrite, non classée ailleurs - "" Bras """,false,true,true,false,false,0,codable,OWL_ANS,emissible,2142
M13.13,XIII,XIII/M13.13.md,"Monoarthrite, non classée ailleurs - "" Avant-bras """,false,true,true,false,false,0,codable,OWL_ANS,emissible,2168
M13.14,XIII,XIII/M13.14.md,"Monoarthrite, non classée ailleurs - "" Main """,false,true,true,false,false,0,codable,OWL_ANS,emissible,2186
M13.15,XIII,XIII/M13.15.md,"Monoarthrite, non classée ailleurs - "" Région pelvienne et cuisse """,false,true,true,false,false,0,codable,OWL_ANS,emissible,2256
M13.16,XIII,XIII/M13.16.md,"Monoarthrite, non classée ailleurs - "" Jambe """,false,true,true,false,false,0,codable,OWL_ANS,emissible,2155
M13.17,XIII,XIII/M13.17.md,"Monoarthrite, non classée ailleurs - "" Cheville et pied """,false,true,true,false,false,0,codable,OWL_ANS,emissible,2262
M13.18,XIII,XIII/M13.18.md,"Monoarthrite, non classée ailleurs - "" Autres """,false,true,true,false,false,0,codable,OWL_ANS,emissible,2184
M13.19,XIII,XIII/M13.19.md,"Monoarthrite, non classée ailleurs - "" Siège non précisé """,false,false,true,false,false,0,codable,OWL_ANS,emissible,2041
M13.8,XIII,XIII/M13.8.md,Autres arthrites précisées,true,false,true,false,true,0,codable,OWL_ANS,emissible,2375
M13.80,XIII,XIII/M13.80.md,"Autres arthrites précisées - "" Sièges multiples """,true,false,true,false,false,0,codable,OWL_ANS,emissible,2130
M13.81,XIII,XIII/M13.81.md,"Autres arthrites précisées - "" Région scapulaire """,true,true,true,false,false,0,codable,OWL_ANS,emissible,2417
M13.82,XIII,XIII/M13.82.md,"Autres arthrites précisées - "" Bras """,true,true,true,false,false,0,codable,OWL_ANS,emissible,2232
M13.83,XIII,XIII/M13.83.md,"Autres arthrites précisées - "" Avant-bras """,true,true,true,false,false,0,codable,OWL_ANS,emissible,2258
M13.84,XIII,XIII/M13.84.md,"Autres arthrites précisées - "" Main """,true,true,true,false,false,0,codable,OWL_ANS,emissible,2276
M13.85,XIII,XIII/M13.85.md,"Autres arthrites précisées - "" Région pelvienne et cuisse """,true,true,true,false,false,0,codable,OWL_ANS,emissible,2346
M13.86,XIII,XIII/M13.86.md,"Autres arthrites précisées - "" Jambe """,true,true,true,false,false,0,codable,OWL_ANS,emissible,2245
M13.87,XIII,XIII/M13.87.md,"Autres arthrites précisées - "" Cheville et pied """,true,true,true,false,false,0,codable,OWL_ANS,emissible,2352
M13.88,XIII,XIII/M13.88.md,"Autres arthrites précisées - "" Autres """,true,true,true,false,false,0,codable,OWL_ANS,emissible,2274
M13.89,XIII,XIII/M13.89.md,"Autres arthrites précisées - "" Siège non précisé """,true,false,true,false,false,0,codable,OWL_ANS,emissible,2131
M13.9,XIII,XIII/M13.9.md,"Arthrite, sans précision",true,false,true,false,true,0,codable,OWL_ANS,emissible,2391
M13.91,XIII,XIII/M13.91.md,"Arthrite, sans précision - Articulations acromio-claviculaire, scapulo-humérale, et sterno-claviculaire",false,false,true,false,true,0,codable,ATIH,emissible,2156
M13.92,XIII,XIII/M13.92.md,"Arthrite, sans précision - Articulation du coude",false,false,true,false,false,0,codable,ATIH,emissible,2031
M13.93,XIII,XIII/M13.93.md,"Arthrite, sans précision - Articulation du poignet",false,false,true,false,false,0,codable,ATIH,emissible,2033
M13.94,XIII,XIII/M13.94.md,"Arthrite, sans précision - Articulations de la main",false,false,true,false,false,0,codable,ATIH,emissible,2034
M13.95,XIII,XIII/M13.95.md,"Arthrite, sans précision - Articulations de la hanche et sacro-iliaque",false,false,true,false,true,0,codable,ATIH,emissible,2136
M13.96,XIII,XIII/M13.96.md,"Arthrite, sans précision - Articulation du genou",false,false,true,false,false,0,codable,ATIH,emissible,2031
M13.97,XIII,XIII/M13.97.md,"Arthrite, sans précision - Articulations de la cheville et du pied",false,false,true,false,false,0,codable,ATIH,emissible,2049
M13.98,XIII,XIII/M13.98.md,"Arthrite, sans précision - Autres articulations",false,false,true,false,true,0,codable,ATIH,emissible,2102
M13.99,XIII,XIII/M13.99.md,"Arthrite, sans précision - Siège non précisé",false,false,true,false,false,0,codable,ATIH,emissible,2027
M14.0,XIII,XIII/M14.0.md,Arthropathie goutteuse due à un déficit enzymatique et autres troubles héréditaires,true,false,true,false,true,0,codable,OWL_ANS,emissible,3076
M14.00,XIII,XIII/M14.00.md,"Arthropathie goutteuse due à un déficit enzymatique et autres troubles héréditaires - "" Sièges multiples """,true,false,true,false,false,,inconnu_atih,OWL_ANS,emissible,2479
M14.01,XIII,XIII/M14.01.md,"Arthropathie goutteuse due à un déficit enzymatique et autres troubles héréditaires - "" Région scapulaire """,true,false,true,false,false,,inconnu_atih,OWL_ANS,emissible,2624
M14.02,XIII,XIII/M14.02.md,"Arthropathie goutteuse due à un déficit enzymatique et autres troubles héréditaires - "" Bras """,true,false,true,false,false,,inconnu_atih,OWL_ANS,emissible,2522
M14.03,XIII,XIII/M14.03.md,"Arthropathie goutteuse due à un déficit enzymatique et autres troubles héréditaires - "" Avant-bras """,true,false,true,false,false,,inconnu_atih,OWL_ANS,emissible,2539
M14.04,XIII,XIII/M14.04.md,"Arthropathie goutteuse due à un déficit enzymatique et autres troubles héréditaires - "" Main """,true,false,true,false,false,,inconnu_atih,OWL_ANS,emissible,2546
M14.05,XIII,XIII/M14.05.md,"Arthropathie goutteuse due à un déficit enzymatique et autres troubles héréditaires - "" Région pelvienne et cuisse """,true,false,true,false,false,,inconnu_atih,OWL_ANS,emissible,2593
M14.06,XIII,XIII/M14.06.md,"Arthropathie goutteuse due à un déficit enzymatique et autres troubles héréditaires - "" Jambe """,true,false,true,false,false,,inconnu_atih,OWL_ANS,emissible,2530
M14.07,XIII,XIII/M14.07.md,"Arthropathie goutteuse due à un déficit enzymatique et autres troubles héréditaires - "" Cheville et pied """,true,false,true,false,false,,inconnu_atih,OWL_ANS,emissible,2591
M14.08,XIII,XIII/M14.08.md,"Arthropathie goutteuse due à un déficit enzymatique et autres troubles héréditaires - "" Autres """,true,false,true,false,false,,inconnu_atih,OWL_ANS,emissible,2548
M14.09,XIII,XIII/M14.09.md,"Arthropathie goutteuse due à un déficit enzymatique et autres troubles héréditaires - "" Siège non précisé """,true,false,true,false,false,,inconnu_atih,OWL_ANS,emissible,2480
M14.1,XIII,XIII/M14.1.md,Arthropathie à microcristaux au cours d'autres troubles métaboliques classés ailleurs,true,false,true,false,false,0,codable,OWL_ANS,emissible,2385
M14.10,XIII,XIII/M14.10.md,"Arthropathie à microcristaux au cours d'autres troubles métaboliques classés ailleurs - "" Sièges multiples """,true,false,true,false,false,,inconnu_atih,OWL_ANS,emissible,2450
M14.11,XIII,XIII/M14.11.md,"Arthropathie à microcristaux au cours d'autres troubles métaboliques classés ailleurs - "" Région scapulaire """,true,false,true,false,false,,inconnu_atih,OWL_ANS,emissible,2595
M14.12,XIII,XIII/M14.12.md,"Arthropathie à microcristaux au cours d'autres troubles métaboliques classés ailleurs - "" Bras """,true,false,true,false,false,,inconnu_atih,OWL_ANS,emissible,2493
M14.13,XIII,XIII/M14.13.md,"Arthropathie à microcristaux au cours d'autres troubles métaboliques classés ailleurs - "" Avant-bras """,true,false,true,false,false,,inconnu_atih,OWL_ANS,emissible,2510
M14.14,XIII,XIII/M14.14.md,"Arthropathie à microcristaux au cours d'autres troubles métaboliques classés ailleurs - "" Main """,true,false,true,false,false,,inconnu_atih,OWL_ANS,emissible,2517
M14.15,XIII,XIII/M14.15.md,"Arthropathie à microcristaux au cours d'autres troubles métaboliques classés ailleurs - "" Région pelvienne et cuisse """,true,false,true,false,false,,inconnu_atih,OWL_ANS,emissible,2564
M14.16,XIII,XIII/M14.16.md,"Arthropathie à microcristaux au cours d'autres troubles métaboliques classés ailleurs - "" Jambe """,true,false,true,false,false,,inconnu_atih,OWL_ANS,emissible,2501
M14.17,XIII,XIII/M14.17.md,"Arthropathie à microcristaux au cours d'autres troubles métaboliques classés ailleurs - "" Cheville et pied """,true,false,true,false,false,,inconnu_atih,OWL_ANS,emissible,2562
M14.18,XIII,XIII/M14.18.md,"Arthropathie à microcristaux au cours d'autres troubles métaboliques classés ailleurs - "" Autres """,true,false,true,false,false,,inconnu_atih,OWL_ANS,emissible,2519
M14.19,XIII,XIII/M14.19.md,"Arthropathie à microcristaux au cours d'autres troubles métaboliques classés ailleurs - "" Siège non précisé """,true,false,true,false,false,,inconnu_atih,OWL_ANS,emissible,2451
M14.2,XIII,XIII/M14.2.md,Arthropathie diabétique ( avec le quatrième caractère .6) ,false,false,true,false,true,0,codable,OWL_ANS,emissible,2518
M14.20,XIII,XIII/M14.20.md,"Arthropathie diabétique ( (E10-E14)  avec le quatrième caractère .6)  - "" Sièges multiples """,false,false,true,false,false,,inconnu_atih,OWL_ANS,emissible,2330
M14.21,XIII,XIII/M14.21.md,"Arthropathie diabétique ( (E10-E14)  avec le quatrième caractère .6)  - "" Région scapulaire """,true,false,true,false,false,,inconnu_atih,OWL_ANS,emissible,2506
M14.22,XIII,XIII/M14.22.md,"Arthropathie diabétique ( (E10-E14)  avec le quatrième caractère .6)  - "" Bras """,true,false,true,false,false,,inconnu_atih,OWL_ANS,emissible,2404
M14.23,XIII,XIII/M14.23.md,"Arthropathie diabétique ( (E10-E14)  avec le quatrième caractère .6)  - "" Avant-bras """,true,false,true,false,false,,inconnu_atih,OWL_ANS,emissible,2421
M14.24,XIII,XIII/M14.24.md,"Arthropathie diabétique ( (E10-E14)  avec le quatrième caractère .6)  - "" Main """,true,false,true,false,false,,inconnu_atih,OWL_ANS,emissible,2428
M14.25,XIII,XIII/M14.25.md,"Arthropathie diabétique ( (E10-E14)  avec le quatrième caractère .6)  - "" Région pelvienne et cuisse """,true,false,true,false,false,,inconnu_atih,OWL_ANS,emissible,2475
M14.26,XIII,XIII/M14.26.md,"Arthropathie diabétique ( (E10-E14)  avec le quatrième caractère .6)  - "" Jambe """,true,false,true,false,false,,inconnu_atih,OWL_ANS,emissible,2412
M14.27,XIII,XIII/M14.27.md,"Arthropathie diabétique ( (E10-E14)  avec le quatrième caractère .6)  - "" Cheville et pied """,true,false,true,false,false,,inconnu_atih,OWL_ANS,emissible,2473
M14.28,XIII,XIII/M14.28.md,"Arthropathie diabétique ( (E10-E14)  avec le quatrième caractère .6)  - "" Autres """,true,false,true,false,false,,inconnu_atih,OWL_ANS,emissible,2430
M14.29,XIII,XIII/M14.29.md,"Arthropathie diabétique ( (E10-E14)  avec le quatrième caractère .6)  - "" Siège non précisé """,false,false,true,false,false,,inconnu_atih,OWL_ANS,emissible,2331
M14.3,XIII,XIII/M14.3.md,Dermatoarthrite lipoïde ,false,false,true,false,false,0,codable,OWL_ANS,emissible,2211
M14.30,XIII,XIII/M14.30.md,"Dermatoarthrite lipoïde (E78.8)   - "" Sièges multiples """,false,false,true,false,false,,inconnu_atih,OWL_ANS,emissible,2253
M14.31,XIII,XIII/M14.31.md,"Dermatoarthrite lipoïde (E78.8)   - "" Région scapulaire """,true,false,true,false,false,,inconnu_atih,OWL_ANS,emissible,2429
M14.32,XIII,XIII/M14.32.md,"Dermatoarthrite lipoïde (E78.8)   - "" Bras """,true,false,true,false,false,,inconnu_atih,OWL_ANS,emissible,2327
M14.33,XIII,XIII/M14.33.md,"Dermatoarthrite lipoïde (E78.8)   - "" Avant-bras """,true,false,true,false,false,,inconnu_atih,OWL_ANS,emissible,2344
M14.34,XIII,XIII/M14.34.md,"Dermatoarthrite lipoïde (E78.8)   - "" Main """,true,false,true,false,false,,inconnu_atih,OWL_ANS,emissible,2351
M14.35,XIII,XIII/M14.35.md,"Dermatoarthrite lipoïde (E78.8)   - "" Région pelvienne et cuisse """,true,false,true,false,false,,inconnu_atih,OWL_ANS,emissible,2398
M14.36,XIII,XIII/M14.36.md,"Dermatoarthrite lipoïde (E78.8)   - "" Jambe """,true,false,true,false,false,,inconnu_atih,OWL_ANS,emissible,2335
M14.37,XIII,XIII/M14.37.md,"Dermatoarthrite lipoïde (E78.8)   - "" Cheville et pied """,true,false,true,false,false,,inconnu_atih,OWL_ANS,emissible,2396
M14.38,XIII,XIII/M14.38.md,"Dermatoarthrite lipoïde (E78.8)   - "" Autres """,true,false,true,false,false,,inconnu_atih,OWL_ANS,emissible,2353
M14.39,XIII,XIII/M14.39.md,"Dermatoarthrite lipoïde (E78.8)   - "" Siège non précisé """,false,false,true,false,false,,inconnu_atih,OWL_ANS,emissible,2254
M14.4,XIII,XIII/M14.4.md,Arthropathie au cours d'amylose ,false,false,true,false,true,0,codable,OWL_ANS,emissible,2296
M14.40,XIII,XIII/M14.40.md,"Arthropathie au cours d'amylose (E85.-)   - "" Sièges multiples """,false,false,true,false,false,,inconnu_atih,OWL_ANS,emissible,2261
M14.41,XIII,XIII/M14.41.md,"Arthropathie au cours d'amylose (E85.-)   - "" Région scapulaire """,true,false,true,false,false,,inconnu_atih,OWL_ANS,emissible,2437
M14.42,XIII,XIII/M14.42.md,"Arthropathie au cours d'amylose (E85.-)   - "" Bras """,true,false,true,false,false,,inconnu_atih,OWL_ANS,emissible,2335
M14.43,XIII,XIII/M14.43.md,"Arthropathie au cours d'amylose (E85.-)   - "" Avant-bras """,true,false,true,false,false,,inconnu_atih,OWL_ANS,emissible,2352
M14.44,XIII,XIII/M14.44.md,"Arthropathie au cours d'amylose (E85.-)   - "" Main """,true,false,true,false,false,,inconnu_atih,OWL_ANS,emissible,2359
M14.45,XIII,XIII/M14.45.md,"Arthropathie au cours d'amylose (E85.-)   - "" Région pelvienne et cuisse """,true,false,true,false,false,,inconnu_atih,OWL_ANS,emissible,2406
M14.46,XIII,XIII/M14.46.md,"Arthropathie au cours d'amylose (E85.-)   - "" Jambe """,true,false,true,false,false,,inconnu_atih,OWL_ANS,emissible,2343
M14.47,XIII,XIII/M14.47.md,"Arthropathie au cours d'amylose (E85.-)   - "" Cheville et pied """,true,false,true,false,false,,inconnu_atih,OWL_ANS,emissible,2404
M14.48,XIII,XIII/M14.48.md,"Arthropathie au cours d'amylose (E85.-)   - "" Autres """,true,false,true,false,false,,inconnu_atih,OWL_ANS,emissible,2361
M14.49,XIII,XIII/M14.49.md,"Arthropathie au cours d'amylose (E85.-)   - "" Siège non précisé """,false,false,true,false,false,,inconnu_atih,OWL_ANS,emissible,2262
M14.5,XIII,XIII/M14.5.md,"Arthropathie au cours d'autres maladies endocriniennes, nutritionnelles et métaboliques",true,false,true,false,true,0,codable,OWL_ANS,emissible,2799
M14.50,XIII,XIII/M14.50.md,"Arthropathie au cours d'autres maladies endocriniennes, nutritionnelles et métaboliques - "" Sièges multiples """,true,false,true,false,false,,inconnu_atih,OWL_ANS,emissible,2548
M14.51,XIII,XIII/M14.51.md,"Arthropathie au cours d'autres maladies endocriniennes, nutritionnelles et métaboliques - "" Région scapulaire """,true,false,true,false,false,,inconnu_atih,OWL_ANS,emissible,2693
M14.52,XIII,XIII/M14.52.md,"Arthropathie au cours d'autres maladies endocriniennes, nutritionnelles et métaboliques - "" Bras """,true,false,true,false,false,,inconnu_atih,OWL_ANS,emissible,2591
M14.53,XIII,XIII/M14.53.md,"Arthropathie au cours d'autres maladies endocriniennes, nutritionnelles et métaboliques - "" Avant-bras """,true,false,true,false,false,,inconnu_atih,OWL_ANS,emissible,2608
M14.54,XIII,XIII/M14.54.md,"Arthropathie au cours d'autres maladies endocriniennes, nutritionnelles et métaboliques - "" Main """,true,false,true,false,false,,inconnu_atih,OWL_ANS,emissible,2615
M14.55,XIII,XIII/M14.55.md,"Arthropathie au cours d'autres maladies endocriniennes, nutritionnelles et métaboliques - "" Région pelvienne et cuisse """,true,false,true,false,false,,inconnu_atih,OWL_ANS,emissible,2662
M14.56,XIII,XIII/M14.56.md,"Arthropathie au cours d'autres maladies endocriniennes, nutritionnelles et métaboliques - "" Jambe """,true,false,true,false,false,,inconnu_atih,OWL_ANS,emissible,2599
M14.57,XIII,XIII/M14.57.md,"Arthropathie au cours d'autres maladies endocriniennes, nutritionnelles et métaboliques - "" Cheville et pied """,true,false,true,false,false,,inconnu_atih,OWL_ANS,emissible,2660
M14.58,XIII,XIII/M14.58.md,"Arthropathie au cours d'autres maladies endocriniennes, nutritionnelles et métaboliques - "" Autres """,true,false,true,false,false,,inconnu_atih,OWL_ANS,emissible,2617
M14.59,XIII,XIII/M14.59.md,"Arthropathie au cours d'autres maladies endocriniennes, nutritionnelles et métaboliques - "" Siège non précisé """,true,false,true,false,false,,inconnu_atih,OWL_ANS,emissible,2549
M14.6,XIII,XIII/M14.6.md,Arthropathie nerveuse,true,false,true,false,true,0,codable,OWL_ANS,emissible,2524
M14.60,XIII,XIII/M14.60.md,"Arthropathie nerveuse - "" Sièges multiples """,true,false,true,false,false,,inconnu_atih,OWL_ANS,emissible,2531
M14.61,XIII,XIII/M14.61.md,"Arthropathie nerveuse - "" Région scapulaire """,true,false,true,false,false,,inconnu_atih,OWL_ANS,emissible,2676
M14.62,XIII,XIII/M14.62.md,"Arthropathie nerveuse - "" Bras """,true,false,true,false,false,,inconnu_atih,OWL_ANS,emissible,2574
M14.63,XIII,XIII/M14.63.md,"Arthropathie nerveuse - "" Avant-bras """,true,false,true,false,false,,inconnu_atih,OWL_ANS,emissible,2591
M14.64,XIII,XIII/M14.64.md,"Arthropathie nerveuse - "" Main """,true,false,true,false,false,,inconnu_atih,OWL_ANS,emissible,2598
M14.65,XIII,XIII/M14.65.md,"Arthropathie nerveuse - "" Région pelvienne et cuisse """,true,false,true,false,false,,inconnu_atih,OWL_ANS,emissible,2645
M14.66,XIII,XIII/M14.66.md,"Arthropathie nerveuse - "" Jambe """,true,false,true,false,false,,inconnu_atih,OWL_ANS,emissible,2582
M14.67,XIII,XIII/M14.67.md,"Arthropathie nerveuse - "" Cheville et pied """,true,false,true,false,false,,inconnu_atih,OWL_ANS,emissible,2643
M14.68,XIII,XIII/M14.68.md,"Arthropathie nerveuse - "" Autres """,true,false,true,false,false,,inconnu_atih,OWL_ANS,emissible,2600
M14.69,XIII,XIII/M14.69.md,"Arthropathie nerveuse - "" Siège non précisé """,true,false,true,false,false,,inconnu_atih,OWL_ANS,emissible,2532
M14.8,XIII,XIII/M14.8.md,Arthropathie au cours d'autres maladies précisées classées ailleurs,true,false,true,false,true,0,codable,OWL_ANS,emissible,3326
M14.80,XIII,XIII/M14.80.md,"Arthropathie au cours d'autres maladies précisées classées ailleurs - "" Sièges multiples """,true,false,true,false,false,,inconnu_atih,OWL_ANS,emissible,2501
M14.81,XIII,XIII/M14.81.md,"Arthropathie au cours d'autres maladies précisées classées ailleurs - "" Région scapulaire """,true,false,true,false,false,,inconnu_atih,OWL_ANS,emissible,2646
M14.82,XIII,XIII/M14.82.md,"Arthropathie au cours d'autres maladies précisées classées ailleurs - "" Bras """,true,false,true,false,false,,inconnu_atih,OWL_ANS,emissible,2544
M14.83,XIII,XIII/M14.83.md,"Arthropathie au cours d'autres maladies précisées classées ailleurs - "" Avant-bras """,true,false,true,false,false,,inconnu_atih,OWL_ANS,emissible,2561
M14.84,XIII,XIII/M14.84.md,"Arthropathie au cours d'autres maladies précisées classées ailleurs - "" Main """,true,false,true,false,false,,inconnu_atih,OWL_ANS,emissible,2568
M14.85,XIII,XIII/M14.85.md,"Arthropathie au cours d'autres maladies précisées classées ailleurs - "" Région pelvienne et cuisse """,true,false,true,false,false,,inconnu_atih,OWL_ANS,emissible,2615
M14.86,XIII,XIII/M14.86.md,"Arthropathie au cours d'autres maladies précisées classées ailleurs - "" Jambe """,true,false,true,false,false,,inconnu_atih,OWL_ANS,emissible,2552
M14.87,XIII,XIII/M14.87.md,"Arthropathie au cours d'autres maladies précisées classées ailleurs - "" Cheville et pied """,true,false,true,false,false,,inconnu_atih,OWL_ANS,emissible,2613
M14.88,XIII,XIII/M14.88.md,"Arthropathie au cours d'autres maladies précisées classées ailleurs - "" Autres """,true,false,true,false,false,,inconnu_atih,OWL_ANS,emissible,2570
M14.89,XIII,XIII/M14.89.md,"Arthropathie au cours d'autres maladies précisées classées ailleurs - "" Siège non précisé """,true,false,true,false,false,,inconnu_atih,OWL_ANS,emissible,2502
M15.0,XIII,XIII/M15.0.md,(Ostéo)arthrose primaire généralisée,true,false,true,false,true,0,codable,OWL_ANS,emissible,2571
M15.00,XIII,XIII/M15.00.md,"(Ostéo)arthrose primaire généralisée - "" Sièges multiples """,true,false,true,false,false,,inconnu_atih,OWL_ANS,emissible,2508
M15.01,XIII,XIII/M15.01.md,"(Ostéo)arthrose primaire généralisée - "" Région scapulaire """,true,false,true,false,false,,inconnu_atih,OWL_ANS,emissible,2653
M15.02,XIII,XIII/M15.02.md,"(Ostéo)arthrose primaire généralisée - "" Bras """,true,false,true,false,false,,inconnu_atih,OWL_ANS,emissible,2551
M15.03,XIII,XIII/M15.03.md,"(Ostéo)arthrose primaire généralisée - "" Avant-bras """,true,false,true,false,false,,inconnu_atih,OWL_ANS,emissible,2568
M15.04,XIII,XIII/M15.04.md,"(Ostéo)arthrose primaire généralisée - "" Main """,true,false,true,false,false,,inconnu_atih,OWL_ANS,emissible,2575
M15.05,XIII,XIII/M15.05.md,"(Ostéo)arthrose primaire généralisée - "" Région pelvienne et cuisse """,true,false,true,false,false,,inconnu_atih,OWL_ANS,emissible,2622
M15.06,XIII,XIII/M15.06.md,"(Ostéo)arthrose primaire généralisée - "" Jambe """,true,false,true,false,false,,inconnu_atih,OWL_ANS,emissible,2559
M15.07,XIII,XIII/M15.07.md,"(Ostéo)arthrose primaire généralisée - "" Cheville et pied """,true,false,true,false,false,,inconnu_atih,OWL_ANS,emissible,2620
M15.08,XIII,XIII/M15.08.md,"(Ostéo)arthrose primaire généralisée - "" Autres """,true,false,true,false,false,,inconnu_atih,OWL_ANS,emissible,2577
M15.09,XIII,XIII/M15.09.md,"(Ostéo)arthrose primaire généralisée - "" Siège non précisé """,true,false,true,false,false,,inconnu_atih,OWL_ANS,emissible,2509
M15.1,XIII,XIII/M15.1.md,Nodosités d'Heberden (avec arthropathie),true,false,true,false,true,0,codable,OWL_ANS,emissible,2599
M15.10,XIII,XIII/M15.10.md,"Nodosités d'Heberden (avec arthropathie) - "" Sièges multiples """,true,false,true,false,false,,inconnu_atih,OWL_ANS,emissible,2512
M15.11,XIII,XIII/M15.11.md,"Nodosités d'Heberden (avec arthropathie) - "" Région scapulaire """,true,false,true,false,false,,inconnu_atih,OWL_ANS,emissible,2657
M15.12,XIII,XIII/M15.12.md,"Nodosités d'Heberden (avec arthropathie) - "" Bras """,true,false,true,false,false,,inconnu_atih,OWL_ANS,emissible,2555
M15.13,XIII,XIII/M15.13.md,"Nodosités d'Heberden (avec arthropathie) - "" Avant-bras """,true,false,true,false,false,,inconnu_atih,OWL_ANS,emissible,2572
M15.14,XIII,XIII/M15.14.md,"Nodosités d'Heberden (avec arthropathie) - "" Main """,true,false,true,false,false,,inconnu_atih,OWL_ANS,emissible,2579
M15.15,XIII,XIII/M15.15.md,"Nodosités d'Heberden (avec arthropathie) - "" Région pelvienne et cuisse """,true,false,true,false,false,,inconnu_atih,OWL_ANS,emissible,2626
M15.16,XIII,XIII/M15.16.md,"Nodosités d'Heberden (avec arthropathie) - "" Jambe """,true,false,true,false,false,,inconnu_atih,OWL_ANS,emissible,2563
M15.17,XIII,XIII/M15.17.md,"Nodosités d'Heberden (avec arthropathie) - "" Cheville et pied """,true,false,true,false,false,,inconnu_atih,OWL_ANS,emissible,2624
M15.18,XIII,XIII/M15.18.md,"Nodosités d'Heberden (avec arthropathie) - "" Autres """,true,false,true,false,false,,inconnu_atih,OWL_ANS,emissible,2581
M15.19,XIII,XIII/M15.19.md,"Nodosités d'Heberden (avec arthropathie) - "" Siège non précisé """,true,false,true,false,false,,inconnu_atih,OWL_ANS,emissible,2513
M15.2,XIII,XIII/M15.2.md,Nodosités de Bouchard (avec arthropathie),true,false,true,false,true,0,codable,OWL_ANS,emissible,2567
M15.20,XIII,XIII/M15.20.md,"Nodosités de Bouchard (avec arthropathie) - "" Sièges multiples """,true,false,true,false,false,,inconnu_atih,OWL_ANS,emissible,2513
M15.21,XIII,XIII/M15.21.md,"Nodosités de Bouchard (avec arthropathie) - "" Région scapulaire """,true,false,true,false,false,,inconnu_atih,OWL_ANS,emissible,2658
M15.22,XIII,XIII/M15.22.md,"Nodosités de Bouchard (avec arthropathie) - "" Bras """,true,false,true,false,false,,inconnu_atih,OWL_ANS,emissible,2556
M15.23,XIII,XIII/M15.23.md,"Nodosités de Bouchard (avec arthropathie) - "" Avant-bras """,true,false,true,false,false,,inconnu_atih,OWL_ANS,emissible,2573
M15.24,XIII,XIII/M15.24.md,"Nodosités de Bouchard (avec arthropathie) - "" Main """,true,false,true,false,false,,inconnu_atih,OWL_ANS,emissible,2580
M15.25,XIII,XIII/M15.25.md,"Nodosités de Bouchard (avec arthropathie) - "" Région pelvienne et cuisse """,true,false,true,false,false,,inconnu_atih,OWL_ANS,emissible,2627
M15.26,XIII,XIII/M15.26.md,"Nodosités de Bouchard (avec arthropathie) - "" Jambe """,true,false,true,false,false,,inconnu_atih,OWL_ANS,emissible,2564
M15.27,XIII,XIII/M15.27.md,"Nodosités de Bouchard (avec arthropathie) - "" Cheville et pied """,true,false,true,false,false,,inconnu_atih,OWL_ANS,emissible,2625
M15.28,XIII,XIII/M15.28.md,"Nodosités de Bouchard (avec arthropathie) - "" Autres """,true,false,true,false,false,,inconnu_atih,OWL_ANS,emissible,2582
M15.29,XIII,XIII/M15.29.md,"Nodosités de Bouchard (avec arthropathie) - "" Siège non précisé """,true,false,true,false,false,,inconnu_atih,OWL_ANS,emissible,2514
M15.3,XIII,XIII/M15.3.md,Arthrose secondaire multiple,true,false,true,false,true,0,codable,OWL_ANS,emissible,2618
M15.30,XIII,XIII/M15.30.md,"Arthrose secondaire multiple - "" Sièges multiples """,true,false,true,false,false,,inconnu_atih,OWL_ANS,emissible,2533
M15.31,XIII,XIII/M15.31.md,"Arthrose secondaire multiple - "" Région scapulaire """,true,false,true,false,false,,inconnu_atih,OWL_ANS,emissible,2678
M15.32,XIII,XIII/M15.32.md,"Arthrose secondaire multiple - "" Bras """,true,false,true,false,false,,inconnu_atih,OWL_ANS,emissible,2576
M15.33,XIII,XIII/M15.33.md,"Arthrose secondaire multiple - "" Avant-bras """,true,false,true,false,false,,inconnu_atih,OWL_ANS,emissible,2593
M15.34,XIII,XIII/M15.34.md,"Arthrose secondaire multiple - "" Main """,true,false,true,false,false,,inconnu_atih,OWL_ANS,emissible,2600
M15.35,XIII,XIII/M15.35.md,"Arthrose secondaire multiple - "" Région pelvienne et cuisse """,true,false,true,false,false,,inconnu_atih,OWL_ANS,emissible,2647
M15.36,XIII,XIII/M15.36.md,"Arthrose secondaire multiple - "" Jambe """,true,false,true,false,false,,inconnu_atih,OWL_ANS,emissible,2584
M15.37,XIII,XIII/M15.37.md,"Arthrose secondaire multiple - "" Cheville et pied """,true,false,true,false,false,,inconnu_atih,OWL_ANS,emissible,2645
M15.38,XIII,XIII/M15.38.md,"Arthrose secondaire multiple - "" Autres """,true,false,true,false,false,,inconnu_atih,OWL_ANS,emissible,2602
M15.39,XIII,XIII/M15.39.md,"Arthrose secondaire multiple - "" Siège non précisé """,true,false,true,false,false,,inconnu_atih,OWL_ANS,emissible,2534
M15.4,XIII,XIII/M15.4.md,(Ostéo)arthrose érosive,true,false,true,false,true,0,codable,OWL_ANS,emissible,2521
M15.40,XIII,XIII/M15.40.md,"(Ostéo)arthrose érosive - "" Sièges multiples """,true,false,true,false,false,,inconnu_atih,OWL_ANS,emissible,2495
M15.41,XIII,XIII/M15.41.md,"(Ostéo)arthrose érosive - "" Région scapulaire """,true,false,true,false,false,,inconnu_atih,OWL_ANS,emissible,2640
M15.42,XIII,XIII/M15.42.md,"(Ostéo)arthrose érosive - "" Bras """,true,false,true,false,false,,inconnu_atih,OWL_ANS,emissible,2538
M15.43,XIII,XIII/M15.43.md,"(Ostéo)arthrose érosive - "" Avant-bras """,true,false,true,false,false,,inconnu_atih,OWL_ANS,emissible,2555
M15.44,XIII,XIII/M15.44.md,"(Ostéo)arthrose érosive - "" Main """,true,false,true,false,false,,inconnu_atih,OWL_ANS,emissible,2562
M15.45,XIII,XIII/M15.45.md,"(Ostéo)arthrose érosive - "" Région pelvienne et cuisse """,true,false,true,false,false,,inconnu_atih,OWL_ANS,emissible,2609
M15.46,XIII,XIII/M15.46.md,"(Ostéo)arthrose érosive - "" Jambe """,true,false,true,false,false,,inconnu_atih,OWL_ANS,emissible,2546
M15.47,XIII,XIII/M15.47.md,"(Ostéo)arthrose érosive - "" Cheville et pied """,true,false,true,false,false,,inconnu_atih,OWL_ANS,emissible,2607
M15.48,XIII,XIII/M15.48.md,"(Ostéo)arthrose érosive - "" Autres """,true,false,true,false,false,,inconnu_atih,OWL_ANS,emissible,2564
M15.49,XIII,XIII/M15.49.md,"(Ostéo)arthrose érosive - "" Siège non précisé """,true,false,true,false,false,,inconnu_atih,OWL_ANS,emissible,2496
M15.8,XIII,XIII/M15.8.md,Autres polyarthroses,true,false,true,false,true,0,codable,OWL_ANS,emissible,2824
M15.80,XIII,XIII/M15.80.md,"Autres polyarthroses - "" Sièges multiples """,true,false,true,false,false,,inconnu_atih,OWL_ANS,emissible,2492
M15.81,XIII,XIII/M15.81.md,"Autres polyarthroses - "" Région scapulaire """,true,false,true,false,false,,inconnu_atih,OWL_ANS,emissible,2637
M15.82,XIII,XIII/M15.82.md,"Autres polyarthroses - "" Bras """,true,false,true,false,false,,inconnu_atih,OWL_ANS,emissible,2535
M15.83,XIII,XIII/M15.83.md,"Autres polyarthroses - "" Avant-bras """,true,false,true,false,false,,inconnu_atih,OWL_ANS,emissible,2552
M15.84,XIII,XIII/M15.84.md,"Autres polyarthroses - "" Main """,true,false,true,false,false,,inconnu_atih,OWL_ANS,emissible,2559
M15.85,XIII,XIII/M15.85.md,"Autres polyarthroses - "" Région pelvienne et cuisse """,true,false,true,false,false,,inconnu_atih,OWL_ANS,emissible,2606
M15.86,XIII,XIII/M15.86.md,"Autres polyarthroses - "" Jambe """,true,false,true,false,false,,inconnu_atih,OWL_ANS,emissible,2543
M15.87,XIII,XIII/M15.87.md,"Autres polyarthroses - "" Cheville et pied """,true,false,true,false,false,,inconnu_atih,OWL_ANS,emissible,2604
M15.88,XIII,XIII/M15.88.md,"Autres polyarthroses - "" Autres """,true,false,true,false,false,,inconnu_atih,OWL_ANS,emissible,2561
M15.89,XIII,XIII/M15.89.md,"Autres polyarthroses - "" Siège non précisé """,true,false,true,false,false,,inconnu_atih,OWL_ANS,emissible,2493
M15.9,XIII,XIII/M15.9.md,"Polyarthrose, sans précision",true,false,true,false,true,0,codable,OWL_ANS,emissible,2843
M15.90,XIII,XIII/M15.90.md,"Polyarthrose, sans précision - "" Sièges multiples """,true,false,true,false,false,,inconnu_atih,OWL_ANS,emissible,2534
M15.91,XIII,XIII/M15.91.md,"Polyarthrose, sans précision - "" Région scapulaire """,true,false,true,false,false,,inconnu_atih,OWL_ANS,emissible,2679
M15.92,XIII,XIII/M15.92.md,"Polyarthrose, sans précision - "" Bras """,true,false,true,false,false,,inconnu_atih,OWL_ANS,emissible,2577
M15.93,XIII,XIII/M15.93.md,"Polyarthrose, sans précision - "" Avant-bras """,true,false,true,false,false,,inconnu_atih,OWL_ANS,emissible,2594
M15.94,XIII,XIII/M15.94.md,"Polyarthrose, sans précision - "" Main """,true,false,true,false,false,,inconnu_atih,OWL_ANS,emissible,2601
M15.95,XIII,XIII/M15.95.md,"Polyarthrose, sans précision - "" Région pelvienne et cuisse """,true,false,true,false,false,,inconnu_atih,OWL_ANS,emissible,2648
M15.96,XIII,XIII/M15.96.md,"Polyarthrose, sans précision - "" Jambe """,true,false,true,false,false,,inconnu_atih,OWL_ANS,emissible,2585
M15.97,XIII,XIII/M15.97.md,"Polyarthrose, sans précision - "" Cheville et pied """,true,false,true,false,false,,inconnu_atih,OWL_ANS,emissible,2646
M15.98,XIII,XIII/M15.98.md,"Polyarthrose, sans précision - "" Autres """,true,false,true,false,false,,inconnu_atih,OWL_ANS,emissible,2603
M15.99,XIII,XIII/M15.99.md,"Polyarthrose, sans précision - "" Siège non précisé """,true,false,true,false,false,,inconnu_atih,OWL_ANS,emissible,2535
M16.0,XIII,XIII/M16.0.md,"Coxarthrose primaire, bilatérale",false,false,true,false,true,0,codable,OWL_ANS,emissible,2341
M16.00,XIII,XIII/M16.00.md,"Coxarthrose primaire, bilatérale - "" Sièges multiples """,false,false,true,false,false,,inconnu_atih,OWL_ANS,emissible,2262
M16.01,XIII,XIII/M16.01.md,"Coxarthrose primaire, bilatérale - "" Région scapulaire """,true,false,true,false,false,,inconnu_atih,OWL_ANS,emissible,2438
M16.02,XIII,XIII/M16.02.md,"Coxarthrose primaire, bilatérale - "" Bras """,true,false,true,false,false,,inconnu_atih,OWL_ANS,emissible,2336
M16.03,XIII,XIII/M16.03.md,"Coxarthrose primaire, bilatérale - "" Avant-bras """,true,false,true,false,false,,inconnu_atih,OWL_ANS,emissible,2353
M16.04,XIII,XIII/M16.04.md,"Coxarthrose primaire, bilatérale - "" Main """,true,false,true,false,false,,inconnu_atih,OWL_ANS,emissible,2360
M16.05,XIII,XIII/M16.05.md,"Coxarthrose primaire, bilatérale - "" Région pelvienne et cuisse """,true,false,true,false,false,,inconnu_atih,OWL_ANS,emissible,2407
M16.06,XIII,XIII/M16.06.md,"Coxarthrose primaire, bilatérale - "" Jambe """,true,false,true,false,false,,inconnu_atih,OWL_ANS,emissible,2344
M16.07,XIII,XIII/M16.07.md,"Coxarthrose primaire, bilatérale - "" Cheville et pied """,true,false,true,false,false,,inconnu_atih,OWL_ANS,emissible,2405
M16.08,XIII,XIII/M16.08.md,"Coxarthrose primaire, bilatérale - "" Autres """,true,false,true,false,false,,inconnu_atih,OWL_ANS,emissible,2362
M16.09,XIII,XIII/M16.09.md,"Coxarthrose primaire, bilatérale - "" Siège non précisé """,false,false,true,false,false,,inconnu_atih,OWL_ANS,emissible,2263
M16.1,XIII,XIII/M16.1.md,Autres coxarthroses primaires,true,false,true,false,true,0,codable,OWL_ANS,emissible,2446
M16.10,XIII,XIII/M16.10.md,"Autres coxarthroses primaires - "" Sièges multiples """,true,false,true,false,false,,inconnu_atih,OWL_ANS,emissible,2382
M16.11,XIII,XIII/M16.11.md,"Autres coxarthroses primaires - "" Région scapulaire """,true,false,true,false,false,,inconnu_atih,OWL_ANS,emissible,2527
M16.12,XIII,XIII/M16.12.md,"Autres coxarthroses primaires - "" Bras """,true,false,true,false,false,,inconnu_atih,OWL_ANS,emissible,2425
M16.13,XIII,XIII/M16.13.md,"Autres coxarthroses primaires - "" Avant-bras """,true,false,true,false,false,,inconnu_atih,OWL_ANS,emissible,2442
M16.14,XIII,XIII/M16.14.md,"Autres coxarthroses primaires - "" Main """,true,false,true,false,false,,inconnu_atih,OWL_ANS,emissible,2449
M16.15,XIII,XIII/M16.15.md,"Autres coxarthroses primaires - "" Région pelvienne et cuisse """,true,false,true,false,false,,inconnu_atih,OWL_ANS,emissible,2496
M16.16,XIII,XIII/M16.16.md,"Autres coxarthroses primaires - "" Jambe """,true,false,true,false,false,,inconnu_atih,OWL_ANS,emissible,2433
M16.17,XIII,XIII/M16.17.md,"Autres coxarthroses primaires - "" Cheville et pied """,true,false,true,false,false,,inconnu_atih,OWL_ANS,emissible,2494
M16.18,XIII,XIII/M16.18.md,"Autres coxarthroses primaires - "" Autres """,true,false,true,false,false,,inconnu_atih,OWL_ANS,emissible,2451
M16.19,XIII,XIII/M16.19.md,"Autres coxarthroses primaires - "" Siège non précisé """,true,false,true,false,false,,inconnu_atih,OWL_ANS,emissible,2383
M16.2,XIII,XIII/M16.2.md,"Coxarthrose d'origine dysplasique, bilatérale",false,false,true,false,true,0,codable,OWL_ANS,emissible,2322
M16.20,XIII,XIII/M16.20.md,"Coxarthrose d'origine dysplasique, bilatérale - "" Sièges multiples """,false,false,true,false,false,,inconnu_atih,OWL_ANS,emissible,2275
M16.21,XIII,XIII/M16.21.md,"Coxarthrose d'origine dysplasique, bilatérale - "" Région scapulaire """,true,false,true,false,false,,inconnu_atih,OWL_ANS,emissible,2451
M16.22,XIII,XIII/M16.22.md,"Coxarthrose d'origine dysplasique, bilatérale - "" Bras """,true,false,true,false,false,,inconnu_atih,OWL_ANS,emissible,2349
M16.23,XIII,XIII/M16.23.md,"Coxarthrose d'origine dysplasique, bilatérale - "" Avant-bras """,true,false,true,false,false,,inconnu_atih,OWL_ANS,emissible,2366
M16.24,XIII,XIII/M16.24.md,"Coxarthrose d'origine dysplasique, bilatérale - "" Main """,true,false,true,false,false,,inconnu_atih,OWL_ANS,emissible,2373
M16.25,XIII,XIII/M16.25.md,"Coxarthrose d'origine dysplasique, bilatérale - "" Région pelvienne et cuisse """,true,false,true,false,false,,inconnu_atih,OWL_ANS,emissible,2420
M16.26,XIII,XIII/M16.26.md,"Coxarthrose d'origine dysplasique, bilatérale - "" Jambe """,true,false,true,false,false,,inconnu_atih,OWL_ANS,emissible,2357
M16.27,XIII,XIII/M16.27.md,"Coxarthrose d'origine dysplasique, bilatérale - "" Cheville et pied """,true,false,true,false,false,,inconnu_atih,OWL_ANS,emissible,2418
M16.28,XIII,XIII/M16.28.md,"Coxarthrose d'origine dysplasique, bilatérale - "" Autres """,true,false,true,false,false,,inconnu_atih,OWL_ANS,emissible,2375
M16.29,XIII,XIII/M16.29.md,"Coxarthrose d'origine dysplasique, bilatérale - "" Siège non précisé """,false,false,true,false,false,,inconnu_atih,OWL_ANS,emissible,2276
M16.3,XIII,XIII/M16.3.md,Autres coxarthroses dysplasiques,true,false,true,false,true,0,codable,OWL_ANS,emissible,2437
M16.30,XIII,XIII/M16.30.md,"Autres coxarthroses dysplasiques - "" Sièges multiples """,true,false,true,false,false,,inconnu_atih,OWL_ANS,emissible,2388
M16.31,XIII,XIII/M16.31.md,"Autres coxarthroses dysplasiques - "" Région scapulaire """,true,false,true,false,false,,inconnu_atih,OWL_ANS,emissible,2533
M16.32,XIII,XIII/M16.32.md,"Autres coxarthroses dysplasiques - "" Bras """,true,false,true,false,false,,inconnu_atih,OWL_ANS,emissible,2431
M16.33,XIII,XIII/M16.33.md,"Autres coxarthroses dysplasiques - "" Avant-bras """,true,false,true,false,false,,inconnu_atih,OWL_ANS,emissible,2448
M16.34,XIII,XIII/M16.34.md,"Autres coxarthroses dysplasiques - "" Main """,true,false,true,false,false,,inconnu_atih,OWL_ANS,emissible,2455
M16.35,XIII,XIII/M16.35.md,"Autres coxarthroses dysplasiques - "" Région pelvienne et cuisse """,true,false,true,false,false,,inconnu_atih,OWL_ANS,emissible,2502
M16.36,XIII,XIII/M16.36.md,"Autres coxarthroses dysplasiques - "" Jambe """,true,false,true,false,false,,inconnu_atih,OWL_ANS,emissible,2439
M16.37,XIII,XIII/M16.37.md,"Autres coxarthroses dysplasiques - "" Cheville et pied """,true,false,true,false,false,,inconnu_atih,OWL_ANS,emissible,2500
M16.38,XIII,XIII/M16.38.md,"Autres coxarthroses dysplasiques - "" Autres """,true,false,true,false,false,,inconnu_atih,OWL_ANS,emissible,2457
M16.39,XIII,XIII/M16.39.md,"Autres coxarthroses dysplasiques - "" Siège non précisé """,true,false,true,false,false,,inconnu_atih,OWL_ANS,emissible,2389
M16.4,XIII,XIII/M16.4.md,"Coxarthrose posttraumatique, bilatérale",false,false,true,false,true,0,codable,OWL_ANS,emissible,2319
M16.40,XIII,XIII/M16.40.md,"Coxarthrose posttraumatique, bilatérale - "" Sièges multiples """,false,false,true,false,false,,inconnu_atih,OWL_ANS,emissible,2269
M16.41,XIII,XIII/M16.41.md,"Coxarthrose posttraumatique, bilatérale - "" Région scapulaire """,true,false,true,false,false,,inconnu_atih,OWL_ANS,emissible,2445
M16.42,XIII,XIII/M16.42.md,"Coxarthrose posttraumatique, bilatérale - "" Bras """,true,false,true,false,false,,inconnu_atih,OWL_ANS,emissible,2343
M16.43,XIII,XIII/M16.43.md,"Coxarthrose posttraumatique, bilatérale - "" Avant-bras """,true,false,true,false,false,,inconnu_atih,OWL_ANS,emissible,2360
M16.44,XIII,XIII/M16.44.md,"Coxarthrose posttraumatique, bilatérale - "" Main """,true,false,true,false,false,,inconnu_atih,OWL_ANS,emissible,2367
M16.45,XIII,XIII/M16.45.md,"Coxarthrose posttraumatique, bilatérale - "" Région pelvienne et cuisse """,true,false,true,false,false,,inconnu_atih,OWL_ANS,emissible,2414
M16.46,XIII,XIII/M16.46.md,"Coxarthrose posttraumatique, bilatérale - "" Jambe """,true,false,true,false,false,,inconnu_atih,OWL_ANS,emissible,2351
M16.47,XIII,XIII/M16.47.md,"Coxarthrose posttraumatique, bilatérale - "" Cheville et pied """,true,false,true,false,false,,inconnu_atih,OWL_ANS,emissible,2412
M16.48,XIII,XIII/M16.48.md,"Coxarthrose posttraumatique, bilatérale - "" Autres """,true,false,true,false,false,,inconnu_atih,OWL_ANS,emissible,2369
M16.49,XIII,XIII/M16.49.md,"Coxarthrose posttraumatique, bilatérale - "" Siège non précisé """,false,false,true,false,false,,inconnu_atih,OWL_ANS,emissible,2270
M16.5,XIII,XIII/M16.5.md,Autres coxarthroses posttraumatiques,true,false,true,false,true,0,codable,OWL_ANS,emissible,2454
M16.50,XIII,XIII/M16.50.md,"Autres coxarthroses posttraumatiques - "" Sièges multiples """,true,false,true,false,false,,inconnu_atih,OWL_ANS,emissible,2396
M16.51,XIII,XIII/M16.51.md,"Autres coxarthroses posttraumatiques - "" Région scapulaire """,true,false,true,false,false,,inconnu_atih,OWL_ANS,emissible,2541
M16.52,XIII,XIII/M16.52.md,"Autres coxarthroses posttraumatiques - "" Bras """,true,false,true,false,false,,inconnu_atih,OWL_ANS,emissible,2439
M16.53,XIII,XIII/M16.53.md,"Autres coxarthroses posttraumatiques - "" Avant-bras """,true,false,true,false,false,,inconnu_atih,OWL_ANS,emissible,2456
M16.54,XIII,XIII/M16.54.md,"Autres coxarthroses posttraumatiques - "" Main """,true,false,true,false,false,,inconnu_atih,OWL_ANS,emissible,2463
M16.55,XIII,XIII/M16.55.md,"Autres coxarthroses posttraumatiques - "" Région pelvienne et cuisse """,true,false,true,false,false,,inconnu_atih,OWL_ANS,emissible,2510
M16.56,XIII,XIII/M16.56.md,"Autres coxarthroses posttraumatiques - "" Jambe """,true,false,true,false,false,,inconnu_atih,OWL_ANS,emissible,2447
M16.57,XIII,XIII/M16.57.md,"Autres coxarthroses posttraumatiques - "" Cheville et pied """,true,false,true,false,false,,inconnu_atih,OWL_ANS,emissible,2508
M16.58,XIII,XIII/M16.58.md,"Autres coxarthroses posttraumatiques - "" Autres """,true,false,true,false,false,,inconnu_atih,OWL_ANS,emissible,2465
M16.59,XIII,XIII/M16.59.md,"Autres coxarthroses posttraumatiques - "" Siège non précisé """,true,false,true,false,false,,inconnu_atih,OWL_ANS,emissible,2397
M16.6,XIII,XIII/M16.6.md,"Autres coxarthroses secondaires, bilatérales",false,false,true,false,false,0,codable,OWL_ANS,emissible,2241
M16.60,XIII,XIII/M16.60.md,"Autres coxarthroses secondaires, bilatérales - "" Sièges multiples """,false,false,true,false,false,,inconnu_atih,OWL_ANS,emissible,2274
M16.61,XIII,XIII/M16.61.md,"Autres coxarthroses secondaires, bilatérales - "" Région scapulaire """,true,false,true,false,false,,inconnu_atih,OWL_ANS,emissible,2450
M16.62,XIII,XIII/M16.62.md,"Autres coxarthroses secondaires, bilatérales - "" Bras """,true,false,true,false,false,,inconnu_atih,OWL_ANS,emissible,2348
M16.63,XIII,XIII/M16.63.md,"Autres coxarthroses secondaires, bilatérales - "" Avant-bras """,true,false,true,false,false,,inconnu_atih,OWL_ANS,emissible,2365
M16.64,XIII,XIII/M16.64.md,"Autres coxarthroses secondaires, bilatérales - "" Main """,true,false,true,false,false,,inconnu_atih,OWL_ANS,emissible,2372
M16.65,XIII,XIII/M16.65.md,"Autres coxarthroses secondaires, bilatérales - "" Région pelvienne et cuisse """,true,false,true,false,false,,inconnu_atih,OWL_ANS,emissible,2419
M16.66,XIII,XIII/M16.66.md,"Autres coxarthroses secondaires, bilatérales - "" Jambe """,true,false,true,false,false,,inconnu_atih,OWL_ANS,emissible,2356
M16.67,XIII,XIII/M16.67.md,"Autres coxarthroses secondaires, bilatérales - "" Cheville et pied """,true,false,true,false,false,,inconnu_atih,OWL_ANS,emissible,2417
M16.68,XIII,XIII/M16.68.md,"Autres coxarthroses secondaires, bilatérales - "" Autres """,true,false,true,false,false,,inconnu_atih,OWL_ANS,emissible,2374
M16.69,XIII,XIII/M16.69.md,"Autres coxarthroses secondaires, bilatérales - "" Siège non précisé """,false,false,true,false,false,,inconnu_atih,OWL_ANS,emissible,2275
M16.7,XIII,XIII/M16.7.md,Autres coxarthroses secondaires,true,false,true,false,true,0,codable,OWL_ANS,emissible,2465
M16.70,XIII,XIII/M16.70.md,"Autres coxarthroses secondaires - "" Sièges multiples """,true,false,true,false,false,,inconnu_atih,OWL_ANS,emissible,2386
M16.71,XIII,XIII/M16.71.md,"Autres coxarthroses secondaires - "" Région scapulaire """,true,false,true,false,false,,inconnu_atih,OWL_ANS,emissible,2531
M16.72,XIII,XIII/M16.72.md,"Autres coxarthroses secondaires - "" Bras """,true,false,true,false,false,,inconnu_atih,OWL_ANS,emissible,2429
M16.73,XIII,XIII/M16.73.md,"Autres coxarthroses secondaires - "" Avant-bras """,true,false,true,false,false,,inconnu_atih,OWL_ANS,emissible,2446
M16.74,XIII,XIII/M16.74.md,"Autres coxarthroses secondaires - "" Main """,true,false,true,false,false,,inconnu_atih,OWL_ANS,emissible,2453
M16.75,XIII,XIII/M16.75.md,"Autres coxarthroses secondaires - "" Région pelvienne et cuisse """,true,false,true,false,false,,inconnu_atih,OWL_ANS,emissible,2500
M16.76,XIII,XIII/M16.76.md,"Autres coxarthroses secondaires - "" Jambe """,true,false,true,false,false,,inconnu_atih,OWL_ANS,emissible,2437
M16.77,XIII,XIII/M16.77.md,"Autres coxarthroses secondaires - "" Cheville et pied """,true,false,true,false,false,,inconnu_atih,OWL_ANS,emissible,2498
M16.78,XIII,XIII/M16.78.md,"Autres coxarthroses secondaires - "" Autres """,true,false,true,false,false,,inconnu_atih,OWL_ANS,emissible,2455
M16.79,XIII,XIII/M16.79.md,"Autres coxarthroses secondaires - "" Siège non précisé """,true,false,true,false,false,,inconnu_atih,OWL_ANS,emissible,2387
M16.9,XIII,XIII/M16.9.md,"Coxarthrose, sans précision",false,false,true,false,true,0,codable,OWL_ANS,emissible,2598
M16.90,XIII,XIII/M16.90.md,"Coxarthrose, sans précision - "" Sièges multiples """,false,false,true,false,false,,inconnu_atih,OWL_ANS,emissible,2257
M16.91,XIII,XIII/M16.91.md,"Coxarthrose, sans précision - "" Région scapulaire """,true,false,true,false,false,,inconnu_atih,OWL_ANS,emissible,2433
M16.92,XIII,XIII/M16.92.md,"Coxarthrose, sans précision - "" Bras """,true,false,true,false,false,,inconnu_atih,OWL_ANS,emissible,2331
M16.93,XIII,XIII/M16.93.md,"Coxarthrose, sans précision - "" Avant-bras """,true,false,true,false,false,,inconnu_atih,OWL_ANS,emissible,2348
M16.94,XIII,XIII/M16.94.md,"Coxarthrose, sans précision - "" Main """,true,false,true,false,false,,inconnu_atih,OWL_ANS,emissible,2355
M16.95,XIII,XIII/M16.95.md,"Coxarthrose, sans précision - "" Région pelvienne et cuisse """,true,false,true,false,false,,inconnu_atih,OWL_ANS,emissible,2402
M16.96,XIII,XIII/M16.96.md,"Coxarthrose, sans précision - "" Jambe """,true,false,true,false,false,,inconnu_atih,OWL_ANS,emissible,2339
M16.97,XIII,XIII/M16.97.md,"Coxarthrose, sans précision - "" Cheville et pied """,true,false,true,false,false,,inconnu_atih,OWL_ANS,emissible,2400
M16.98,XIII,XIII/M16.98.md,"Coxarthrose, sans précision - "" Autres """,true,false,true,false,false,,inconnu_atih,OWL_ANS,emissible,2357
M16.99,XIII,XIII/M16.99.md,"Coxarthrose, sans précision - "" Siège non précisé """,false,false,true,false,false,,inconnu_atih,OWL_ANS,emissible,2258
M17.0,XIII,XIII/M17.0.md,"Gonarthrose primaire, bilatérale",false,false,true,false,true,0,codable,OWL_ANS,emissible,2427
M17.00,XIII,XIII/M17.00.md,"Gonarthrose primaire, bilatérale - "" Sièges multiples """,false,false,true,false,false,,inconnu_atih,OWL_ANS,emissible,2262
M17.01,XIII,XIII/M17.01.md,"Gonarthrose primaire, bilatérale - "" Région scapulaire """,true,false,true,false,false,,inconnu_atih,OWL_ANS,emissible,2438
M17.02,XIII,XIII/M17.02.md,"Gonarthrose primaire, bilatérale - "" Bras """,true,false,true,false,false,,inconnu_atih,OWL_ANS,emissible,2336
M17.03,XIII,XIII/M17.03.md,"Gonarthrose primaire, bilatérale - "" Avant-bras """,true,false,true,false,false,,inconnu_atih,OWL_ANS,emissible,2353
M17.04,XIII,XIII/M17.04.md,"Gonarthrose primaire, bilatérale - "" Main """,true,false,true,false,false,,inconnu_atih,OWL_ANS,emissible,2360
M17.05,XIII,XIII/M17.05.md,"Gonarthrose primaire, bilatérale - "" Région pelvienne et cuisse """,true,false,true,false,false,,inconnu_atih,OWL_ANS,emissible,2407
M17.06,XIII,XIII/M17.06.md,"Gonarthrose primaire, bilatérale - "" Jambe """,true,false,true,false,false,,inconnu_atih,OWL_ANS,emissible,2344
M17.07,XIII,XIII/M17.07.md,"Gonarthrose primaire, bilatérale - "" Cheville et pied """,true,false,true,false,false,,inconnu_atih,OWL_ANS,emissible,2405
M17.08,XIII,XIII/M17.08.md,"Gonarthrose primaire, bilatérale - "" Autres """,true,false,true,false,false,,inconnu_atih,OWL_ANS,emissible,2362
M17.09,XIII,XIII/M17.09.md,"Gonarthrose primaire, bilatérale - "" Siège non précisé """,false,false,true,false,false,,inconnu_atih,OWL_ANS,emissible,2263
M17.1,XIII,XIII/M17.1.md,Autres gonarthroses primaires,true,false,true,false,true,0,codable,OWL_ANS,emissible,2563
M17.10,XIII,XIII/M17.10.md,"Autres gonarthroses primaires - "" Sièges multiples """,true,false,true,false,false,,inconnu_atih,OWL_ANS,emissible,2382
M17.11,XIII,XIII/M17.11.md,"Autres gonarthroses primaires - "" Région scapulaire """,true,false,true,false,false,,inconnu_atih,OWL_ANS,emissible,2527
M17.12,XIII,XIII/M17.12.md,"Autres gonarthroses primaires - "" Bras """,true,false,true,false,false,,inconnu_atih,OWL_ANS,emissible,2425
M17.13,XIII,XIII/M17.13.md,"Autres gonarthroses primaires - "" Avant-bras """,true,false,true,false,false,,inconnu_atih,OWL_ANS,emissible,2442
M17.14,XIII,XIII/M17.14.md,"Autres gonarthroses primaires - "" Main """,true,false,true,false,false,,inconnu_atih,OWL_ANS,emissible,2449
M17.15,XIII,XIII/M17.15.md,"Autres gonarthroses primaires - "" Région pelvienne et cuisse """,true,false,true,false,false,,inconnu_atih,OWL_ANS,emissible,2496
M17.16,XIII,XIII/M17.16.md,"Autres gonarthroses primaires - "" Jambe """,true,false,true,false,false,,inconnu_atih,OWL_ANS,emissible,2433
M17.17,XIII,XIII/M17.17.md,"Autres gonarthroses primaires - "" Cheville et pied """,true,false,true,false,false,,inconnu_atih,OWL_ANS,emissible,2494
M17.18,XIII,XIII/M17.18.md,"Autres gonarthroses primaires - "" Autres """,true,false,true,false,false,,inconnu_atih,OWL_ANS,emissible,2451
M17.19,XIII,XIII/M17.19.md,"Autres gonarthroses primaires - "" Siège non précisé """,true,false,true,false,false,,inconnu_atih,OWL_ANS,emissible,2383
M17.2,XIII,XIII/M17.2.md,"Gonarthrose posttraumatique, bilatérale",false,false,true,false,true,0,codable,OWL_ANS,emissible,2457
M17.20,XIII,XIII/M17.20.md,"Gonarthrose posttraumatique, bilatérale - "" Sièges multiples """,false,false,true,false,false,,inconnu_atih,OWL_ANS,emissible,2269
M17.21,XIII,XIII/M17.21.md,"Gonarthrose posttraumatique, bilatérale - "" Région scapulaire """,true,false,true,false,false,,inconnu_atih,OWL_ANS,emissible,2445
M17.22,XIII,XIII/M17.22.md,"Gonarthrose posttraumatique, bilatérale - "" Bras """,true,false,true,false,false,,inconnu_atih,OWL_ANS,emissible,2343
M17.23,XIII,XIII/M17.23.md,"Gonarthrose posttraumatique, bilatérale - "" Avant-bras """,true,false,true,false,false,,inconnu_atih,OWL_ANS,emissible,2360
M17.24,XIII,XIII/M17.24.md,"Gonarthrose posttraumatique, bilatérale - "" Main """,true,false,true,false,false,,inconnu_atih,OWL_ANS,emissible,2367
M17.25,XIII,XIII/M17.25.md,"Gonarthrose posttraumatique, bilatérale - "" Région pelvienne et cuisse """,true,false,true,false,false,,inconnu_atih,OWL_ANS,emissible,2414
M17.26,XIII,XIII/M17.26.md,"Gonarthrose posttraumatique, bilatérale - "" Jambe """,true,false,true,false,false,,inconnu_atih,OWL_ANS,emissible,2351
M17.27,XIII,XIII/M17.27.md,"Gonarthrose posttraumatique, bilatérale - "" Cheville et pied """,true,false,true,false,false,,inconnu_atih,OWL_ANS,emissible,2412
M17.28,XIII,XIII/M17.28.md,"Gonarthrose posttraumatique, bilatérale - "" Autres """,true,false,true,false,false,,inconnu_atih,OWL_ANS,emissible,2369
M17.29,XIII,XIII/M17.29.md,"Gonarthrose posttraumatique, bilatérale - "" Siège non précisé """,false,false,true,false,false,,inconnu_atih,OWL_ANS,emissible,2270
M17.3,XIII,XIII/M17.3.md,Autres gonarthroses posttraumatiques,true,false,true,false,true,0,codable,OWL_ANS,emissible,2608
M17.30,XIII,XIII/M17.30.md,"Autres gonarthroses posttraumatiques - "" Sièges multiples """,true,false,true,false,false,,inconnu_atih,OWL_ANS,emissible,2396
M17.31,XIII,XIII/M17.31.md,"Autres gonarthroses posttraumatiques - "" Région scapulaire """,true,false,true,false,false,,inconnu_atih,OWL_ANS,emissible,2541
M17.32,XIII,XIII/M17.32.md,"Autres gonarthroses posttraumatiques - "" Bras """,true,false,true,false,false,,inconnu_atih,OWL_ANS,emissible,2439
M17.33,XIII,XIII/M17.33.md,"Autres gonarthroses posttraumatiques - "" Avant-bras """,true,false,true,false,false,,inconnu_atih,OWL_ANS,emissible,2456
M17.34,XIII,XIII/M17.34.md,"Autres gonarthroses posttraumatiques - "" Main """,true,false,true,false,false,,inconnu_atih,OWL_ANS,emissible,2463
M17.35,XIII,XIII/M17.35.md,"Autres gonarthroses posttraumatiques - "" Région pelvienne et cuisse """,true,false,true,false,false,,inconnu_atih,OWL_ANS,emissible,2510
M17.36,XIII,XIII/M17.36.md,"Autres gonarthroses posttraumatiques - "" Jambe """,true,false,true,false,false,,inconnu_atih,OWL_ANS,emissible,2447
M17.37,XIII,XIII/M17.37.md,"Autres gonarthroses posttraumatiques - "" Cheville et pied """,true,false,true,false,false,,inconnu_atih,OWL_ANS,emissible,2508
M17.38,XIII,XIII/M17.38.md,"Autres gonarthroses posttraumatiques - "" Autres """,true,false,true,false,false,,inconnu_atih,OWL_ANS,emissible,2465
M17.39,XIII,XIII/M17.39.md,"Autres gonarthroses posttraumatiques - "" Siège non précisé """,true,false,true,false,false,,inconnu_atih,OWL_ANS,emissible,2397
M17.4,XIII,XIII/M17.4.md,"Autres gonarthroses secondaires, bilatérales",false,false,true,false,true,0,codable,OWL_ANS,emissible,2516
M17.40,XIII,XIII/M17.40.md,"Autres gonarthroses secondaires, bilatérales - "" Sièges multiples """,false,false,true,false,false,,inconnu_atih,OWL_ANS,emissible,2274
M17.41,XIII,XIII/M17.41.md,"Autres gonarthroses secondaires, bilatérales - "" Région scapulaire """,true,false,true,false,false,,inconnu_atih,OWL_ANS,emissible,2450
M17.42,XIII,XIII/M17.42.md,"Autres gonarthroses secondaires, bilatérales - "" Bras """,true,false,true,false,false,,inconnu_atih,OWL_ANS,emissible,2348
M17.43,XIII,XIII/M17.43.md,"Autres gonarthroses secondaires, bilatérales - "" Avant-bras """,true,false,true,false,false,,inconnu_atih,OWL_ANS,emissible,2365
M17.44,XIII,XIII/M17.44.md,"Autres gonarthroses secondaires, bilatérales - "" Main """,true,false,true,false,false,,inconnu_atih,OWL_ANS,emissible,2372
M17.45,XIII,XIII/M17.45.md,"Autres gonarthroses secondaires, bilatérales - "" Région pelvienne et cuisse """,true,false,true,false,false,,inconnu_atih,OWL_ANS,emissible,2419
M17.46,XIII,XIII/M17.46.md,"Autres gonarthroses secondaires, bilatérales - "" Jambe """,true,false,true,false,false,,inconnu_atih,OWL_ANS,emissible,2356
M17.47,XIII,XIII/M17.47.md,"Autres gonarthroses secondaires, bilatérales - "" Cheville et pied """,true,false,true,false,false,,inconnu_atih,OWL_ANS,emissible,2417
M17.48,XIII,XIII/M17.48.md,"Autres gonarthroses secondaires, bilatérales - "" Autres """,true,false,true,false,false,,inconnu_atih,OWL_ANS,emissible,2374
M17.49,XIII,XIII/M17.49.md,"Autres gonarthroses secondaires, bilatérales - "" Siège non précisé """,false,false,true,false,false,,inconnu_atih,OWL_ANS,emissible,2275
M17.5,XIII,XIII/M17.5.md,Autres gonarthroses secondaires,true,false,true,false,true,0,codable,OWL_ANS,emissible,2645
M17.50,XIII,XIII/M17.50.md,"Autres gonarthroses secondaires - "" Sièges multiples """,true,false,true,false,false,,inconnu_atih,OWL_ANS,emissible,2386
M17.51,XIII,XIII/M17.51.md,"Autres gonarthroses secondaires - "" Région scapulaire """,true,false,true,false,false,,inconnu_atih,OWL_ANS,emissible,2531
M17.52,XIII,XIII/M17.52.md,"Autres gonarthroses secondaires - "" Bras """,true,false,true,false,false,,inconnu_atih,OWL_ANS,emissible,2429
M17.53,XIII,XIII/M17.53.md,"Autres gonarthroses secondaires - "" Avant-bras """,true,false,true,false,false,,inconnu_atih,OWL_ANS,emissible,2446
M17.54,XIII,XIII/M17.54.md,"Autres gonarthroses secondaires - "" Main """,true,false,true,false,false,,inconnu_atih,OWL_ANS,emissible,2453
M17.55,XIII,XIII/M17.55.md,"Autres gonarthroses secondaires - "" Région pelvienne et cuisse """,true,false,true,false,false,,inconnu_atih,OWL_ANS,emissible,2500
M17.56,XIII,XIII/M17.56.md,"Autres gonarthroses secondaires - "" Jambe """,true,false,true,false,false,,inconnu_atih,OWL_ANS,emissible,2437
M17.57,XIII,XIII/M17.57.md,"Autres gonarthroses secondaires - "" Cheville et pied """,true,false,true,false,false,,inconnu_atih,OWL_ANS,emissible,2498
M17.58,XIII,XIII/M17.58.md,"Autres gonarthroses secondaires - "" Autres """,true,false,true,false,false,,inconnu_atih,OWL_ANS,emissible,2455
M17.59,XIII,XIII/M17.59.md,"Autres gonarthroses secondaires - "" Siège non précisé """,true,false,true,false,false,,inconnu_atih,OWL_ANS,emissible,2387
M17.9,XIII,XIII/M17.9.md,"Gonarthrose, sans précision",false,false,true,false,true,0,codable,OWL_ANS,emissible,2619
M17.90,XIII,XIII/M17.90.md,"Gonarthrose, sans précision - "" Sièges multiples """,false,false,true,false,false,,inconnu_atih,OWL_ANS,emissible,2257
M17.91,XIII,XIII/M17.91.md,"Gonarthrose, sans précision - "" Région scapulaire """,true,false,true,false,false,,inconnu_atih,OWL_ANS,emissible,2433
M17.92,XIII,XIII/M17.92.md,"Gonarthrose, sans précision - "" Bras """,true,false,true,false,false,,inconnu_atih,OWL_ANS,emissible,2331
M17.93,XIII,XIII/M17.93.md,"Gonarthrose, sans précision - "" Avant-bras """,true,false,true,false,false,,inconnu_atih,OWL_ANS,emissible,2348
M17.94,XIII,XIII/M17.94.md,"Gonarthrose, sans précision - "" Main """,true,false,true,false,false,,inconnu_atih,OWL_ANS,emissible,2355
M17.95,XIII,XIII/M17.95.md,"Gonarthrose, sans précision - "" Région pelvienne et cuisse """,true,false,true,false,false,,inconnu_atih,OWL_ANS,emissible,2402
M17.96,XIII,XIII/M17.96.md,"Gonarthrose, sans précision - "" Jambe """,true,false,true,false,false,,inconnu_atih,OWL_ANS,emissible,2339
M17.97,XIII,XIII/M17.97.md,"Gonarthrose, sans précision - "" Cheville et pied """,true,false,true,false,false,,inconnu_atih,OWL_ANS,emissible,2400
M17.98,XIII,XIII/M17.98.md,"Gonarthrose, sans précision - "" Autres """,true,false,true,false,false,,inconnu_atih,OWL_ANS,emissible,2357
M17.99,XIII,XIII/M17.99.md,"Gonarthrose, sans précision - "" Siège non précisé """,false,false,true,false,false,,inconnu_atih,OWL_ANS,emissible,2258
M18.0,XIII,XIII/M18.0.md,"Arthrose primaire de la première articulation carpométacarpienne, bilatérale",false,false,true,false,true,0,codable,OWL_ANS,emissible,2382
M18.00,XIII,XIII/M18.00.md,"Arthrose primaire de la première articulation carpométacarpienne, bilatérale - "" Sièges multiples """,false,false,true,false,false,,inconnu_atih,OWL_ANS,emissible,2306
M18.01,XIII,XIII/M18.01.md,"Arthrose primaire de la première articulation carpométacarpienne, bilatérale - "" Région scapulaire """,true,false,true,false,false,,inconnu_atih,OWL_ANS,emissible,2482
M18.02,XIII,XIII/M18.02.md,"Arthrose primaire de la première articulation carpométacarpienne, bilatérale - "" Bras """,true,false,true,false,false,,inconnu_atih,OWL_ANS,emissible,2380
M18.03,XIII,XIII/M18.03.md,"Arthrose primaire de la première articulation carpométacarpienne, bilatérale - "" Avant-bras """,true,false,true,false,false,,inconnu_atih,OWL_ANS,emissible,2397
M18.04,XIII,XIII/M18.04.md,"Arthrose primaire de la première articulation carpométacarpienne, bilatérale - "" Main """,true,false,true,false,false,,inconnu_atih,OWL_ANS,emissible,2404
M18.05,XIII,XIII/M18.05.md,"Arthrose primaire de la première articulation carpométacarpienne, bilatérale - "" Région pelvienne et cuisse """,true,false,true,false,false,,inconnu_atih,OWL_ANS,emissible,2451
M18.06,XIII,XIII/M18.06.md,"Arthrose primaire de la première articulation carpométacarpienne, bilatérale - "" Jambe """,true,false,true,false,false,,inconnu_atih,OWL_ANS,emissible,2388
M18.07,XIII,XIII/M18.07.md,"Arthrose primaire de la première articulation carpométacarpienne, bilatérale - "" Cheville et pied """,true,false,true,false,false,,inconnu_atih,OWL_ANS,emissible,2449
M18.08,XIII,XIII/M18.08.md,"Arthrose primaire de la première articulation carpométacarpienne, bilatérale - "" Autres """,true,false,true,false,false,,inconnu_atih,OWL_ANS,emissible,2406
M18.09,XIII,XIII/M18.09.md,"Arthrose primaire de la première articulation carpométacarpienne, bilatérale - "" Siège non précisé """,false,false,true,false,false,,inconnu_atih,OWL_ANS,emissible,2307
M18.1,XIII,XIII/M18.1.md,Autres arthroses primaires de la première articulation carpométacarpienne,true,false,true,false,true,0,codable,OWL_ANS,emissible,2591
M18.10,XIII,XIII/M18.10.md,"Autres arthroses primaires de la première articulation carpométacarpienne - "" Sièges multiples """,true,false,true,false,false,,inconnu_atih,OWL_ANS,emissible,2470
M18.11,XIII,XIII/M18.11.md,"Autres arthroses primaires de la première articulation carpométacarpienne - "" Région scapulaire """,true,false,true,false,false,,inconnu_atih,OWL_ANS,emissible,2615
M18.12,XIII,XIII/M18.12.md,"Autres arthroses primaires de la première articulation carpométacarpienne - "" Bras """,true,false,true,false,false,,inconnu_atih,OWL_ANS,emissible,2513
M18.13,XIII,XIII/M18.13.md,"Autres arthroses primaires de la première articulation carpométacarpienne - "" Avant-bras """,true,false,true,false,false,,inconnu_atih,OWL_ANS,emissible,2530
M18.14,XIII,XIII/M18.14.md,"Autres arthroses primaires de la première articulation carpométacarpienne - "" Main """,true,false,true,false,false,,inconnu_atih,OWL_ANS,emissible,2537
M18.15,XIII,XIII/M18.15.md,"Autres arthroses primaires de la première articulation carpométacarpienne - "" Région pelvienne et cuisse """,true,false,true,false,false,,inconnu_atih,OWL_ANS,emissible,2584
M18.16,XIII,XIII/M18.16.md,"Autres arthroses primaires de la première articulation carpométacarpienne - "" Jambe """,true,false,true,false,false,,inconnu_atih,OWL_ANS,emissible,2521
M18.17,XIII,XIII/M18.17.md,"Autres arthroses primaires de la première articulation carpométacarpienne - "" Cheville et pied """,true,false,true,false,false,,inconnu_atih,OWL_ANS,emissible,2582
M18.18,XIII,XIII/M18.18.md,"Autres arthroses primaires de la première articulation carpométacarpienne - "" Autres """,true,false,true,false,false,,inconnu_atih,OWL_ANS,emissible,2539
M18.19,XIII,XIII/M18.19.md,"Autres arthroses primaires de la première articulation carpométacarpienne - "" Siège non précisé """,true,false,true,false,false,,inconnu_atih,OWL_ANS,emissible,2471
M18.2,XIII,XIII/M18.2.md,"Arthrose posttraumatique de la première articulation carpométacarpienne, bilatérale",false,false,true,false,true,0,codable,OWL_ANS,emissible,2363
M18.20,XIII,XIII/M18.20.md,"Arthrose posttraumatique de la première articulation carpométacarpienne, bilatérale - "" Sièges multiples """,false,false,true,false,false,,inconnu_atih,OWL_ANS,emissible,2313
M18.21,XIII,XIII/M18.21.md,"Arthrose posttraumatique de la première articulation carpométacarpienne, bilatérale - "" Région scapulaire """,true,false,true,false,false,,inconnu_atih,OWL_ANS,emissible,2489
M18.22,XIII,XIII/M18.22.md,"Arthrose posttraumatique de la première articulation carpométacarpienne, bilatérale - "" Bras """,true,false,true,false,false,,inconnu_atih,OWL_ANS,emissible,2387
M18.23,XIII,XIII/M18.23.md,"Arthrose posttraumatique de la première articulation carpométacarpienne, bilatérale - "" Avant-bras """,true,false,true,false,false,,inconnu_atih,OWL_ANS,emissible,2404
M18.24,XIII,XIII/M18.24.md,"Arthrose posttraumatique de la première articulation carpométacarpienne, bilatérale - "" Main """,true,false,true,false,false,,inconnu_atih,OWL_ANS,emissible,2411
M18.25,XIII,XIII/M18.25.md,"Arthrose posttraumatique de la première articulation carpométacarpienne, bilatérale - "" Région pelvienne et cuisse """,true,false,true,false,false,,inconnu_atih,OWL_ANS,emissible,2458
M18.26,XIII,XIII/M18.26.md,"Arthrose posttraumatique de la première articulation carpométacarpienne, bilatérale - "" Jambe """,true,false,true,false,false,,inconnu_atih,OWL_ANS,emissible,2395
M18.27,XIII,XIII/M18.27.md,"Arthrose posttraumatique de la première articulation carpométacarpienne, bilatérale - "" Cheville et pied """,true,false,true,false,false,,inconnu_atih,OWL_ANS,emissible,2456
M18.28,XIII,XIII/M18.28.md,"Arthrose posttraumatique de la première articulation carpométacarpienne, bilatérale - "" Autres """,true,false,true,false,false,,inconnu_atih,OWL_ANS,emissible,2413
M18.29,XIII,XIII/M18.29.md,"Arthrose posttraumatique de la première articulation carpométacarpienne, bilatérale - "" Siège non précisé """,false,false,true,false,false,,inconnu_atih,OWL_ANS,emissible,2314
M18.3,XIII,XIII/M18.3.md,Autres arthroses posttraumatiques de la première articulation carpométacarpienne,true,false,true,false,true,0,codable,OWL_ANS,emissible,2588
M18.30,XIII,XIII/M18.30.md,"Autres arthroses posttraumatiques de la première articulation carpométacarpienne - "" Sièges multiples """,true,false,true,false,false,,inconnu_atih,OWL_ANS,emissible,2484
M18.31,XIII,XIII/M18.31.md,"Autres arthroses posttraumatiques de la première articulation carpométacarpienne - "" Région scapulaire """,true,false,true,false,false,,inconnu_atih,OWL_ANS,emissible,2629
M18.32,XIII,XIII/M18.32.md,"Autres arthroses posttraumatiques de la première articulation carpométacarpienne - "" Bras """,true,false,true,false,false,,inconnu_atih,OWL_ANS,emissible,2527
M18.33,XIII,XIII/M18.33.md,"Autres arthroses posttraumatiques de la première articulation carpométacarpienne - "" Avant-bras """,true,false,true,false,false,,inconnu_atih,OWL_ANS,emissible,2544
M18.34,XIII,XIII/M18.34.md,"Autres arthroses posttraumatiques de la première articulation carpométacarpienne - "" Main """,true,false,true,false,false,,inconnu_atih,OWL_ANS,emissible,2551
M18.35,XIII,XIII/M18.35.md,"Autres arthroses posttraumatiques de la première articulation carpométacarpienne - "" Région pelvienne et cuisse """,true,false,true,false,false,,inconnu_atih,OWL_ANS,emissible,2598
M18.36,XIII,XIII/M18.36.md,"Autres arthroses posttraumatiques de la première articulation carpométacarpienne - "" Jambe """,true,false,true,false,false,,inconnu_atih,OWL_ANS,emissible,2535
M18.37,XIII,XIII/M18.37.md,"Autres arthroses posttraumatiques de la première articulation carpométacarpienne - "" Cheville et pied """,true,false,true,false,false,,inconnu_atih,OWL_ANS,emissible,2596
M18.38,XIII,XIII/M18.38.md,"Autres arthroses posttraumatiques de la première articulation carpométacarpienne - "" Autres """,true,false,true,false,false,,inconnu_atih,OWL_ANS,emissible,2553
M18.39,XIII,XIII/M18.39.md,"Autres arthroses posttraumatiques de la première articulation carpométacarpienne - "" Siège non précisé """,true,false,true,false,false,,inconnu_atih,OWL_ANS,emissible,2485
M18.4,XIII,XIII/M18.4.md,"Autres arthroses secondaires de la première articulation carpométacarpienne, bilatérale",false,false,true,false,true,0,codable,OWL_ANS,emissible,2361
M18.40,XIII,XIII/M18.40.md,"Autres arthroses secondaires de la première articulation carpométacarpienne, bilatérale - "" Sièges multiples """,false,false,true,false,false,,inconnu_atih,OWL_ANS,emissible,2317
M18.41,XIII,XIII/M18.41.md,"Autres arthroses secondaires de la première articulation carpométacarpienne, bilatérale - "" Région scapulaire """,true,false,true,false,false,,inconnu_atih,OWL_ANS,emissible,2493
M18.42,XIII,XIII/M18.42.md,"Autres arthroses secondaires de la première articulation carpométacarpienne, bilatérale - "" Bras """,true,false,true,false,false,,inconnu_atih,OWL_ANS,emissible,2391
M18.43,XIII,XIII/M18.43.md,"Autres arthroses secondaires de la première articulation carpométacarpienne, bilatérale - "" Avant-bras """,true,false,true,false,false,,inconnu_atih,OWL_ANS,emissible,2408
M18.44,XIII,XIII/M18.44.md,"Autres arthroses secondaires de la première articulation carpométacarpienne, bilatérale - "" Main """,true,false,true,false,false,,inconnu_atih,OWL_ANS,emissible,2415
M18.45,XIII,XIII/M18.45.md,"Autres arthroses secondaires de la première articulation carpométacarpienne, bilatérale - "" Région pelvienne et cuisse """,true,false,true,false,false,,inconnu_atih,OWL_ANS,emissible,2462
M18.46,XIII,XIII/M18.46.md,"Autres arthroses secondaires de la première articulation carpométacarpienne, bilatérale - "" Jambe """,true,false,true,false,false,,inconnu_atih,OWL_ANS,emissible,2399
M18.47,XIII,XIII/M18.47.md,"Autres arthroses secondaires de la première articulation carpométacarpienne, bilatérale - "" Cheville et pied """,true,false,true,false,false,,inconnu_atih,OWL_ANS,emissible,2460
M18.48,XIII,XIII/M18.48.md,"Autres arthroses secondaires de la première articulation carpométacarpienne, bilatérale - "" Autres """,true,false,true,false,false,,inconnu_atih,OWL_ANS,emissible,2417
M18.49,XIII,XIII/M18.49.md,"Autres arthroses secondaires de la première articulation carpométacarpienne, bilatérale - "" Siège non précisé """,false,false,true,false,false,,inconnu_atih,OWL_ANS,emissible,2318
M18.5,XIII,XIII/M18.5.md,Autres arthroses secondaires de la première articulation carpométacarpienne,true,false,true,false,true,0,codable,OWL_ANS,emissible,2562
M18.50,XIII,XIII/M18.50.md,"Autres arthroses secondaires de la première articulation carpométacarpienne - "" Sièges multiples """,true,false,true,false,false,,inconnu_atih,OWL_ANS,emissible,2474
M18.51,XIII,XIII/M18.51.md,"Autres arthroses secondaires de la première articulation carpométacarpienne - "" Région scapulaire """,true,false,true,false,false,,inconnu_atih,OWL_ANS,emissible,2619
M18.52,XIII,XIII/M18.52.md,"Autres arthroses secondaires de la première articulation carpométacarpienne - "" Bras """,true,false,true,false,false,,inconnu_atih,OWL_ANS,emissible,2517
M18.53,XIII,XIII/M18.53.md,"Autres arthroses secondaires de la première articulation carpométacarpienne - "" Avant-bras """,true,false,true,false,false,,inconnu_atih,OWL_ANS,emissible,2534
M18.54,XIII,XIII/M18.54.md,"Autres arthroses secondaires de la première articulation carpométacarpienne - "" Main """,true,false,true,false,false,,inconnu_atih,OWL_ANS,emissible,2541
M18.55,XIII,XIII/M18.55.md,"Autres arthroses secondaires de la première articulation carpométacarpienne - "" Région pelvienne et cuisse """,true,false,true,false,false,,inconnu_atih,OWL_ANS,emissible,2588
M18.56,XIII,XIII/M18.56.md,"Autres arthroses secondaires de la première articulation carpométacarpienne - "" Jambe """,true,false,true,false,false,,inconnu_atih,OWL_ANS,emissible,2525
M18.57,XIII,XIII/M18.57.md,"Autres arthroses secondaires de la première articulation carpométacarpienne - "" Cheville et pied """,true,false,true,false,false,,inconnu_atih,OWL_ANS,emissible,2586
M18.58,XIII,XIII/M18.58.md,"Autres arthroses secondaires de la première articulation carpométacarpienne - "" Autres """,true,false,true,false,false,,inconnu_atih,OWL_ANS,emissible,2543
M18.59,XIII,XIII/M18.59.md,"Autres arthroses secondaires de la première articulation carpométacarpienne - "" Siège non précisé """,true,false,true,false,false,,inconnu_atih,OWL_ANS,emissible,2475
M18.9,XIII,XIII/M18.9.md,"Arthrose de la première articulation carpométacarpienne, sans précision",false,false,true,false,true,0,codable,OWL_ANS,emissible,2367
M18.90,XIII,XIII/M18.90.md,"Arthrose de la première articulation carpométacarpienne, sans précision - "" Sièges multiples """,false,false,true,false,false,,inconnu_atih,OWL_ANS,emissible,2301
M18.91,XIII,XIII/M18.91.md,"Arthrose de la première articulation carpométacarpienne, sans précision - "" Région scapulaire """,true,false,true,false,false,,inconnu_atih,OWL_ANS,emissible,2477
M18.92,XIII,XIII/M18.92.md,"Arthrose de la première articulation carpométacarpienne, sans précision - "" Bras """,true,false,true,false,false,,inconnu_atih,OWL_ANS,emissible,2375
M18.93,XIII,XIII/M18.93.md,"Arthrose de la première articulation carpométacarpienne, sans précision - "" Avant-bras """,true,false,true,false,false,,inconnu_atih,OWL_ANS,emissible,2392
M18.94,XIII,XIII/M18.94.md,"Arthrose de la première articulation carpométacarpienne, sans précision - "" Main """,true,false,true,false,false,,inconnu_atih,OWL_ANS,emissible,2399
M18.95,XIII,XIII/M18.95.md,"Arthrose de la première articulation carpométacarpienne, sans précision - "" Région pelvienne et cuisse """,true,false,true,false,false,,inconnu_atih,OWL_ANS,emissible,2446
M18.96,XIII,XIII/M18.96.md,"Arthrose de la première articulation carpométacarpienne, sans précision - "" Jambe """,true,false,true,false,false,,inconnu_atih,OWL_ANS,emissible,2383
M18.97,XIII,XIII/M18.97.md,"Arthrose de la première articulation carpométacarpienne, sans précision - "" Cheville et pied """,true,false,true,false,false,,inconnu_atih,OWL_ANS,emissible,2444
M18.98,XIII,XIII/M18.98.md,"Arthrose de la première articulation carpométacarpienne, sans précision - "" Autres """,true,false,true,false,false,,inconnu_atih,OWL_ANS,emissible,2401
M18.99,XIII,XIII/M18.99.md,"Arthrose de la première articulation carpométacarpienne, sans précision - "" Siège non précisé """,false,false,true,false,false,,inconnu_atih,OWL_ANS,emissible,2302
M19.0,XIII,XIII/M19.0.md,Arthrose primaire d'autres articulations,true,false,true,false,true,0,codable,OWL_ANS,emissible,2564
M19.00,XIII,XIII/M19.00.md,"Arthrose primaire d'autres articulations - "" Sièges multiples """,true,false,true,false,false,,inconnu_atih,OWL_ANS,emissible,2510
M19.01,XIII,XIII/M19.01.md,"Arthrose primaire d'autres articulations - "" Région scapulaire """,true,true,true,false,true,0,codable,OWL_ANS,emissible,2946
M19.02,XIII,XIII/M19.02.md,"Arthrose primaire d'autres articulations - "" Bras """,true,true,true,false,true,0,codable,OWL_ANS,emissible,2752
M19.03,XIII,XIII/M19.03.md,"Arthrose primaire d'autres articulations - "" Avant-bras """,true,true,true,false,true,0,codable,OWL_ANS,emissible,2790
M19.04,XIII,XIII/M19.04.md,"Arthrose primaire d'autres articulations - "" Main """,true,true,true,false,true,0,codable,OWL_ANS,emissible,2805
M19.05,XIII,XIII/M19.05.md,"Arthrose primaire d'autres articulations - "" Région pelvienne et cuisse """,true,true,true,false,false,0,codable,OWL_ANS,emissible,2741
M19.06,XIII,XIII/M19.06.md,"Arthrose primaire d'autres articulations - "" Jambe """,true,true,true,false,false,,inconnu_atih,OWL_ANS,emissible,2625
M19.07,XIII,XIII/M19.07.md,"Arthrose primaire d'autres articulations - "" Cheville et pied """,true,true,true,false,true,0,codable,OWL_ANS,emissible,2904
M19.08,XIII,XIII/M19.08.md,"Arthrose primaire d'autres articulations - "" Autres """,true,true,true,false,false,0,codable,OWL_ANS,emissible,2669
M19.09,XIII,XIII/M19.09.md,"Arthrose primaire d'autres articulations - "" Siège non précisé """,true,false,true,false,false,0,codable,OWL_ANS,emissible,2526
M19.1,XIII,XIII/M19.1.md,Arthrose posttraumatique d'autres articulations,true,false,true,false,true,0,codable,OWL_ANS,emissible,2649
M19.10,XIII,XIII/M19.10.md,"Arthrose posttraumatique d'autres articulations - "" Sièges multiples """,true,false,true,false,false,,inconnu_atih,OWL_ANS,emissible,2524
M19.11,XIII,XIII/M19.11.md,"Arthrose posttraumatique d'autres articulations - "" Région scapulaire """,true,true,true,false,true,0,codable,OWL_ANS,emissible,2906
M19.12,XIII,XIII/M19.12.md,"Arthrose posttraumatique d'autres articulations - "" Bras """,true,true,true,false,true,0,codable,OWL_ANS,emissible,2718
M19.13,XIII,XIII/M19.13.md,"Arthrose posttraumatique d'autres articulations - "" Avant-bras """,true,true,true,false,true,0,codable,OWL_ANS,emissible,2746
M19.14,XIII,XIII/M19.14.md,"Arthrose posttraumatique d'autres articulations - "" Main """,true,true,true,false,true,0,codable,OWL_ANS,emissible,2764
M19.15,XIII,XIII/M19.15.md,"Arthrose posttraumatique d'autres articulations - "" Région pelvienne et cuisse """,true,true,true,false,false,0,codable,OWL_ANS,emissible,2755
M19.16,XIII,XIII/M19.16.md,"Arthrose posttraumatique d'autres articulations - "" Jambe """,true,true,true,false,false,,inconnu_atih,OWL_ANS,emissible,2639
M19.17,XIII,XIII/M19.17.md,"Arthrose posttraumatique d'autres articulations - "" Cheville et pied """,true,true,true,false,true,0,codable,OWL_ANS,emissible,2855
M19.18,XIII,XIII/M19.18.md,"Arthrose posttraumatique d'autres articulations - "" Autres """,true,true,true,false,false,0,codable,OWL_ANS,emissible,2683
M19.19,XIII,XIII/M19.19.md,"Arthrose posttraumatique d'autres articulations - "" Siège non précisé """,true,false,true,false,false,0,codable,OWL_ANS,emissible,2540
M19.2,XIII,XIII/M19.2.md,Autres arthroses secondaires,true,false,true,false,true,0,codable,OWL_ANS,emissible,2517
M19.20,XIII,XIII/M19.20.md,"Autres arthroses secondaires - "" Sièges multiples """,true,false,true,false,false,,inconnu_atih,OWL_ANS,emissible,2500
M19.21,XIII,XIII/M19.21.md,"Autres arthroses secondaires - "" Région scapulaire """,true,true,true,false,true,0,codable,OWL_ANS,emissible,2876
M19.22,XIII,XIII/M19.22.md,"Autres arthroses secondaires - "" Bras """,true,true,true,false,true,0,codable,OWL_ANS,emissible,2688
M19.23,XIII,XIII/M19.23.md,"Autres arthroses secondaires - "" Avant-bras """,true,true,true,false,true,0,codable,OWL_ANS,emissible,2716
M19.24,XIII,XIII/M19.24.md,"Autres arthroses secondaires - "" Main """,true,true,true,false,true,0,codable,OWL_ANS,emissible,2734
M19.25,XIII,XIII/M19.25.md,"Autres arthroses secondaires - "" Région pelvienne et cuisse """,true,true,true,false,false,0,codable,OWL_ANS,emissible,2731
M19.26,XIII,XIII/M19.26.md,"Autres arthroses secondaires - "" Jambe """,true,true,true,false,false,,inconnu_atih,OWL_ANS,emissible,2615
M19.27,XIII,XIII/M19.27.md,"Autres arthroses secondaires - "" Cheville et pied """,true,true,true,false,true,0,codable,OWL_ANS,emissible,2825
M19.28,XIII,XIII/M19.28.md,"Autres arthroses secondaires - "" Autres """,true,true,true,false,false,0,codable,OWL_ANS,emissible,2659
M19.29,XIII,XIII/M19.29.md,"Autres arthroses secondaires - "" Siège non précisé """,true,false,true,false,false,0,codable,OWL_ANS,emissible,2516
M19.8,XIII,XIII/M19.8.md,Autres arthroses précisées,false,false,true,false,true,0,codable,OWL_ANS,emissible,2886
M19.80,XIII,XIII/M19.80.md,"Autres arthroses précisées - "" Sièges multiples """,false,false,true,false,false,,inconnu_atih,OWL_ANS,emissible,2396
M19.81,XIII,XIII/M19.81.md,"Autres arthroses précisées - "" Région scapulaire """,false,true,true,false,false,0,codable,OWL_ANS,emissible,2698
M19.82,XIII,XIII/M19.82.md,"Autres arthroses précisées - "" Bras """,false,true,true,false,false,0,codable,OWL_ANS,emissible,2513
M19.83,XIII,XIII/M19.83.md,"Autres arthroses précisées - "" Avant-bras """,false,true,true,false,false,0,codable,OWL_ANS,emissible,2539
M19.84,XIII,XIII/M19.84.md,"Autres arthroses précisées - "" Main """,false,true,true,false,false,0,codable,OWL_ANS,emissible,2557
M19.85,XIII,XIII/M19.85.md,"Autres arthroses précisées - "" Région pelvienne et cuisse """,false,true,true,false,false,0,codable,OWL_ANS,emissible,2627
M19.86,XIII,XIII/M19.86.md,"Autres arthroses précisées - "" Jambe """,false,true,true,false,false,,inconnu_atih,OWL_ANS,emissible,2511
M19.87,XIII,XIII/M19.87.md,"Autres arthroses précisées - "" Cheville et pied """,false,true,true,false,false,0,codable,OWL_ANS,emissible,2633
M19.88,XIII,XIII/M19.88.md,"Autres arthroses précisées - "" Autres """,false,true,true,false,false,0,codable,OWL_ANS,emissible,2555
M19.89,XIII,XIII/M19.89.md,"Autres arthroses précisées - "" Siège non précisé """,false,false,true,false,false,0,codable,OWL_ANS,emissible,2412
M19.9,XIII,XIII/M19.9.md,"Arthrose, sans précision",false,false,true,false,true,0,codable,OWL_ANS,emissible,2404
M19.90,XIII,XIII/M19.90.md,"Arthrose, sans précision - "" Sièges multiples """,false,false,true,false,true,,inconnu_atih,OWL_ANS,emissible,2756
M19.91,XIII,XIII/M19.91.md,"Arthrose, sans précision - "" Région scapulaire """,false,true,true,false,true,0,codable,OWL_ANS,emissible,2779
M19.92,XIII,XIII/M19.92.md,"Arthrose, sans précision - "" Bras """,false,true,true,false,true,0,codable,OWL_ANS,emissible,2591
M19.93,XIII,XIII/M19.93.md,"Arthrose, sans précision - "" Avant-bras """,false,true,true,false,true,0,codable,OWL_ANS,emissible,2619
M19.94,XIII,XIII/M19.94.md,"Arthrose, sans précision - "" Main """,false,true,true,false,true,0,codable,OWL_ANS,emissible,2637
M19.95,XIII,XIII/M19.95.md,"Arthrose, sans précision - "" Région pelvienne et cuisse """,false,true,true,false,true,0,codable,OWL_ANS,emissible,2699
M19.96,XIII,XIII/M19.96.md,"Arthrose, sans précision - "" Jambe """,false,true,true,false,false,,inconnu_atih,OWL_ANS,emissible,2509
M19.97,XIII,XIII/M19.97.md,"Arthrose, sans précision - "" Cheville et pied """,false,true,true,false,true,0,codable,OWL_ANS,emissible,2728
M19.98,XIII,XIII/M19.98.md,"Arthrose, sans précision - "" Autres """,false,true,true,false,true,0,codable,OWL_ANS,emissible,2688
M19.99,XIII,XIII/M19.99.md,"Arthrose, sans précision - "" Siège non précisé """,false,false,true,false,true,0,codable,OWL_ANS,emissible,2680
M20.0,XIII,XIII/M20.0.md,Déformation de(s) doigt(s),true,false,true,false,true,0,codable,OWL_ANS,emissible,2650
M20.00,XIII,XIII/M20.00.md,"Déformation de(s) doigt(s) - "" Sièges multiples """,true,false,true,false,false,,inconnu_atih,OWL_ANS,emissible,2528
M20.01,XIII,XIII/M20.01.md,"Déformation de(s) doigt(s) - "" Région scapulaire """,true,false,true,false,false,,inconnu_atih,OWL_ANS,emissible,2673
M20.02,XIII,XIII/M20.02.md,"Déformation de(s) doigt(s) - "" Bras """,true,false,true,false,false,,inconnu_atih,OWL_ANS,emissible,2571
M20.03,XIII,XIII/M20.03.md,"Déformation de(s) doigt(s) - "" Avant-bras """,true,false,true,false,false,,inconnu_atih,OWL_ANS,emissible,2588
M20.04,XIII,XIII/M20.04.md,"Déformation de(s) doigt(s) - "" Main """,true,false,true,false,false,,inconnu_atih,OWL_ANS,emissible,2595
M20.05,XIII,XIII/M20.05.md,"Déformation de(s) doigt(s) - "" Région pelvienne et cuisse """,true,false,true,false,false,,inconnu_atih,OWL_ANS,emissible,2642
M20.06,XIII,XIII/M20.06.md,"Déformation de(s) doigt(s) - "" Jambe """,true,false,true,false,false,,inconnu_atih,OWL_ANS,emissible,2579
M20.07,XIII,XIII/M20.07.md,"Déformation de(s) doigt(s) - "" Cheville et pied """,true,false,true,false,false,,inconnu_atih,OWL_ANS,emissible,2640
M20.08,XIII,XIII/M20.08.md,"Déformation de(s) doigt(s) - "" Autres """,true,false,true,false,false,,inconnu_atih,OWL_ANS,emissible,2597
M20.09,XIII,XIII/M20.09.md,"Déformation de(s) doigt(s) - "" Siège non précisé """,true,false,true,false,false,,inconnu_atih,OWL_ANS,emissible,2529
M20.1,XIII,XIII/M20.1.md,Hallux valgus (acquis),true,false,true,false,true,0,codable,OWL_ANS,emissible,2419
M20.10,XIII,XIII/M20.10.md,"Hallux valgus (acquis) - "" Sièges multiples """,true,false,true,false,false,,inconnu_atih,OWL_ANS,emissible,2370
M20.11,XIII,XIII/M20.11.md,"Hallux valgus (acquis) - "" Région scapulaire """,true,false,true,false,false,,inconnu_atih,OWL_ANS,emissible,2515
M20.12,XIII,XIII/M20.12.md,"Hallux valgus (acquis) - "" Bras """,true,false,true,false,false,,inconnu_atih,OWL_ANS,emissible,2413
M20.13,XIII,XIII/M20.13.md,"Hallux valgus (acquis) - "" Avant-bras """,true,false,true,false,false,,inconnu_atih,OWL_ANS,emissible,2430
M20.14,XIII,XIII/M20.14.md,"Hallux valgus (acquis) - "" Main """,true,false,true,false,false,,inconnu_atih,OWL_ANS,emissible,2437
M20.15,XIII,XIII/M20.15.md,"Hallux valgus (acquis) - "" Région pelvienne et cuisse """,true,false,true,false,false,,inconnu_atih,OWL_ANS,emissible,2484
M20.16,XIII,XIII/M20.16.md,"Hallux valgus (acquis) - "" Jambe """,true,false,true,false,false,,inconnu_atih,OWL_ANS,emissible,2421
M20.17,XIII,XIII/M20.17.md,"Hallux valgus (acquis) - "" Cheville et pied """,true,false,true,false,false,,inconnu_atih,OWL_ANS,emissible,2482
M20.18,XIII,XIII/M20.18.md,"Hallux valgus (acquis) - "" Autres """,true,false,true,false,false,,inconnu_atih,OWL_ANS,emissible,2439
M20.19,XIII,XIII/M20.19.md,"Hallux valgus (acquis) - "" Siège non précisé """,true,false,true,false,false,,inconnu_atih,OWL_ANS,emissible,2371
M20.2,XIII,XIII/M20.2.md,Hallux rigidus,false,false,true,false,true,0,codable,OWL_ANS,emissible,2352
M20.20,XIII,XIII/M20.20.md,"Hallux rigidus - "" Sièges multiples """,false,false,true,false,false,,inconnu_atih,OWL_ANS,emissible,2277
M20.21,XIII,XIII/M20.21.md,"Hallux rigidus - "" Région scapulaire """,true,false,true,false,false,,inconnu_atih,OWL_ANS,emissible,2453
M20.22,XIII,XIII/M20.22.md,"Hallux rigidus - "" Bras """,true,false,true,false,false,,inconnu_atih,OWL_ANS,emissible,2351
M20.23,XIII,XIII/M20.23.md,"Hallux rigidus - "" Avant-bras """,true,false,true,false,false,,inconnu_atih,OWL_ANS,emissible,2368
M20.24,XIII,XIII/M20.24.md,"Hallux rigidus - "" Main """,true,false,true,false,false,,inconnu_atih,OWL_ANS,emissible,2375
M20.25,XIII,XIII/M20.25.md,"Hallux rigidus - "" Région pelvienne et cuisse """,true,false,true,false,false,,inconnu_atih,OWL_ANS,emissible,2422
M20.26,XIII,XIII/M20.26.md,"Hallux rigidus - "" Jambe """,true,false,true,false,false,,inconnu_atih,OWL_ANS,emissible,2359
M20.27,XIII,XIII/M20.27.md,"Hallux rigidus - "" Cheville et pied """,true,false,true,false,false,,inconnu_atih,OWL_ANS,emissible,2420
M20.28,XIII,XIII/M20.28.md,"Hallux rigidus - "" Autres """,true,false,true,false,false,,inconnu_atih,OWL_ANS,emissible,2377
M20.29,XIII,XIII/M20.29.md,"Hallux rigidus - "" Siège non précisé """,false,false,true,false,false,,inconnu_atih,OWL_ANS,emissible,2278
M20.3,XIII,XIII/M20.3.md,Autres déformations du gros orteil,true,false,true,false,true,0,codable,OWL_ANS,emissible,2403
M20.30,XIII,XIII/M20.30.md,"Autres déformations du gros orteil - "" Sièges multiples """,true,false,true,false,false,,inconnu_atih,OWL_ANS,emissible,2388
M20.31,XIII,XIII/M20.31.md,"Autres déformations du gros orteil - "" Région scapulaire """,true,false,true,false,false,,inconnu_atih,OWL_ANS,emissible,2533
M20.32,XIII,XIII/M20.32.md,"Autres déformations du gros orteil - "" Bras """,true,false,true,false,false,,inconnu_atih,OWL_ANS,emissible,2431
M20.33,XIII,XIII/M20.33.md,"Autres déformations du gros orteil - "" Avant-bras """,true,false,true,false,false,,inconnu_atih,OWL_ANS,emissible,2448
M20.34,XIII,XIII/M20.34.md,"Autres déformations du gros orteil - "" Main """,true,false,true,false,false,,inconnu_atih,OWL_ANS,emissible,2455
M20.35,XIII,XIII/M20.35.md,"Autres déformations du gros orteil - "" Région pelvienne et cuisse """,true,false,true,false,false,,inconnu_atih,OWL_ANS,emissible,2502
M20.36,XIII,XIII/M20.36.md,"Autres déformations du gros orteil - "" Jambe """,true,false,true,false,false,,inconnu_atih,OWL_ANS,emissible,2439
M20.37,XIII,XIII/M20.37.md,"Autres déformations du gros orteil - "" Cheville et pied """,true,false,true,false,false,,inconnu_atih,OWL_ANS,emissible,2500
M20.38,XIII,XIII/M20.38.md,"Autres déformations du gros orteil - "" Autres """,true,false,true,false,false,,inconnu_atih,OWL_ANS,emissible,2457
M20.39,XIII,XIII/M20.39.md,"Autres déformations du gros orteil - "" Siège non précisé """,true,false,true,false,false,,inconnu_atih,OWL_ANS,emissible,2389
M20.4,XIII,XIII/M20.4.md,Autre(s) orteil(s) en marteau (acquis),false,false,true,false,true,0,codable,OWL_ANS,emissible,2336
M20.40,XIII,XIII/M20.40.md,"Autre(s) orteil(s) en marteau (acquis) - "" Sièges multiples """,false,false,true,false,false,,inconnu_atih,OWL_ANS,emissible,2301
M20.41,XIII,XIII/M20.41.md,"Autre(s) orteil(s) en marteau (acquis) - "" Région scapulaire """,true,false,true,false,false,,inconnu_atih,OWL_ANS,emissible,2477
M20.42,XIII,XIII/M20.42.md,"Autre(s) orteil(s) en marteau (acquis) - "" Bras """,true,false,true,false,false,,inconnu_atih,OWL_ANS,emissible,2375
M20.43,XIII,XIII/M20.43.md,"Autre(s) orteil(s) en marteau (acquis) - "" Avant-bras """,true,false,true,false,false,,inconnu_atih,OWL_ANS,emissible,2392
M20.44,XIII,XIII/M20.44.md,"Autre(s) orteil(s) en marteau (acquis) - "" Main """,true,false,true,false,false,,inconnu_atih,OWL_ANS,emissible,2399
M20.45,XIII,XIII/M20.45.md,"Autre(s) orteil(s) en marteau (acquis) - "" Région pelvienne et cuisse """,true,false,true,false,false,,inconnu_atih,OWL_ANS,emissible,2446
M20.46,XIII,XIII/M20.46.md,"Autre(s) orteil(s) en marteau (acquis) - "" Jambe """,true,false,true,false,false,,inconnu_atih,OWL_ANS,emissible,2383
M20.47,XIII,XIII/M20.47.md,"Autre(s) orteil(s) en marteau (acquis) - "" Cheville et pied """,true,false,true,false,false,,inconnu_atih,OWL_ANS,emissible,2444
M20.48,XIII,XIII/M20.48.md,"Autre(s) orteil(s) en marteau (acquis) - "" Autres """,true,false,true,false,false,,inconnu_atih,OWL_ANS,emissible,2401
M20.49,XIII,XIII/M20.49.md,"Autre(s) orteil(s) en marteau (acquis) - "" Siège non précisé """,false,false,true,false,false,,inconnu_atih,OWL_ANS,emissible,2302
M20.5,XIII,XIII/M20.5.md,Autres déformations d'(es) orteil(s),false,false,true,false,true,0,codable,OWL_ANS,emissible,2354
M20.50,XIII,XIII/M20.50.md,"Autres déformations d'(es) orteil(s) - "" Sièges multiples """,false,false,true,false,false,,inconnu_atih,OWL_ANS,emissible,2299
M20.51,XIII,XIII/M20.51.md,"Autres déformations d'(es) orteil(s) - "" Région scapulaire """,true,false,true,false,false,,inconnu_atih,OWL_ANS,emissible,2475
M20.52,XIII,XIII/M20.52.md,"Autres déformations d'(es) orteil(s) - "" Bras """,true,false,true,false,false,,inconnu_atih,OWL_ANS,emissible,2373
M20.53,XIII,XIII/M20.53.md,"Autres déformations d'(es) orteil(s) - "" Avant-bras """,true,false,true,false,false,,inconnu_atih,OWL_ANS,emissible,2390
M20.54,XIII,XIII/M20.54.md,"Autres déformations d'(es) orteil(s) - "" Main """,true,false,true,false,false,,inconnu_atih,OWL_ANS,emissible,2397
M20.55,XIII,XIII/M20.55.md,"Autres déformations d'(es) orteil(s) - "" Région pelvienne et cuisse """,true,false,true,false,false,,inconnu_atih,OWL_ANS,emissible,2444
M20.56,XIII,XIII/M20.56.md,"Autres déformations d'(es) orteil(s) - "" Jambe """,true,false,true,false,false,,inconnu_atih,OWL_ANS,emissible,2381
M20.57,XIII,XIII/M20.57.md,"Autres déformations d'(es) orteil(s) - "" Cheville et pied """,true,false,true,false,false,,inconnu_atih,OWL_ANS,emissible,2442
M20.58,XIII,XIII/M20.58.md,"Autres déformations d'(es) orteil(s) - "" Autres """,true,false,true,false,false,,inconnu_atih,OWL_ANS,emissible,2399
M20.59,XIII,XIII/M20.59.md,"Autres déformations d'(es) orteil(s) - "" Siège non précisé """,false,false,true,false,false,,inconnu_atih,OWL_ANS,emissible,2300
M20.6,XIII,XIII/M20.6.md,"Déformation d'(es) orteil(s), sans précision",false,false,true,false,true,0,codable,OWL_ANS,emissible,2344
M20.60,XIII,XIII/M20.60.md,"Déformation d'(es) orteil(s), sans précision - "" Sièges multiples """,false,false,true,false,false,,inconnu_atih,OWL_ANS,emissible,2307
M20.61,XIII,XIII/M20.61.md,"Déformation d'(es) orteil(s), sans précision - "" Région scapulaire """,true,false,true,false,false,,inconnu_atih,OWL_ANS,emissible,2483
M20.62,XIII,XIII/M20.62.md,"Déformation d'(es) orteil(s), sans précision - "" Bras """,true,false,true,false,false,,inconnu_atih,OWL_ANS,emissible,2381
M20.63,XIII,XIII/M20.63.md,"Déformation d'(es) orteil(s), sans précision - "" Avant-bras """,true,false,true,false,false,,inconnu_atih,OWL_ANS,emissible,2398
M20.64,XIII,XIII/M20.64.md,"Déformation d'(es) orteil(s), sans précision - "" Main """,true,false,true,false,false,,inconnu_atih,OWL_ANS,emissible,2405
M20.65,XIII,XIII/M20.65.md,"Déformation d'(es) orteil(s), sans précision - "" Région pelvienne et cuisse """,true,false,true,false,false,,inconnu_atih,OWL_ANS,emissible,2452
M20.66,XIII,XIII/M20.66.md,"Déformation d'(es) orteil(s), sans précision - "" Jambe """,true,false,true,false,false,,inconnu_atih,OWL_ANS,emissible,2389
M20.67,XIII,XIII/M20.67.md,"Déformation d'(es) orteil(s), sans précision - "" Cheville et pied """,true,false,true,false,false,,inconnu_atih,OWL_ANS,emissible,2450
M20.68,XIII,XIII/M20.68.md,"Déformation d'(es) orteil(s), sans précision - "" Autres """,true,false,true,false,false,,inconnu_atih,OWL_ANS,emissible,2407
M20.69,XIII,XIII/M20.69.md,"Déformation d'(es) orteil(s), sans précision - "" Siège non précisé """,false,false,true,false,false,,inconnu_atih,OWL_ANS,emissible,2308
M21.0,XIII,XIII/M21.0.md,"Déformation en valgus, non classée ailleurs",false,false,true,false,true,0,codable,OWL_ANS,emissible,2523
M21.00,XIII,XIII/M21.00.md,"Déformation en valgus, non classée ailleurs - "" Sièges multiples """,false,false,true,false,false,0,codable,OWL_ANS,emissible,2386
M21.01,XIII,XIII/M21.01.md,"Déformation en valgus, non classée ailleurs - "" Région scapulaire """,false,true,true,false,false,0,codable,OWL_ANS,emissible,2673
M21.02,XIII,XIII/M21.02.md,"Déformation en valgus, non classée ailleurs - "" Bras """,false,true,true,false,false,0,codable,OWL_ANS,emissible,2488
M21.03,XIII,XIII/M21.03.md,"Déformation en valgus, non classée ailleurs - "" Avant-bras """,false,true,true,false,false,0,codable,OWL_ANS,emissible,2514
M21.04,XIII,XIII/M21.04.md,"Déformation en valgus, non classée ailleurs - "" Main """,false,true,true,false,false,0,codable,OWL_ANS,emissible,2532
M21.05,XIII,XIII/M21.05.md,"Déformation en valgus, non classée ailleurs - "" Région pelvienne et cuisse """,false,true,true,false,false,0,codable,OWL_ANS,emissible,2602
M21.06,XIII,XIII/M21.06.md,"Déformation en valgus, non classée ailleurs - "" Jambe """,false,true,true,false,false,0,codable,OWL_ANS,emissible,2501
M21.07,XIII,XIII/M21.07.md,"Déformation en valgus, non classée ailleurs - "" Cheville et pied """,false,true,true,false,false,0,codable,OWL_ANS,emissible,2608
M21.08,XIII,XIII/M21.08.md,"Déformation en valgus, non classée ailleurs - "" Autres """,false,true,true,false,false,,inconnu_atih,OWL_ANS,emissible,2515
M21.09,XIII,XIII/M21.09.md,"Déformation en valgus, non classée ailleurs - "" Siège non précisé """,false,false,true,false,false,0,codable,OWL_ANS,emissible,2387
M21.1,XIII,XIII/M21.1.md,"Déformation en varus, non classée ailleurs",false,false,true,false,true,0,codable,OWL_ANS,emissible,2482
M21.10,XIII,XIII/M21.10.md,"Déformation en varus, non classée ailleurs - "" Sièges multiples """,false,false,true,false,false,0,codable,OWL_ANS,emissible,2373
M21.11,XIII,XIII/M21.11.md,"Déformation en varus, non classée ailleurs - "" Région scapulaire """,false,true,true,false,false,0,codable,OWL_ANS,emissible,2660
M21.12,XIII,XIII/M21.12.md,"Déformation en varus, non classée ailleurs - "" Bras """,false,true,true,false,false,0,codable,OWL_ANS,emissible,2475
M21.13,XIII,XIII/M21.13.md,"Déformation en varus, non classée ailleurs - "" Avant-bras """,false,true,true,false,false,0,codable,OWL_ANS,emissible,2501
M21.14,XIII,XIII/M21.14.md,"Déformation en varus, non classée ailleurs - "" Main """,false,true,true,false,false,0,codable,OWL_ANS,emissible,2519
M21.15,XIII,XIII/M21.15.md,"Déformation en varus, non classée ailleurs - "" Région pelvienne et cuisse """,false,true,true,false,false,0,codable,OWL_ANS,emissible,2589
M21.16,XIII,XIII/M21.16.md,"Déformation en varus, non classée ailleurs - "" Jambe """,false,true,true,false,false,0,codable,OWL_ANS,emissible,2488
M21.17,XIII,XIII/M21.17.md,"Déformation en varus, non classée ailleurs - "" Cheville et pied """,false,true,true,false,false,0,codable,OWL_ANS,emissible,2595
M21.18,XIII,XIII/M21.18.md,"Déformation en varus, non classée ailleurs - "" Autres """,false,true,true,false,false,,inconnu_atih,OWL_ANS,emissible,2502
M21.19,XIII,XIII/M21.19.md,"Déformation en varus, non classée ailleurs - "" Siège non précisé """,false,false,true,false,false,0,codable,OWL_ANS,emissible,2374
M21.2,XIII,XIII/M21.2.md,Déformation en flexion,false,false,true,false,false,0,codable,OWL_ANS,emissible,2261
M21.20,XIII,XIII/M21.20.md,"Déformation en flexion - "" Sièges multiples """,false,false,true,false,false,0,codable,OWL_ANS,emissible,2309
M21.21,XIII,XIII/M21.21.md,"Déformation en flexion - "" Région scapulaire """,false,true,true,false,false,0,codable,OWL_ANS,emissible,2596
M21.22,XIII,XIII/M21.22.md,"Déformation en flexion - "" Bras """,false,true,true,false,true,0,codable,OWL_ANS,emissible,2470
M21.23,XIII,XIII/M21.23.md,"Déformation en flexion - "" Avant-bras """,false,true,true,false,false,0,codable,OWL_ANS,emissible,2437
M21.24,XIII,XIII/M21.24.md,"Déformation en flexion - "" Main """,false,true,true,false,false,0,codable,OWL_ANS,emissible,2455
M21.25,XIII,XIII/M21.25.md,"Déformation en flexion - "" Région pelvienne et cuisse """,false,true,true,false,true,0,codable,OWL_ANS,emissible,2585
M21.26,XIII,XIII/M21.26.md,"Déformation en flexion - "" Jambe """,false,true,true,false,true,0,codable,OWL_ANS,emissible,2483
M21.27,XIII,XIII/M21.27.md,"Déformation en flexion - "" Cheville et pied """,false,true,true,false,false,0,codable,OWL_ANS,emissible,2531
M21.28,XIII,XIII/M21.28.md,"Déformation en flexion - "" Autres """,false,true,true,false,false,,inconnu_atih,OWL_ANS,emissible,2438
M21.29,XIII,XIII/M21.29.md,"Déformation en flexion - "" Siège non précisé """,false,false,true,false,false,0,codable,OWL_ANS,emissible,2310
M21.3,XIII,XIII/M21.3.md,Poignet ou pied tombant (acquis),false,false,true,false,false,0,codable,OWL_ANS,emissible,2271
M21.30,XIII,XIII/M21.30.md,"Poignet ou pied tombant (acquis) - "" Sièges multiples """,false,false,true,false,false,0,codable,OWL_ANS,emissible,2319
M21.31,XIII,XIII/M21.31.md,"Poignet ou pied tombant (acquis) - "" Région scapulaire """,false,true,true,false,false,,inconnu_atih,OWL_ANS,emissible,2591
M21.32,XIII,XIII/M21.32.md,"Poignet ou pied tombant (acquis) - "" Bras """,false,true,true,false,false,,inconnu_atih,OWL_ANS,emissible,2406
M21.33,XIII,XIII/M21.33.md,"Poignet ou pied tombant (acquis) - "" Avant-bras """,false,true,true,false,false,0,codable,OWL_ANS,emissible,2447
M21.34,XIII,XIII/M21.34.md,"Poignet ou pied tombant (acquis) - "" Main """,false,true,true,false,false,,inconnu_atih,OWL_ANS,emissible,2450
M21.35,XIII,XIII/M21.35.md,"Poignet ou pied tombant (acquis) - "" Région pelvienne et cuisse """,false,true,true,false,false,,inconnu_atih,OWL_ANS,emissible,2520
M21.36,XIII,XIII/M21.36.md,"Poignet ou pied tombant (acquis) - "" Jambe """,false,true,true,false,false,,inconnu_atih,OWL_ANS,emissible,2419
M21.37,XIII,XIII/M21.37.md,"Poignet ou pied tombant (acquis) - "" Cheville et pied """,false,true,true,false,false,0,codable,OWL_ANS,emissible,2541
M21.38,XIII,XIII/M21.38.md,"Poignet ou pied tombant (acquis) - "" Autres """,false,true,true,false,false,,inconnu_atih,OWL_ANS,emissible,2448
M21.39,XIII,XIII/M21.39.md,"Poignet ou pied tombant (acquis) - "" Siège non précisé """,false,false,true,false,false,0,codable,OWL_ANS,emissible,2320
M21.4,XIII,XIII/M21.4.md,Pied plat [pes planus] (acquis),false,false,true,false,true,0,codable,OWL_ANS,emissible,2517
M21.40,XIII,XIII/M21.40.md,"Pied plat [pes planus] (acquis) - "" Sièges multiples """,false,false,true,false,false,3,supprime,OWL_ANS,emissible,2340
M21.41,XIII,XIII/M21.41.md,"Pied plat [pes planus] (acquis) - "" Région scapulaire """,false,true,true,false,false,,inconnu_atih,OWL_ANS,emissible,2619
M21.42,XIII,XIII/M21.42.md,"Pied plat [pes planus] (acquis) - "" Bras """,false,true,true,false,false,,inconnu_atih,OWL_ANS,emissible,2434
M21.43,XIII,XIII/M21.43.md,"Pied plat [pes planus] (acquis) - "" Avant-bras """,false,true,true,false,false,,inconnu_atih,OWL_ANS,emissible,2460
M21.44,XIII,XIII/M21.44.md,"Pied plat [pes planus] (acquis) - "" Main """,false,true,true,false,false,,inconnu_atih,OWL_ANS,emissible,2478
M21.45,XIII,XIII/M21.45.md,"Pied plat [pes planus] (acquis) - "" Région pelvienne et cuisse """,false,true,true,false,false,,inconnu_atih,OWL_ANS,emissible,2548
M21.46,XIII,XIII/M21.46.md,"Pied plat [pes planus] (acquis) - "" Jambe """,false,true,true,false,false,,inconnu_atih,OWL_ANS,emissible,2447
M21.47,XIII,XIII/M21.47.md,"Pied plat [pes planus] (acquis) - "" Cheville et pied """,false,true,true,false,false,0,codable,OWL_ANS,emissible,2569
M21.48,XIII,XIII/M21.48.md,"Pied plat [pes planus] (acquis) - "" Autres """,false,true,true,false,false,,inconnu_atih,OWL_ANS,emissible,2476
M21.49,XIII,XIII/M21.49.md,"Pied plat [pes planus] (acquis) - "" Siège non précisé """,false,false,true,false,false,,inconnu_atih,OWL_ANS,emissible,2333
M21.5,XIII,XIII/M21.5.md,Main et pied bot(e) ou en griffe acquis(e),false,false,true,false,true,0,codable,OWL_ANS,emissible,2414
M21.50,XIII,XIII/M21.50.md,"Main et pied bot(e) ou en griffe acquis(e) - "" Sièges multiples """,false,false,true,false,false,0,codable,OWL_ANS,emissible,2372
M21.51,XIII,XIII/M21.51.md,"Main et pied bot(e) ou en griffe acquis(e) - "" Région scapulaire """,false,true,true,false,false,,inconnu_atih,OWL_ANS,emissible,2644
M21.52,XIII,XIII/M21.52.md,"Main et pied bot(e) ou en griffe acquis(e) - "" Bras """,false,true,true,false,false,,inconnu_atih,OWL_ANS,emissible,2459
M21.53,XIII,XIII/M21.53.md,"Main et pied bot(e) ou en griffe acquis(e) - "" Avant-bras """,false,true,true,false,false,,inconnu_atih,OWL_ANS,emissible,2485
M21.54,XIII,XIII/M21.54.md,"Main et pied bot(e) ou en griffe acquis(e) - "" Main """,false,true,true,false,false,0,codable,OWL_ANS,emissible,2518
M21.55,XIII,XIII/M21.55.md,"Main et pied bot(e) ou en griffe acquis(e) - "" Région pelvienne et cuisse """,false,true,true,false,false,,inconnu_atih,OWL_ANS,emissible,2573
M21.56,XIII,XIII/M21.56.md,"Main et pied bot(e) ou en griffe acquis(e) - "" Jambe """,false,true,true,false,false,,inconnu_atih,OWL_ANS,emissible,2472
M21.57,XIII,XIII/M21.57.md,"Main et pied bot(e) ou en griffe acquis(e) - "" Cheville et pied """,false,true,true,false,false,0,codable,OWL_ANS,emissible,2594
M21.58,XIII,XIII/M21.58.md,"Main et pied bot(e) ou en griffe acquis(e) - "" Autres """,false,true,true,false,false,,inconnu_atih,OWL_ANS,emissible,2501
M21.59,XIII,XIII/M21.59.md,"Main et pied bot(e) ou en griffe acquis(e) - "" Siège non précisé """,false,false,true,false,false,0,codable,OWL_ANS,emissible,2373
M21.6,XIII,XIII/M21.6.md,Autres déformations de la cheville et du pied,false,false,true,false,true,0,codable,OWL_ANS,emissible,2585
M21.60,XIII,XIII/M21.60.md,"Autres déformations de la cheville et du pied - "" Sièges multiples """,false,false,true,false,false,3,supprime,OWL_ANS,emissible,2364
M21.61,XIII,XIII/M21.61.md,"Autres déformations de la cheville et du pied - "" Région scapulaire """,false,true,true,false,false,,inconnu_atih,OWL_ANS,emissible,2643
M21.62,XIII,XIII/M21.62.md,"Autres déformations de la cheville et du pied - "" Bras """,false,true,true,false,false,,inconnu_atih,OWL_ANS,emissible,2458
M21.63,XIII,XIII/M21.63.md,"Autres déformations de la cheville et du pied - "" Avant-bras """,false,true,true,false,false,,inconnu_atih,OWL_ANS,emissible,2484
M21.64,XIII,XIII/M21.64.md,"Autres déformations de la cheville et du pied - "" Main """,false,true,true,false,false,,inconnu_atih,OWL_ANS,emissible,2502
M21.65,XIII,XIII/M21.65.md,"Autres déformations de la cheville et du pied - "" Région pelvienne et cuisse """,false,true,true,false,false,,inconnu_atih,OWL_ANS,emissible,2572
M21.66,XIII,XIII/M21.66.md,"Autres déformations de la cheville et du pied - "" Jambe """,false,true,true,false,false,,inconnu_atih,OWL_ANS,emissible,2471
M21.67,XIII,XIII/M21.67.md,"Autres déformations de la cheville et du pied - "" Cheville et pied """,false,true,true,false,false,0,codable,OWL_ANS,emissible,2593
M21.68,XIII,XIII/M21.68.md,"Autres déformations de la cheville et du pied - "" Autres """,false,true,true,false,false,,inconnu_atih,OWL_ANS,emissible,2500
M21.69,XIII,XIII/M21.69.md,"Autres déformations de la cheville et du pied - "" Siège non précisé """,false,false,true,false,false,,inconnu_atih,OWL_ANS,emissible,2357
M21.7,XIII,XIII/M21.7.md,Inégalité des membres (acquise),false,false,true,false,true,0,codable,OWL_ANS,emissible,2342
M21.70,XIII,XIII/M21.70.md,"Inégalité des membres (acquise) - "" Sièges multiples """,false,false,true,false,false,0,codable,OWL_ANS,emissible,2318
M21.71,XIII,XIII/M21.71.md,"Inégalité des membres (acquise) - "" Région scapulaire """,false,true,true,false,false,0,codable,OWL_ANS,emissible,2605
M21.72,XIII,XIII/M21.72.md,"Inégalité des membres (acquise) - "" Bras """,false,true,true,false,false,0,codable,OWL_ANS,emissible,2420
M21.73,XIII,XIII/M21.73.md,"Inégalité des membres (acquise) - "" Avant-bras """,false,true,true,false,false,0,codable,OWL_ANS,emissible,2446
M21.74,XIII,XIII/M21.74.md,"Inégalité des membres (acquise) - "" Main """,false,true,true,false,false,0,codable,OWL_ANS,emissible,2464
M21.75,XIII,XIII/M21.75.md,"Inégalité des membres (acquise) - "" Région pelvienne et cuisse """,false,true,true,false,false,0,codable,OWL_ANS,emissible,2534
M21.76,XIII,XIII/M21.76.md,"Inégalité des membres (acquise) - "" Jambe """,false,true,true,false,false,0,codable,OWL_ANS,emissible,2433
M21.77,XIII,XIII/M21.77.md,"Inégalité des membres (acquise) - "" Cheville et pied """,false,true,true,false,false,0,codable,OWL_ANS,emissible,2540
M21.78,XIII,XIII/M21.78.md,"Inégalité des membres (acquise) - "" Autres """,false,true,true,false,false,,inconnu_atih,OWL_ANS,emissible,2447
M21.79,XIII,XIII/M21.79.md,"Inégalité des membres (acquise) - "" Siège non précisé """,false,false,true,false,false,0,codable,OWL_ANS,emissible,2319
M21.8,XIII,XIII/M21.8.md,Autres déformations précisées des membres,false,false,true,false,true,0,codable,OWL_ANS,emissible,3026
M21.80,XIII,XIII/M21.80.md,"Autres déformations précisées des membres - "" Sièges multiples """,false,false,true,false,false,0,codable,OWL_ANS,emissible,2328
M21.81,XIII,XIII/M21.81.md,"Autres déformations précisées des membres - "" Région scapulaire """,false,true,true,false,false,0,codable,OWL_ANS,emissible,2615
M21.82,XIII,XIII/M21.82.md,"Autres déformations précisées des membres - "" Bras """,false,true,true,false,false,0,codable,OWL_ANS,emissible,2430
M21.83,XIII,XIII/M21.83.md,"Autres déformations précisées des membres - "" Avant-bras """,false,true,true,false,false,0,codable,OWL_ANS,emissible,2456
M21.84,XIII,XIII/M21.84.md,"Autres déformations précisées des membres - "" Main """,false,true,true,false,false,0,codable,OWL_ANS,emissible,2474
M21.85,XIII,XIII/M21.85.md,"Autres déformations précisées des membres - "" Région pelvienne et cuisse """,false,true,true,false,false,0,codable,OWL_ANS,emissible,2544
M21.86,XIII,XIII/M21.86.md,"Autres déformations précisées des membres - "" Jambe """,false,true,true,false,true,0,codable,OWL_ANS,emissible,2508
M21.87,XIII,XIII/M21.87.md,"Autres déformations précisées des membres - "" Cheville et pied """,false,true,true,false,true,0,codable,OWL_ANS,emissible,2623
M21.88,XIII,XIII/M21.88.md,"Autres déformations précisées des membres - "" Autres """,false,true,true,false,false,,inconnu_atih,OWL_ANS,emissible,2457
M21.89,XIII,XIII/M21.89.md,"Autres déformations précisées des membres - "" Siège non précisé """,false,false,true,false,false,0,codable,OWL_ANS,emissible,2329
M21.9,XIII,XIII/M21.9.md,"Déformation d'un membre, sans précision",false,false,true,false,true,0,codable,OWL_ANS,emissible,2786
M21.90,XIII,XIII/M21.90.md,"Déformation d'un membre, sans précision - "" Sièges multiples """,false,false,true,false,false,0,codable,OWL_ANS,emissible,2326
M21.91,XIII,XIII/M21.91.md,"Déformation d'un membre, sans précision - "" Région scapulaire """,false,true,true,false,false,0,codable,OWL_ANS,emissible,2613
M21.92,XIII,XIII/M21.92.md,"Déformation d'un membre, sans précision - "" Bras """,false,true,true,false,false,0,codable,OWL_ANS,emissible,2428
M21.93,XIII,XIII/M21.93.md,"Déformation d'un membre, sans précision - "" Avant-bras """,false,true,true,false,false,0,codable,OWL_ANS,emissible,2454
M21.94,XIII,XIII/M21.94.md,"Déformation d'un membre, sans précision - "" Main """,false,true,true,false,false,0,codable,OWL_ANS,emissible,2472
M21.95,XIII,XIII/M21.95.md,"Déformation d'un membre, sans précision - "" Région pelvienne et cuisse """,false,true,true,false,false,0,codable,OWL_ANS,emissible,2542
M21.96,XIII,XIII/M21.96.md,"Déformation d'un membre, sans précision - "" Jambe """,false,true,true,false,false,0,codable,OWL_ANS,emissible,2441
M21.97,XIII,XIII/M21.97.md,"Déformation d'un membre, sans précision - "" Cheville et pied """,false,true,true,false,false,0,codable,OWL_ANS,emissible,2548
M21.98,XIII,XIII/M21.98.md,"Déformation d'un membre, sans précision - "" Autres """,false,true,true,false,false,,inconnu_atih,OWL_ANS,emissible,2455
M21.99,XIII,XIII/M21.99.md,"Déformation d'un membre, sans précision - "" Siège non précisé """,false,false,true,false,false,0,codable,OWL_ANS,emissible,2327
M22.0,XIII,XIII/M22.0.md,Luxation récidivante de la rotule,false,false,true,false,true,0,codable,OWL_ANS,emissible,2177
M22.00,XIII,XIII/M22.00.md,"Luxation récidivante de la rotule - "" Sièges multiples """,false,false,true,false,false,,inconnu_atih,OWL_ANS,emissible,2133
M22.01,XIII,XIII/M22.01.md,"Luxation récidivante de la rotule - "" Région scapulaire """,true,false,true,false,false,,inconnu_atih,OWL_ANS,emissible,2309
M22.02,XIII,XIII/M22.02.md,"Luxation récidivante de la rotule - "" Bras """,true,false,true,false,false,,inconnu_atih,OWL_ANS,emissible,2207
M22.03,XIII,XIII/M22.03.md,"Luxation récidivante de la rotule - "" Avant-bras """,true,false,true,false,false,,inconnu_atih,OWL_ANS,emissible,2224
M22.04,XIII,XIII/M22.04.md,"Luxation récidivante de la rotule - "" Main """,true,false,true,false,false,,inconnu_atih,OWL_ANS,emissible,2231
M22.05,XIII,XIII/M22.05.md,"Luxation récidivante de la rotule - "" Région pelvienne et cuisse """,true,false,true,false,false,,inconnu_atih,OWL_ANS,emissible,2278
M22.06,XIII,XIII/M22.06.md,"Luxation récidivante de la rotule - "" Jambe """,true,false,true,false,false,,inconnu_atih,OWL_ANS,emissible,2215
M22.07,XIII,XIII/M22.07.md,"Luxation récidivante de la rotule - "" Cheville et pied """,true,false,true,false,false,,inconnu_atih,OWL_ANS,emissible,2276
M22.08,XIII,XIII/M22.08.md,"Luxation récidivante de la rotule - "" Autres """,true,false,true,false,false,,inconnu_atih,OWL_ANS,emissible,2233
M22.09,XIII,XIII/M22.09.md,"Luxation récidivante de la rotule - "" Siège non précisé """,false,false,true,false,false,,inconnu_atih,OWL_ANS,emissible,2134
M22.1,XIII,XIII/M22.1.md,Subluxation récidivante de la rotule,false,false,true,false,true,0,codable,OWL_ANS,emissible,2183
M22.10,XIII,XIII/M22.10.md,"Subluxation récidivante de la rotule - "" Sièges multiples """,false,false,true,false,false,,inconnu_atih,OWL_ANS,emissible,2136
M22.11,XIII,XIII/M22.11.md,"Subluxation récidivante de la rotule - "" Région scapulaire """,true,false,true,false,false,,inconnu_atih,OWL_ANS,emissible,2312
M22.12,XIII,XIII/M22.12.md,"Subluxation récidivante de la rotule - "" Bras """,true,false,true,false,false,,inconnu_atih,OWL_ANS,emissible,2210
M22.13,XIII,XIII/M22.13.md,"Subluxation récidivante de la rotule - "" Avant-bras """,true,false,true,false,false,,inconnu_atih,OWL_ANS,emissible,2227
M22.14,XIII,XIII/M22.14.md,"Subluxation récidivante de la rotule - "" Main """,true,false,true,false,false,,inconnu_atih,OWL_ANS,emissible,2234
M22.15,XIII,XIII/M22.15.md,"Subluxation récidivante de la rotule - "" Région pelvienne et cuisse """,true,false,true,false,false,,inconnu_atih,OWL_ANS,emissible,2281
M22.16,XIII,XIII/M22.16.md,"Subluxation récidivante de la rotule - "" Jambe """,true,false,true,false,false,,inconnu_atih,OWL_ANS,emissible,2218
M22.17,XIII,XIII/M22.17.md,"Subluxation récidivante de la rotule - "" Cheville et pied """,true,false,true,false,false,,inconnu_atih,OWL_ANS,emissible,2279
M22.18,XIII,XIII/M22.18.md,"Subluxation récidivante de la rotule - "" Autres """,true,false,true,false,false,,inconnu_atih,OWL_ANS,emissible,2236
M22.19,XIII,XIII/M22.19.md,"Subluxation récidivante de la rotule - "" Siège non précisé """,false,false,true,false,false,,inconnu_atih,OWL_ANS,emissible,2137
M22.2,XIII,XIII/M22.2.md,Lésions fémoropatellaires,false,false,true,false,true,0,codable,OWL_ANS,emissible,2160
M22.20,XIII,XIII/M22.20.md,"Lésions fémoropatellaires - "" Sièges multiples """,false,false,true,false,false,,inconnu_atih,OWL_ANS,emissible,2125
M22.21,XIII,XIII/M22.21.md,"Lésions fémoropatellaires - "" Région scapulaire """,true,false,true,false,false,,inconnu_atih,OWL_ANS,emissible,2301
M22.22,XIII,XIII/M22.22.md,"Lésions fémoropatellaires - "" Bras """,true,false,true,false,false,,inconnu_atih,OWL_ANS,emissible,2199
M22.23,XIII,XIII/M22.23.md,"Lésions fémoropatellaires - "" Avant-bras """,true,false,true,false,false,,inconnu_atih,OWL_ANS,emissible,2216
M22.24,XIII,XIII/M22.24.md,"Lésions fémoropatellaires - "" Main """,true,false,true,false,false,,inconnu_atih,OWL_ANS,emissible,2223
M22.25,XIII,XIII/M22.25.md,"Lésions fémoropatellaires - "" Région pelvienne et cuisse """,true,false,true,false,false,,inconnu_atih,OWL_ANS,emissible,2270
M22.26,XIII,XIII/M22.26.md,"Lésions fémoropatellaires - "" Jambe """,true,false,true,false,false,,inconnu_atih,OWL_ANS,emissible,2207
M22.27,XIII,XIII/M22.27.md,"Lésions fémoropatellaires - "" Cheville et pied """,true,false,true,false,false,,inconnu_atih,OWL_ANS,emissible,2268
M22.28,XIII,XIII/M22.28.md,"Lésions fémoropatellaires - "" Autres """,true,false,true,false,false,,inconnu_atih,OWL_ANS,emissible,2225
M22.29,XIII,XIII/M22.29.md,"Lésions fémoropatellaires - "" Siège non précisé """,false,false,true,false,false,,inconnu_atih,OWL_ANS,emissible,2126
M22.3,XIII,XIII/M22.3.md,Autres déplacements de la rotule,false,false,true,false,true,0,codable,OWL_ANS,emissible,2162
M22.30,XIII,XIII/M22.30.md,"Autres déplacements de la rotule - "" Sièges multiples """,false,false,true,false,false,,inconnu_atih,OWL_ANS,emissible,2132
M22.31,XIII,XIII/M22.31.md,"Autres déplacements de la rotule - "" Région scapulaire """,true,false,true,false,false,,inconnu_atih,OWL_ANS,emissible,2308
M22.32,XIII,XIII/M22.32.md,"Autres déplacements de la rotule - "" Bras """,true,false,true,false,false,,inconnu_atih,OWL_ANS,emissible,2206
M22.33,XIII,XIII/M22.33.md,"Autres déplacements de la rotule - "" Avant-bras """,true,false,true,false,false,,inconnu_atih,OWL_ANS,emissible,2223
M22.34,XIII,XIII/M22.34.md,"Autres déplacements de la rotule - "" Main """,true,false,true,false,false,,inconnu_atih,OWL_ANS,emissible,2230
M22.35,XIII,XIII/M22.35.md,"Autres déplacements de la rotule - "" Région pelvienne et cuisse """,true,false,true,false,false,,inconnu_atih,OWL_ANS,emissible,2277
M22.36,XIII,XIII/M22.36.md,"Autres déplacements de la rotule - "" Jambe """,true,false,true,false,false,,inconnu_atih,OWL_ANS,emissible,2214
M22.37,XIII,XIII/M22.37.md,"Autres déplacements de la rotule - "" Cheville et pied """,true,false,true,false,false,,inconnu_atih,OWL_ANS,emissible,2275
M22.38,XIII,XIII/M22.38.md,"Autres déplacements de la rotule - "" Autres """,true,false,true,false,false,,inconnu_atih,OWL_ANS,emissible,2232
M22.39,XIII,XIII/M22.39.md,"Autres déplacements de la rotule - "" Siège non précisé """,false,false,true,false,false,,inconnu_atih,OWL_ANS,emissible,2133
M22.4,XIII,XIII/M22.4.md,Chondromalacie rotulienne,false,false,true,false,true,0,codable,OWL_ANS,emissible,2264
M22.40,XIII,XIII/M22.40.md,"Chondromalacie rotulienne - "" Sièges multiples """,false,false,true,false,false,,inconnu_atih,OWL_ANS,emissible,2125
M22.41,XIII,XIII/M22.41.md,"Chondromalacie rotulienne - "" Région scapulaire """,true,false,true,false,false,,inconnu_atih,OWL_ANS,emissible,2301
M22.42,XIII,XIII/M22.42.md,"Chondromalacie rotulienne - "" Bras """,true,false,true,false,false,,inconnu_atih,OWL_ANS,emissible,2199
M22.43,XIII,XIII/M22.43.md,"Chondromalacie rotulienne - "" Avant-bras """,true,false,true,false,false,,inconnu_atih,OWL_ANS,emissible,2216
M22.44,XIII,XIII/M22.44.md,"Chondromalacie rotulienne - "" Main """,true,false,true,false,false,,inconnu_atih,OWL_ANS,emissible,2223
M22.45,XIII,XIII/M22.45.md,"Chondromalacie rotulienne - "" Région pelvienne et cuisse """,true,false,true,false,false,,inconnu_atih,OWL_ANS,emissible,2270
M22.46,XIII,XIII/M22.46.md,"Chondromalacie rotulienne - "" Jambe """,true,false,true,false,false,,inconnu_atih,OWL_ANS,emissible,2207
M22.47,XIII,XIII/M22.47.md,"Chondromalacie rotulienne - "" Cheville et pied """,true,false,true,false,false,,inconnu_atih,OWL_ANS,emissible,2268
M22.48,XIII,XIII/M22.48.md,"Chondromalacie rotulienne - "" Autres """,true,false,true,false,false,,inconnu_atih,OWL_ANS,emissible,2225
M22.49,XIII,XIII/M22.49.md,"Chondromalacie rotulienne - "" Siège non précisé """,false,false,true,false,false,,inconnu_atih,OWL_ANS,emissible,2126
M22.8,XIII,XIII/M22.8.md,Autres lésions de la rotule,false,false,true,false,true,0,codable,OWL_ANS,emissible,2443
M22.80,XIII,XIII/M22.80.md,"Autres lésions de la rotule - "" Sièges multiples """,false,false,true,false,false,,inconnu_atih,OWL_ANS,emissible,2127
M22.81,XIII,XIII/M22.81.md,"Autres lésions de la rotule - "" Région scapulaire """,true,false,true,false,false,,inconnu_atih,OWL_ANS,emissible,2303
M22.82,XIII,XIII/M22.82.md,"Autres lésions de la rotule - "" Bras """,true,false,true,false,false,,inconnu_atih,OWL_ANS,emissible,2201
M22.83,XIII,XIII/M22.83.md,"Autres lésions de la rotule - "" Avant-bras """,true,false,true,false,false,,inconnu_atih,OWL_ANS,emissible,2218
M22.84,XIII,XIII/M22.84.md,"Autres lésions de la rotule - "" Main """,true,false,true,false,false,,inconnu_atih,OWL_ANS,emissible,2225
M22.85,XIII,XIII/M22.85.md,"Autres lésions de la rotule - "" Région pelvienne et cuisse """,true,false,true,false,false,,inconnu_atih,OWL_ANS,emissible,2272
M22.86,XIII,XIII/M22.86.md,"Autres lésions de la rotule - "" Jambe """,true,false,true,false,false,,inconnu_atih,OWL_ANS,emissible,2209
M22.87,XIII,XIII/M22.87.md,"Autres lésions de la rotule - "" Cheville et pied """,true,false,true,false,false,,inconnu_atih,OWL_ANS,emissible,2270
M22.88,XIII,XIII/M22.88.md,"Autres lésions de la rotule - "" Autres """,true,false,true,false,false,,inconnu_atih,OWL_ANS,emissible,2227
M22.89,XIII,XIII/M22.89.md,"Autres lésions de la rotule - "" Siège non précisé """,false,false,true,false,false,,inconnu_atih,OWL_ANS,emissible,2128
M22.9,XIII,XIII/M22.9.md,"Lésion de la rotule, sans précision",false,false,true,false,false,0,codable,OWL_ANS,emissible,2073
M22.90,XIII,XIII/M22.90.md,"Lésion de la rotule, sans précision - "" Sièges multiples """,false,false,true,false,false,,inconnu_atih,OWL_ANS,emissible,2135
M22.91,XIII,XIII/M22.91.md,"Lésion de la rotule, sans précision - "" Région scapulaire """,true,false,true,false,false,,inconnu_atih,OWL_ANS,emissible,2311
M22.92,XIII,XIII/M22.92.md,"Lésion de la rotule, sans précision - "" Bras """,true,false,true,false,false,,inconnu_atih,OWL_ANS,emissible,2209
M22.93,XIII,XIII/M22.93.md,"Lésion de la rotule, sans précision - "" Avant-bras """,true,false,true,false,false,,inconnu_atih,OWL_ANS,emissible,2226
M22.94,XIII,XIII/M22.94.md,"Lésion de la rotule, sans précision - "" Main """,true,false,true,false,false,,inconnu_atih,OWL_ANS,emissible,2233
M22.95,XIII,XIII/M22.95.md,"Lésion de la rotule, sans précision - "" Région pelvienne et cuisse """,true,false,true,false,false,,inconnu_atih,OWL_ANS,emissible,2280
M22.96,XIII,XIII/M22.96.md,"Lésion de la rotule, sans précision - "" Jambe """,true,false,true,false,false,,inconnu_atih,OWL_ANS,emissible,2217
M22.97,XIII,XIII/M22.97.md,"Lésion de la rotule, sans précision - "" Cheville et pied """,true,false,true,false,false,,inconnu_atih,OWL_ANS,emissible,2278
M22.98,XIII,XIII/M22.98.md,"Lésion de la rotule, sans précision - "" Autres """,true,false,true,false,false,,inconnu_atih,OWL_ANS,emissible,2235
M22.99,XIII,XIII/M22.99.md,"Lésion de la rotule, sans précision - "" Siège non précisé """,false,false,true,false,false,,inconnu_atih,OWL_ANS,emissible,2136
M23.0,XIII,XIII/M23.0.md,Kyste du ménisque,false,false,true,false,true,0,codable,OWL_ANS,emissible,1869
M23.00,XIII,XIII/M23.00.md,"Kyste du ménisque - "" Localisations multiples """,false,false,true,false,false,0,codable,OWL_ANS,emissible,1824
M23.01,XIII,XIII/M23.01.md,"Kyste du ménisque - "" Ligament croisé antéroexterne ou Corne antérieure du ménisque interne """,false,false,true,false,false,0,codable,OWL_ANS,emissible,1870
M23.02,XIII,XIII/M23.02.md,"Kyste du ménisque - "" Ligament croisé postérieur ou Corne postérieure du ménisque interne """,false,false,true,false,false,0,codable,OWL_ANS,emissible,1868
M23.03,XIII,XIII/M23.03.md,"Kyste du ménisque - "" Ligament interne collatéral ou Partie autre et non précisée du ménisque interne """,false,false,true,false,false,0,codable,OWL_ANS,emissible,1880
M23.04,XIII,XIII/M23.04.md,"Kyste du ménisque - "" Ligament latéral externe collatéral ou Corne antérieure du ménisque externe """,false,false,true,false,false,0,codable,OWL_ANS,emissible,1876
M23.05,XIII,XIII/M23.05.md,"Kyste du ménisque - "" Corne postérieure du ménisque externe """,false,false,true,false,false,0,codable,OWL_ANS,emissible,1838
M23.06,XIII,XIII/M23.06.md,"Kyste du ménisque - "" Partie autre et non précisée du ménisque externe """,false,false,true,false,false,0,codable,OWL_ANS,emissible,1849
M23.07,XIII,XIII/M23.07.md,"Kyste du ménisque - "" Capsule articulaire """,false,false,true,false,false,,inconnu_atih,OWL_ANS,emissible,1805
M23.09,XIII,XIII/M23.09.md,"Kyste du ménisque - "" Ligament, sans précision ou Ménisque, sans précision """,false,false,true,false,false,0,codable,OWL_ANS,emissible,1853
M23.1,XIII,XIII/M23.1.md,Ménisque discoïde (congénital),false,false,true,false,true,0,codable,OWL_ANS,emissible,1896
M23.10,XIII,XIII/M23.10.md,"Ménisque discoïde (congénital) - "" Localisations multiples """,false,false,true,false,false,0,codable,OWL_ANS,emissible,1837
M23.11,XIII,XIII/M23.11.md,"Ménisque discoïde (congénital) - "" Ligament croisé antéroexterne ou Corne antérieure du ménisque interne """,false,false,true,false,false,0,codable,OWL_ANS,emissible,1883
M23.12,XIII,XIII/M23.12.md,"Ménisque discoïde (congénital) - "" Ligament croisé postérieur ou Corne postérieure du ménisque interne """,false,false,true,false,false,0,codable,OWL_ANS,emissible,1881
M23.13,XIII,XIII/M23.13.md,"Ménisque discoïde (congénital) - "" Ligament interne collatéral ou Partie autre et non précisée du ménisque interne """,false,false,true,false,false,0,codable,OWL_ANS,emissible,1893
M23.14,XIII,XIII/M23.14.md,"Ménisque discoïde (congénital) - "" Ligament latéral externe collatéral ou Corne antérieure du ménisque externe """,false,false,true,false,false,0,codable,OWL_ANS,emissible,1889
M23.15,XIII,XIII/M23.15.md,"Ménisque discoïde (congénital) - "" Corne postérieure du ménisque externe """,false,false,true,false,false,0,codable,OWL_ANS,emissible,1851
M23.16,XIII,XIII/M23.16.md,"Ménisque discoïde (congénital) - "" Partie autre et non précisée du ménisque externe """,false,false,true,false,false,0,codable,OWL_ANS,emissible,1862
M23.17,XIII,XIII/M23.17.md,"Ménisque discoïde (congénital) - "" Capsule articulaire """,false,false,true,false,false,,inconnu_atih,OWL_ANS,emissible,1818
M23.19,XIII,XIII/M23.19.md,"Ménisque discoïde (congénital) - "" Ligament, sans précision ou Ménisque, sans précision """,false,false,true,false,false,0,codable,OWL_ANS,emissible,1866
M23.2,XIII,XIII/M23.2.md,Lésion du ménisque due à une déchirure ou un traumatisme ancien,true,false,true,false,true,0,codable,OWL_ANS,emissible,2062
M23.20,XIII,XIII/M23.20.md,"Lésion du ménisque due à une déchirure ou un traumatisme ancien - "" Localisations multiples """,true,false,true,false,false,0,codable,OWL_ANS,emissible,1987
M23.21,XIII,XIII/M23.21.md,"Lésion du ménisque due à une déchirure ou un traumatisme ancien - "" Ligament croisé antéroexterne ou Corne antérieure du ménisque interne """,true,false,true,false,false,0,codable,OWL_ANS,emissible,2033
M23.22,XIII,XIII/M23.22.md,"Lésion du ménisque due à une déchirure ou un traumatisme ancien - "" Ligament croisé postérieur ou Corne postérieure du ménisque interne """,true,false,true,false,false,0,codable,OWL_ANS,emissible,2031
M23.23,XIII,XIII/M23.23.md,"Lésion du ménisque due à une déchirure ou un traumatisme ancien - "" Ligament interne collatéral ou Partie autre et non précisée du ménisque interne """,true,false,true,false,false,0,codable,OWL_ANS,emissible,2043
M23.24,XIII,XIII/M23.24.md,"Lésion du ménisque due à une déchirure ou un traumatisme ancien - "" Ligament latéral externe collatéral ou Corne antérieure du ménisque externe """,true,false,true,false,false,0,codable,OWL_ANS,emissible,2039
M23.25,XIII,XIII/M23.25.md,"Lésion du ménisque due à une déchirure ou un traumatisme ancien - "" Corne postérieure du ménisque externe """,true,false,true,false,false,0,codable,OWL_ANS,emissible,2001
M23.26,XIII,XIII/M23.26.md,"Lésion du ménisque due à une déchirure ou un traumatisme ancien - "" Partie autre et non précisée du ménisque externe """,true,false,true,false,false,0,codable,OWL_ANS,emissible,2012
M23.27,XIII,XIII/M23.27.md,"Lésion du ménisque due à une déchirure ou un traumatisme ancien - "" Capsule articulaire """,true,false,true,false,false,,inconnu_atih,OWL_ANS,emissible,1968
M23.29,XIII,XIII/M23.29.md,"Lésion du ménisque due à une déchirure ou un traumatisme ancien - "" Ligament, sans précision ou Ménisque, sans précision """,true,false,true,false,false,0,codable,OWL_ANS,emissible,2016
M23.3,XIII,XIII/M23.3.md,Autres atteintes du ménisque,true,false,true,false,true,0,codable,OWL_ANS,emissible,2179
M23.30,XIII,XIII/M23.30.md,"Autres atteintes du ménisque - "" Localisations multiples """,true,false,true,false,false,0,codable,OWL_ANS,emissible,1979
M23.31,XIII,XIII/M23.31.md,"Autres atteintes du ménisque - "" Ligament croisé antéroexterne ou Corne antérieure du ménisque interne """,true,false,true,false,false,0,codable,OWL_ANS,emissible,2025
M23.32,XIII,XIII/M23.32.md,"Autres atteintes du ménisque - "" Ligament croisé postérieur ou Corne postérieure du ménisque interne """,true,false,true,false,false,0,codable,OWL_ANS,emissible,2023
M23.33,XIII,XIII/M23.33.md,"Autres atteintes du ménisque - "" Ligament interne collatéral ou Partie autre et non précisée du ménisque interne """,true,false,true,false,false,0,codable,OWL_ANS,emissible,2035
M23.34,XIII,XIII/M23.34.md,"Autres atteintes du ménisque - "" Ligament latéral externe collatéral ou Corne antérieure du ménisque externe """,true,false,true,false,false,0,codable,OWL_ANS,emissible,2031
M23.35,XIII,XIII/M23.35.md,"Autres atteintes du ménisque - "" Corne postérieure du ménisque externe """,true,false,true,false,false,0,codable,OWL_ANS,emissible,1993
M23.36,XIII,XIII/M23.36.md,"Autres atteintes du ménisque - "" Partie autre et non précisée du ménisque externe """,true,false,true,false,false,0,codable,OWL_ANS,emissible,2004
M23.37,XIII,XIII/M23.37.md,"Autres atteintes du ménisque - "" Capsule articulaire """,true,false,true,false,false,,inconnu_atih,OWL_ANS,emissible,1960
M23.39,XIII,XIII/M23.39.md,"Autres atteintes du ménisque - "" Ligament, sans précision ou Ménisque, sans précision """,true,false,true,false,false,0,codable,OWL_ANS,emissible,2008
M23.4,XIII,XIII/M23.4.md,Souris intraarticulaire du genou,false,false,true,false,false,0,codable,OWL_ANS,emissible,1807
M23.40,XIII,XIII/M23.40.md,"Souris intraarticulaire du genou - "" Localisations multiples """,false,false,true,false,false,3,supprime,OWL_ANS,emissible,1832
M23.41,XIII,XIII/M23.41.md,"Souris intraarticulaire du genou - "" Ligament croisé antéroexterne ou Corne antérieure du ménisque interne """,false,false,true,false,false,3,supprime,OWL_ANS,emissible,1878
M23.42,XIII,XIII/M23.42.md,"Souris intraarticulaire du genou - "" Ligament croisé postérieur ou Corne postérieure du ménisque interne """,false,false,true,false,false,3,supprime,OWL_ANS,emissible,1876
M23.43,XIII,XIII/M23.43.md,"Souris intraarticulaire du genou - "" Ligament interne collatéral ou Partie autre et non précisée du ménisque interne """,false,false,true,false,false,3,supprime,OWL_ANS,emissible,1888
M23.44,XIII,XIII/M23.44.md,"Souris intraarticulaire du genou - "" Ligament latéral externe collatéral ou Corne antérieure du ménisque externe """,false,false,true,false,false,3,supprime,OWL_ANS,emissible,1884
M23.45,XIII,XIII/M23.45.md,"Souris intraarticulaire du genou - "" Corne postérieure du ménisque externe """,false,false,true,false,false,3,supprime,OWL_ANS,emissible,1846
M23.46,XIII,XIII/M23.46.md,"Souris intraarticulaire du genou - "" Partie autre et non précisée du ménisque externe """,false,false,true,false,false,3,supprime,OWL_ANS,emissible,1857
M23.47,XIII,XIII/M23.47.md,"Souris intraarticulaire du genou - "" Capsule articulaire """,false,false,true,false,false,,inconnu_atih,OWL_ANS,emissible,1820
M23.49,XIII,XIII/M23.49.md,"Souris intraarticulaire du genou - "" Ligament, sans précision ou Ménisque, sans précision """,false,false,true,false,false,3,supprime,OWL_ANS,emissible,1861
M23.5,XIII,XIII/M23.5.md,Instabilité chronique du genou,false,false,true,false,true,0,codable,OWL_ANS,emissible,1868
M23.50,XIII,XIII/M23.50.md,"Instabilité chronique du genou - "" Localisations multiples """,false,false,true,false,false,0,codable,OWL_ANS,emissible,1837
M23.51,XIII,XIII/M23.51.md,"Instabilité chronique du genou - "" Ligament croisé antéroexterne ou Corne antérieure du ménisque interne """,false,false,true,false,false,0,codable,OWL_ANS,emissible,1883
M23.52,XIII,XIII/M23.52.md,"Instabilité chronique du genou - "" Ligament croisé postérieur ou Corne postérieure du ménisque interne """,false,false,true,false,false,0,codable,OWL_ANS,emissible,1881
M23.53,XIII,XIII/M23.53.md,"Instabilité chronique du genou - "" Ligament interne collatéral ou Partie autre et non précisée du ménisque interne """,false,false,true,false,false,0,codable,OWL_ANS,emissible,1893
M23.54,XIII,XIII/M23.54.md,"Instabilité chronique du genou - "" Ligament latéral externe collatéral ou Corne antérieure du ménisque externe """,false,false,true,false,false,0,codable,OWL_ANS,emissible,1889
M23.55,XIII,XIII/M23.55.md,"Instabilité chronique du genou - "" Corne postérieure du ménisque externe """,false,false,true,false,false,,inconnu_atih,OWL_ANS,emissible,1836
M23.56,XIII,XIII/M23.56.md,"Instabilité chronique du genou - "" Partie autre et non précisée du ménisque externe """,false,false,true,false,false,,inconnu_atih,OWL_ANS,emissible,1847
M23.57,XIII,XIII/M23.57.md,"Instabilité chronique du genou - "" Capsule articulaire """,false,false,true,false,false,0,codable,OWL_ANS,emissible,1833
M23.59,XIII,XIII/M23.59.md,"Instabilité chronique du genou - "" Ligament, sans précision ou Ménisque, sans précision """,false,false,true,false,false,0,codable,OWL_ANS,emissible,1866
M23.6,XIII,XIII/M23.6.md,Autres ruptures spontanées de ligament(s) du genou,false,false,true,false,true,0,codable,OWL_ANS,emissible,1970
M23.60,XIII,XIII/M23.60.md,"Autres ruptures spontanées de ligament(s) du genou - "" Localisations multiples """,false,false,true,false,false,0,codable,OWL_ANS,emissible,1857
M23.61,XIII,XIII/M23.61.md,"Autres ruptures spontanées de ligament(s) du genou - "" Ligament croisé antéroexterne ou Corne antérieure du ménisque interne """,false,false,true,false,false,0,codable,OWL_ANS,emissible,1903
M23.62,XIII,XIII/M23.62.md,"Autres ruptures spontanées de ligament(s) du genou - "" Ligament croisé postérieur ou Corne postérieure du ménisque interne """,false,false,true,false,false,0,codable,OWL_ANS,emissible,1901
M23.63,XIII,XIII/M23.63.md,"Autres ruptures spontanées de ligament(s) du genou - "" Ligament interne collatéral ou Partie autre et non précisée du ménisque interne """,false,false,true,false,false,0,codable,OWL_ANS,emissible,1913
M23.64,XIII,XIII/M23.64.md,"Autres ruptures spontanées de ligament(s) du genou - "" Ligament latéral externe collatéral ou Corne antérieure du ménisque externe """,false,false,true,false,false,0,codable,OWL_ANS,emissible,1909
M23.65,XIII,XIII/M23.65.md,"Autres ruptures spontanées de ligament(s) du genou - "" Corne postérieure du ménisque externe """,false,false,true,false,false,,inconnu_atih,OWL_ANS,emissible,1856
M23.66,XIII,XIII/M23.66.md,"Autres ruptures spontanées de ligament(s) du genou - "" Partie autre et non précisée du ménisque externe """,false,false,true,false,false,,inconnu_atih,OWL_ANS,emissible,1867
M23.67,XIII,XIII/M23.67.md,"Autres ruptures spontanées de ligament(s) du genou - "" Capsule articulaire """,false,false,true,false,false,0,codable,OWL_ANS,emissible,1853
M23.69,XIII,XIII/M23.69.md,"Autres ruptures spontanées de ligament(s) du genou - "" Ligament, sans précision ou Ménisque, sans précision """,false,false,true,false,false,0,codable,OWL_ANS,emissible,1886
M23.8,XIII,XIII/M23.8.md,Autres lésions internes du genou,true,false,true,false,true,0,codable,OWL_ANS,emissible,2438
M23.80,XIII,XIII/M23.80.md,"Autres lésions internes du genou - "" Localisations multiples """,true,false,true,false,false,0,codable,OWL_ANS,emissible,1967
M23.81,XIII,XIII/M23.81.md,"Autres lésions internes du genou - "" Ligament croisé antéroexterne ou Corne antérieure du ménisque interne """,true,false,true,false,false,0,codable,OWL_ANS,emissible,2013
M23.82,XIII,XIII/M23.82.md,"Autres lésions internes du genou - "" Ligament croisé postérieur ou Corne postérieure du ménisque interne """,true,false,true,false,false,0,codable,OWL_ANS,emissible,2011
M23.83,XIII,XIII/M23.83.md,"Autres lésions internes du genou - "" Ligament interne collatéral ou Partie autre et non précisée du ménisque interne """,true,false,true,false,false,0,codable,OWL_ANS,emissible,2023
M23.84,XIII,XIII/M23.84.md,"Autres lésions internes du genou - "" Ligament latéral externe collatéral ou Corne antérieure du ménisque externe """,true,false,true,false,false,0,codable,OWL_ANS,emissible,2019
M23.85,XIII,XIII/M23.85.md,"Autres lésions internes du genou - "" Corne postérieure du ménisque externe """,true,false,true,false,false,,inconnu_atih,OWL_ANS,emissible,1966
M23.86,XIII,XIII/M23.86.md,"Autres lésions internes du genou - "" Partie autre et non précisée du ménisque externe """,true,false,true,false,false,,inconnu_atih,OWL_ANS,emissible,1977
M23.87,XIII,XIII/M23.87.md,"Autres lésions internes du genou - "" Capsule articulaire """,true,false,true,false,false,0,codable,OWL_ANS,emissible,1963
M23.89,XIII,XIII/M23.89.md,"Autres lésions internes du genou - "" Ligament, sans précision ou Ménisque, sans précision """,true,false,true,false,false,0,codable,OWL_ANS,emissible,1996
M23.9,XIII,XIII/M23.9.md,"Lésion interne du genou, sans précision",false,false,true,false,true,0,codable,OWL_ANS,emissible,1846
M23.90,XIII,XIII/M23.90.md,"Lésion interne du genou, sans précision - "" Localisations multiples """,false,false,true,false,false,0,codable,OWL_ANS,emissible,1846
M23.91,XIII,XIII/M23.91.md,"Lésion interne du genou, sans précision - "" Ligament croisé antéroexterne ou Corne antérieure du ménisque interne """,false,false,true,false,false,0,codable,OWL_ANS,emissible,1892
M23.92,XIII,XIII/M23.92.md,"Lésion interne du genou, sans précision - "" Ligament croisé postérieur ou Corne postérieure du ménisque interne """,false,false,true,false,false,0,codable,OWL_ANS,emissible,1890
M23.93,XIII,XIII/M23.93.md,"Lésion interne du genou, sans précision - "" Ligament interne collatéral ou Partie autre et non précisée du ménisque interne """,false,false,true,false,false,0,codable,OWL_ANS,emissible,1902
M23.94,XIII,XIII/M23.94.md,"Lésion interne du genou, sans précision - "" Ligament latéral externe collatéral ou Corne antérieure du ménisque externe """,false,false,true,false,false,0,codable,OWL_ANS,emissible,1898
M23.95,XIII,XIII/M23.95.md,"Lésion interne du genou, sans précision - "" Corne postérieure du ménisque externe """,false,false,true,false,false,0,codable,OWL_ANS,emissible,1860
M23.96,XIII,XIII/M23.96.md,"Lésion interne du genou, sans précision - "" Partie autre et non précisée du ménisque externe """,false,false,true,false,false,0,codable,OWL_ANS,emissible,1871
M23.97,XIII,XIII/M23.97.md,"Lésion interne du genou, sans précision - "" Capsule articulaire """,false,false,true,false,false,0,codable,OWL_ANS,emissible,1842
M23.99,XIII,XIII/M23.99.md,"Lésion interne du genou, sans précision - "" Ligament, sans précision ou Ménisque, sans précision """,false,false,true,false,false,0,codable,OWL_ANS,emissible,1875
M24.0,XIII,XIII/M24.0.md,Souris intraarticulaire,false,false,true,false,true,0,codable,OWL_ANS,emissible,2391
M24.00,XIII,XIII/M24.00.md,"Souris intraarticulaire - "" Sièges multiples """,false,false,true,false,false,0,codable,OWL_ANS,emissible,2346
M24.01,XIII,XIII/M24.01.md,"Souris intraarticulaire - "" Région scapulaire """,false,true,true,false,true,0,codable,OWL_ANS,emissible,2739
M24.02,XIII,XIII/M24.02.md,"Souris intraarticulaire - "" Bras """,false,true,true,false,true,0,codable,OWL_ANS,emissible,2551
M24.03,XIII,XIII/M24.03.md,"Souris intraarticulaire - "" Avant-bras """,false,true,true,false,true,0,codable,OWL_ANS,emissible,2579
M24.04,XIII,XIII/M24.04.md,"Souris intraarticulaire - "" Main """,false,true,true,false,false,0,codable,OWL_ANS,emissible,2492
M24.05,XIII,XIII/M24.05.md,"Souris intraarticulaire - "" Région pelvienne et cuisse """,false,true,true,false,true,0,codable,OWL_ANS,emissible,2669
M24.06,XIII,XIII/M24.06.md,"Souris intraarticulaire - "" Jambe """,false,true,true,false,false,,inconnu_atih,OWL_ANS,emissible,2446
M24.07,XIII,XIII/M24.07.md,"Souris intraarticulaire - "" Cheville et pied """,false,true,true,false,true,0,codable,OWL_ANS,emissible,2677
M24.08,XIII,XIII/M24.08.md,"Souris intraarticulaire - "" Autres """,false,true,true,false,false,0,codable,OWL_ANS,emissible,2490
M24.09,XIII,XIII/M24.09.md,"Souris intraarticulaire - "" Siège non précisé """,false,false,true,false,false,0,codable,OWL_ANS,emissible,2347
M24.1,XIII,XIII/M24.1.md,Autres atteintes du cartilage articulaire,false,false,true,false,true,0,codable,OWL_ANS,emissible,2529
M24.10,XIII,XIII/M24.10.md,"Autres atteintes du cartilage articulaire - "" Sièges multiples """,false,false,true,false,false,0,codable,OWL_ANS,emissible,2441
M24.11,XIII,XIII/M24.11.md,"Autres atteintes du cartilage articulaire - "" Région scapulaire """,false,true,true,false,false,0,codable,OWL_ANS,emissible,2728
M24.12,XIII,XIII/M24.12.md,"Autres atteintes du cartilage articulaire - "" Bras """,false,true,true,false,false,0,codable,OWL_ANS,emissible,2543
M24.13,XIII,XIII/M24.13.md,"Autres atteintes du cartilage articulaire - "" Avant-bras """,false,true,true,false,false,0,codable,OWL_ANS,emissible,2569
M24.14,XIII,XIII/M24.14.md,"Autres atteintes du cartilage articulaire - "" Main """,false,true,true,false,false,0,codable,OWL_ANS,emissible,2587
M24.15,XIII,XIII/M24.15.md,"Autres atteintes du cartilage articulaire - "" Région pelvienne et cuisse """,false,true,true,false,false,0,codable,OWL_ANS,emissible,2657
M24.16,XIII,XIII/M24.16.md,"Autres atteintes du cartilage articulaire - "" Jambe """,false,true,true,false,false,3,supprime,OWL_ANS,emissible,2549
M24.17,XIII,XIII/M24.17.md,"Autres atteintes du cartilage articulaire - "" Cheville et pied """,false,true,true,false,false,0,codable,OWL_ANS,emissible,2663
M24.18,XIII,XIII/M24.18.md,"Autres atteintes du cartilage articulaire - "" Autres """,false,true,true,false,false,0,codable,OWL_ANS,emissible,2585
M24.19,XIII,XIII/M24.19.md,"Autres atteintes du cartilage articulaire - "" Siège non précisé """,false,false,true,false,false,0,codable,OWL_ANS,emissible,2442
M24.2,XIII,XIII/M24.2.md,Lésion ligamentaire,true,false,true,false,true,0,codable,OWL_ANS,emissible,2715
M24.20,XIII,XIII/M24.20.md,"Lésion ligamentaire - "" Sièges multiples """,true,false,true,false,false,0,codable,OWL_ANS,emissible,2548
M24.21,XIII,XIII/M24.21.md,"Lésion ligamentaire - "" Région scapulaire """,true,true,true,false,true,0,codable,OWL_ANS,emissible,2914
M24.22,XIII,XIII/M24.22.md,"Lésion ligamentaire - "" Bras """,true,true,true,false,true,0,codable,OWL_ANS,emissible,2726
M24.23,XIII,XIII/M24.23.md,"Lésion ligamentaire - "" Avant-bras """,true,true,true,false,true,0,codable,OWL_ANS,emissible,2754
M24.24,XIII,XIII/M24.24.md,"Lésion ligamentaire - "" Main """,true,true,true,false,false,0,codable,OWL_ANS,emissible,2694
M24.25,XIII,XIII/M24.25.md,"Lésion ligamentaire - "" Région pelvienne et cuisse """,true,true,true,false,false,0,codable,OWL_ANS,emissible,2764
M24.26,XIII,XIII/M24.26.md,"Lésion ligamentaire - "" Jambe """,true,true,true,false,false,,inconnu_atih,OWL_ANS,emissible,2648
M24.27,XIII,XIII/M24.27.md,"Lésion ligamentaire - "" Cheville et pied """,true,true,true,false,true,0,codable,OWL_ANS,emissible,2863
M24.28,XIII,XIII/M24.28.md,"Lésion ligamentaire - "" Autres """,true,true,true,false,false,0,codable,OWL_ANS,emissible,2692
M24.29,XIII,XIII/M24.29.md,"Lésion ligamentaire - "" Siège non précisé """,true,false,true,false,false,0,codable,OWL_ANS,emissible,2549
M24.3,XIII,XIII/M24.3.md,"Luxation et subluxation pathologiques d'une articulation, non classées ailleurs",false,false,true,false,true,0,codable,OWL_ANS,emissible,2711
M24.30,XIII,XIII/M24.30.md,"Luxation et subluxation pathologiques d'une articulation, non classées ailleurs - "" Sièges multiples """,false,false,true,false,false,0,codable,OWL_ANS,emissible,2659
M24.31,XIII,XIII/M24.31.md,"Luxation et subluxation pathologiques d'une articulation, non classées ailleurs - "" Région scapulaire """,false,true,true,false,false,0,codable,OWL_ANS,emissible,2946
M24.32,XIII,XIII/M24.32.md,"Luxation et subluxation pathologiques d'une articulation, non classées ailleurs - "" Bras """,false,true,true,false,false,0,codable,OWL_ANS,emissible,2761
M24.33,XIII,XIII/M24.33.md,"Luxation et subluxation pathologiques d'une articulation, non classées ailleurs - "" Avant-bras """,false,true,true,false,false,0,codable,OWL_ANS,emissible,2787
M24.34,XIII,XIII/M24.34.md,"Luxation et subluxation pathologiques d'une articulation, non classées ailleurs - "" Main """,false,true,true,false,false,0,codable,OWL_ANS,emissible,2805
M24.35,XIII,XIII/M24.35.md,"Luxation et subluxation pathologiques d'une articulation, non classées ailleurs - "" Région pelvienne et cuisse """,false,true,true,false,false,0,codable,OWL_ANS,emissible,2875
M24.36,XIII,XIII/M24.36.md,"Luxation et subluxation pathologiques d'une articulation, non classées ailleurs - "" Jambe """,false,true,true,false,false,0,codable,OWL_ANS,emissible,2774
M24.37,XIII,XIII/M24.37.md,"Luxation et subluxation pathologiques d'une articulation, non classées ailleurs - "" Cheville et pied """,false,true,true,false,false,0,codable,OWL_ANS,emissible,2881
M24.38,XIII,XIII/M24.38.md,"Luxation et subluxation pathologiques d'une articulation, non classées ailleurs - "" Autres """,false,true,true,false,false,0,codable,OWL_ANS,emissible,2803
M24.39,XIII,XIII/M24.39.md,"Luxation et subluxation pathologiques d'une articulation, non classées ailleurs - "" Siège non précisé """,false,false,true,false,false,0,codable,OWL_ANS,emissible,2660
M24.4,XIII,XIII/M24.4.md,Luxation et subluxation articulaires récidivantes,false,false,true,false,true,0,codable,OWL_ANS,emissible,2563
M24.40,XIII,XIII/M24.40.md,"Luxation et subluxation articulaires récidivantes - "" Sièges multiples """,false,false,true,false,false,0,codable,OWL_ANS,emissible,2389
M24.41,XIII,XIII/M24.41.md,"Luxation et subluxation articulaires récidivantes - "" Région scapulaire """,false,true,true,false,true,0,codable,OWL_ANS,emissible,2751
M24.42,XIII,XIII/M24.42.md,"Luxation et subluxation articulaires récidivantes - "" Bras """,false,true,true,false,true,0,codable,OWL_ANS,emissible,2563
M24.43,XIII,XIII/M24.43.md,"Luxation et subluxation articulaires récidivantes - "" Avant-bras """,false,true,true,false,false,0,codable,OWL_ANS,emissible,2517
M24.44,XIII,XIII/M24.44.md,"Luxation et subluxation articulaires récidivantes - "" Main """,false,true,true,false,false,0,codable,OWL_ANS,emissible,2535
M24.45,XIII,XIII/M24.45.md,"Luxation et subluxation articulaires récidivantes - "" Région pelvienne et cuisse """,false,true,true,false,true,0,codable,OWL_ANS,emissible,2681
M24.46,XIII,XIII/M24.46.md,"Luxation et subluxation articulaires récidivantes - "" Jambe """,false,true,true,false,false,0,codable,OWL_ANS,emissible,2504
M24.47,XIII,XIII/M24.47.md,"Luxation et subluxation articulaires récidivantes - "" Cheville et pied """,false,true,true,false,true,0,codable,OWL_ANS,emissible,2700
M24.48,XIII,XIII/M24.48.md,"Luxation et subluxation articulaires récidivantes - "" Autres """,false,true,true,false,false,0,codable,OWL_ANS,emissible,2533
M24.49,XIII,XIII/M24.49.md,"Luxation et subluxation articulaires récidivantes - "" Siège non précisé """,false,false,true,false,false,0,codable,OWL_ANS,emissible,2390
M24.5,XIII,XIII/M24.5.md,Raideur articulaire par contracture,false,false,true,false,true,0,codable,OWL_ANS,emissible,2851
M24.50,XIII,XIII/M24.50.md,"Raideur articulaire par contracture - "" Sièges multiples """,false,false,true,false,false,0,codable,OWL_ANS,emissible,2474
M24.51,XIII,XIII/M24.51.md,"Raideur articulaire par contracture - "" Région scapulaire """,false,true,true,false,false,0,codable,OWL_ANS,emissible,2761
M24.52,XIII,XIII/M24.52.md,"Raideur articulaire par contracture - "" Bras """,false,true,true,false,false,0,codable,OWL_ANS,emissible,2576
M24.53,XIII,XIII/M24.53.md,"Raideur articulaire par contracture - "" Avant-bras """,false,true,true,false,false,0,codable,OWL_ANS,emissible,2602
M24.54,XIII,XIII/M24.54.md,"Raideur articulaire par contracture - "" Main """,false,true,true,false,false,0,codable,OWL_ANS,emissible,2620
M24.55,XIII,XIII/M24.55.md,"Raideur articulaire par contracture - "" Région pelvienne et cuisse """,false,true,true,false,false,0,codable,OWL_ANS,emissible,2690
M24.56,XIII,XIII/M24.56.md,"Raideur articulaire par contracture - "" Jambe """,false,true,true,false,false,0,codable,OWL_ANS,emissible,2589
M24.57,XIII,XIII/M24.57.md,"Raideur articulaire par contracture - "" Cheville et pied """,false,true,true,false,false,0,codable,OWL_ANS,emissible,2696
M24.58,XIII,XIII/M24.58.md,"Raideur articulaire par contracture - "" Autres """,false,true,true,false,false,0,codable,OWL_ANS,emissible,2618
M24.59,XIII,XIII/M24.59.md,"Raideur articulaire par contracture - "" Siège non précisé """,false,false,true,false,false,0,codable,OWL_ANS,emissible,2475
M24.6,XIII,XIII/M24.6.md,Ankylose articulaire,false,false,true,false,true,0,codable,OWL_ANS,emissible,2707
M24.60,XIII,XIII/M24.60.md,"Ankylose articulaire - "" Sièges multiples """,false,false,true,false,false,0,codable,OWL_ANS,emissible,2359
M24.61,XIII,XIII/M24.61.md,"Ankylose articulaire - "" Région scapulaire """,false,true,true,false,false,0,codable,OWL_ANS,emissible,2646
M24.62,XIII,XIII/M24.62.md,"Ankylose articulaire - "" Bras """,false,true,true,false,true,0,codable,OWL_ANS,emissible,2521
M24.63,XIII,XIII/M24.63.md,"Ankylose articulaire - "" Avant-bras """,false,true,true,false,false,0,codable,OWL_ANS,emissible,2487
M24.64,XIII,XIII/M24.64.md,"Ankylose articulaire - "" Main """,false,true,true,false,false,0,codable,OWL_ANS,emissible,2505
M24.65,XIII,XIII/M24.65.md,"Ankylose articulaire - "" Région pelvienne et cuisse """,false,true,true,false,true,0,codable,OWL_ANS,emissible,2636
M24.66,XIII,XIII/M24.66.md,"Ankylose articulaire - "" Jambe """,false,true,true,false,true,0,codable,OWL_ANS,emissible,2534
M24.67,XIII,XIII/M24.67.md,"Ankylose articulaire - "" Cheville et pied """,false,true,true,false,true,0,codable,OWL_ANS,emissible,2647
M24.68,XIII,XIII/M24.68.md,"Ankylose articulaire - "" Autres """,false,true,true,false,false,0,codable,OWL_ANS,emissible,2503
M24.69,XIII,XIII/M24.69.md,"Ankylose articulaire - "" Siège non précisé """,false,false,true,false,false,0,codable,OWL_ANS,emissible,2360
M24.7,XIII,XIII/M24.7.md,Protrusion acétabulaire,false,false,true,false,true,0,codable,OWL_ANS,emissible,2373
M24.70,XIII,XIII/M24.70.md,"Protrusion acétabulaire - "" Sièges multiples """,false,false,true,false,false,3,supprime,OWL_ANS,emissible,2298
M24.71,XIII,XIII/M24.71.md,"Protrusion acétabulaire - "" Région scapulaire """,false,true,true,false,false,,inconnu_atih,OWL_ANS,emissible,2577
M24.72,XIII,XIII/M24.72.md,"Protrusion acétabulaire - "" Bras """,false,true,true,false,false,,inconnu_atih,OWL_ANS,emissible,2392
M24.73,XIII,XIII/M24.73.md,"Protrusion acétabulaire - "" Avant-bras """,false,true,true,false,false,,inconnu_atih,OWL_ANS,emissible,2418
M24.74,XIII,XIII/M24.74.md,"Protrusion acétabulaire - "" Main """,false,true,true,false,false,,inconnu_atih,OWL_ANS,emissible,2436
M24.75,XIII,XIII/M24.75.md,"Protrusion acétabulaire - "" Région pelvienne et cuisse """,false,true,true,false,false,0,codable,OWL_ANS,emissible,2521
M24.76,XIII,XIII/M24.76.md,"Protrusion acétabulaire - "" Jambe """,false,true,true,false,false,,inconnu_atih,OWL_ANS,emissible,2405
M24.77,XIII,XIII/M24.77.md,"Protrusion acétabulaire - "" Cheville et pied """,false,true,true,false,false,,inconnu_atih,OWL_ANS,emissible,2512
M24.78,XIII,XIII/M24.78.md,"Protrusion acétabulaire - "" Autres """,false,true,true,false,false,,inconnu_atih,OWL_ANS,emissible,2434
M24.79,XIII,XIII/M24.79.md,"Protrusion acétabulaire - "" Siège non précisé """,false,false,true,false,false,,inconnu_atih,OWL_ANS,emissible,2291
M24.8,XIII,XIII/M24.8.md,"Autres affections articulaires spécifiques, non classées ailleurs",true,false,true,false,true,0,codable,OWL_ANS,emissible,3226
M24.80,XIII,XIII/M24.80.md,"Autres affections articulaires spécifiques, non classées ailleurs - "" Sièges multiples """,false,false,true,false,false,0,codable,OWL_ANS,emissible,2407
M24.81,XIII,XIII/M24.81.md,"Autres affections articulaires spécifiques, non classées ailleurs - "" Région scapulaire """,false,true,true,false,false,0,codable,OWL_ANS,emissible,2694
M24.82,XIII,XIII/M24.82.md,"Autres affections articulaires spécifiques, non classées ailleurs - "" Bras """,false,true,true,false,false,0,codable,OWL_ANS,emissible,2509
M24.83,XIII,XIII/M24.83.md,"Autres affections articulaires spécifiques, non classées ailleurs - "" Avant-bras """,false,true,true,false,false,0,codable,OWL_ANS,emissible,2535
M24.84,XIII,XIII/M24.84.md,"Autres affections articulaires spécifiques, non classées ailleurs - "" Main """,false,true,true,false,false,0,codable,OWL_ANS,emissible,2553
M24.85,XIII,XIII/M24.85.md,"Autres affections articulaires spécifiques, non classées ailleurs - "" Région pelvienne et cuisse """,false,true,true,false,false,0,codable,OWL_ANS,emissible,2623
M24.86,XIII,XIII/M24.86.md,"Autres affections articulaires spécifiques, non classées ailleurs - "" Jambe """,false,true,true,false,false,0,codable,OWL_ANS,emissible,2522
M24.87,XIII,XIII/M24.87.md,"Autres affections articulaires spécifiques, non classées ailleurs - "" Cheville et pied """,false,true,true,false,false,0,codable,OWL_ANS,emissible,2629
M24.88,XIII,XIII/M24.88.md,"Autres affections articulaires spécifiques, non classées ailleurs - "" Autres """,false,true,true,false,false,0,codable,OWL_ANS,emissible,2551
M24.89,XIII,XIII/M24.89.md,"Autres affections articulaires spécifiques, non classées ailleurs - "" Siège non précisé """,false,false,true,false,false,0,codable,OWL_ANS,emissible,2408
M24.9,XIII,XIII/M24.9.md,"Lésion articulaire, sans précision",false,false,true,false,true,1,interdit_dp_dr,OWL_ANS,emissible,2497
M24.90,XIII,XIII/M24.90.md,"Lésion articulaire, sans précision - "" Sièges multiples """,false,false,true,false,false,1,interdit_dp_dr,OWL_ANS,emissible,2318
M24.91,XIII,XIII/M24.91.md,"Lésion articulaire, sans précision - "" Région scapulaire """,false,true,true,false,false,1,interdit_dp_dr,OWL_ANS,emissible,2605
M24.92,XIII,XIII/M24.92.md,"Lésion articulaire, sans précision - "" Bras """,false,true,true,false,false,1,interdit_dp_dr,OWL_ANS,emissible,2420
M24.93,XIII,XIII/M24.93.md,"Lésion articulaire, sans précision - "" Avant-bras """,false,true,true,false,false,1,interdit_dp_dr,OWL_ANS,emissible,2446
M24.94,XIII,XIII/M24.94.md,"Lésion articulaire, sans précision - "" Main """,false,true,true,false,false,1,interdit_dp_dr,OWL_ANS,emissible,2464
M24.95,XIII,XIII/M24.95.md,"Lésion articulaire, sans précision - "" Région pelvienne et cuisse """,false,true,true,false,false,1,interdit_dp_dr,OWL_ANS,emissible,2534
M24.96,XIII,XIII/M24.96.md,"Lésion articulaire, sans précision - "" Jambe """,false,true,true,false,false,1,interdit_dp_dr,OWL_ANS,emissible,2433
M24.97,XIII,XIII/M24.97.md,"Lésion articulaire, sans précision - "" Cheville et pied """,false,true,true,false,false,1,interdit_dp_dr,OWL_ANS,emissible,2540
M24.98,XIII,XIII/M24.98.md,"Lésion articulaire, sans précision - "" Autres """,false,true,true,false,false,1,interdit_dp_dr,OWL_ANS,emissible,2462
M24.99,XIII,XIII/M24.99.md,"Lésion articulaire, sans précision - "" Siège non précisé """,false,false,true,false,false,1,interdit_dp_dr,OWL_ANS,emissible,2319
M25.0,XIII,XIII/M25.0.md,Hémarthrose,false,false,true,false,true,0,codable,OWL_ANS,emissible,2542
M25.00,XIII,XIII/M25.00.md,"Hémarthrose - "" Sièges multiples """,false,false,true,false,false,0,codable,OWL_ANS,emissible,2375
M25.01,XIII,XIII/M25.01.md,"Hémarthrose - "" Région scapulaire """,false,true,true,false,true,0,codable,OWL_ANS,emissible,2773
M25.02,XIII,XIII/M25.02.md,"Hémarthrose - "" Bras """,false,true,true,false,true,0,codable,OWL_ANS,emissible,2556
M25.03,XIII,XIII/M25.03.md,"Hémarthrose - "" Avant-bras """,false,true,true,false,true,0,codable,OWL_ANS,emissible,2584
M25.04,XIII,XIII/M25.04.md,"Hémarthrose - "" Main """,false,true,true,false,true,0,codable,OWL_ANS,emissible,2602
M25.05,XIII,XIII/M25.05.md,"Hémarthrose - "" Région pelvienne et cuisse """,false,true,true,false,true,0,codable,OWL_ANS,emissible,2674
M25.06,XIII,XIII/M25.06.md,"Hémarthrose - "" Jambe """,false,true,true,false,true,0,codable,OWL_ANS,emissible,2569
M25.07,XIII,XIII/M25.07.md,"Hémarthrose - "" Cheville et pied """,false,true,true,false,true,0,codable,OWL_ANS,emissible,2682
M25.08,XIII,XIII/M25.08.md,"Hémarthrose - "" Autres """,false,true,true,false,false,0,codable,OWL_ANS,emissible,2519
M25.09,XIII,XIII/M25.09.md,"Hémarthrose - "" Siège non précisé """,false,false,true,false,false,0,codable,OWL_ANS,emissible,2376
M25.1,XIII,XIII/M25.1.md,Fistule articulaire,false,false,true,false,true,0,codable,OWL_ANS,emissible,2324
M25.10,XIII,XIII/M25.10.md,"Fistule articulaire - "" Sièges multiples """,false,false,true,false,false,0,codable,OWL_ANS,emissible,2294
M25.11,XIII,XIII/M25.11.md,"Fistule articulaire - "" Région scapulaire """,false,true,true,false,false,0,codable,OWL_ANS,emissible,2581
M25.12,XIII,XIII/M25.12.md,"Fistule articulaire - "" Bras """,false,true,true,false,false,0,codable,OWL_ANS,emissible,2396
M25.13,XIII,XIII/M25.13.md,"Fistule articulaire - "" Avant-bras """,false,true,true,false,false,0,codable,OWL_ANS,emissible,2422
M25.14,XIII,XIII/M25.14.md,"Fistule articulaire - "" Main """,false,true,true,false,false,0,codable,OWL_ANS,emissible,2440
M25.15,XIII,XIII/M25.15.md,"Fistule articulaire - "" Région pelvienne et cuisse """,false,true,true,false,false,0,codable,OWL_ANS,emissible,2510
M25.16,XIII,XIII/M25.16.md,"Fistule articulaire - "" Jambe """,false,true,true,false,false,0,codable,OWL_ANS,emissible,2409
M25.17,XIII,XIII/M25.17.md,"Fistule articulaire - "" Cheville et pied """,false,true,true,false,false,0,codable,OWL_ANS,emissible,2516
M25.18,XIII,XIII/M25.18.md,"Fistule articulaire - "" Autres """,false,true,true,false,false,0,codable,OWL_ANS,emissible,2438
M25.19,XIII,XIII/M25.19.md,"Fistule articulaire - "" Siège non précisé """,false,false,true,false,false,0,codable,OWL_ANS,emissible,2295
M25.2,XIII,XIII/M25.2.md,Hyperlaxité articulaire,false,false,true,false,true,0,codable,OWL_ANS,emissible,2387
M25.20,XIII,XIII/M25.20.md,"Hyperlaxité articulaire - "" Sièges multiples """,false,false,true,false,false,0,codable,OWL_ANS,emissible,2298
M25.21,XIII,XIII/M25.21.md,"Hyperlaxité articulaire - "" Région scapulaire """,false,true,true,false,false,0,codable,OWL_ANS,emissible,2585
M25.22,XIII,XIII/M25.22.md,"Hyperlaxité articulaire - "" Bras """,false,true,true,false,false,0,codable,OWL_ANS,emissible,2400
M25.23,XIII,XIII/M25.23.md,"Hyperlaxité articulaire - "" Avant-bras """,false,true,true,false,false,0,codable,OWL_ANS,emissible,2426
M25.24,XIII,XIII/M25.24.md,"Hyperlaxité articulaire - "" Main """,false,true,true,false,false,0,codable,OWL_ANS,emissible,2444
M25.25,XIII,XIII/M25.25.md,"Hyperlaxité articulaire - "" Région pelvienne et cuisse """,false,true,true,false,false,0,codable,OWL_ANS,emissible,2514
M25.26,XIII,XIII/M25.26.md,"Hyperlaxité articulaire - "" Jambe """,false,true,true,false,false,3,supprime,OWL_ANS,emissible,2406
M25.27,XIII,XIII/M25.27.md,"Hyperlaxité articulaire - "" Cheville et pied """,false,true,true,false,false,0,codable,OWL_ANS,emissible,2520
M25.28,XIII,XIII/M25.28.md,"Hyperlaxité articulaire - "" Autres """,false,true,true,false,false,0,codable,OWL_ANS,emissible,2442
M25.29,XIII,XIII/M25.29.md,"Hyperlaxité articulaire - "" Siège non précisé """,false,false,true,false,false,0,codable,OWL_ANS,emissible,2299
M25.3,XIII,XIII/M25.3.md,Autres instabilités articulaires,false,false,true,false,true,0,codable,OWL_ANS,emissible,2524
M25.30,XIII,XIII/M25.30.md,"Autres instabilités articulaires - "" Sièges multiples """,false,false,true,false,false,0,codable,OWL_ANS,emissible,2435
M25.31,XIII,XIII/M25.31.md,"Autres instabilités articulaires - "" Région scapulaire """,false,true,true,false,false,0,codable,OWL_ANS,emissible,2722
M25.32,XIII,XIII/M25.32.md,"Autres instabilités articulaires - "" Bras """,false,true,true,false,false,0,codable,OWL_ANS,emissible,2537
M25.33,XIII,XIII/M25.33.md,"Autres instabilités articulaires - "" Avant-bras """,false,true,true,false,false,0,codable,OWL_ANS,emissible,2563
M25.34,XIII,XIII/M25.34.md,"Autres instabilités articulaires - "" Main """,false,true,true,false,false,0,codable,OWL_ANS,emissible,2581
M25.35,XIII,XIII/M25.35.md,"Autres instabilités articulaires - "" Région pelvienne et cuisse """,false,true,true,false,false,0,codable,OWL_ANS,emissible,2651
M25.36,XIII,XIII/M25.36.md,"Autres instabilités articulaires - "" Jambe """,false,true,true,false,false,3,supprime,OWL_ANS,emissible,2543
M25.37,XIII,XIII/M25.37.md,"Autres instabilités articulaires - "" Cheville et pied """,false,true,true,false,false,0,codable,OWL_ANS,emissible,2657
M25.38,XIII,XIII/M25.38.md,"Autres instabilités articulaires - "" Autres """,false,true,true,false,false,0,codable,OWL_ANS,emissible,2579
M25.39,XIII,XIII/M25.39.md,"Autres instabilités articulaires - "" Siège non précisé """,false,false,true,false,false,0,codable,OWL_ANS,emissible,2436
M25.4,XIII,XIII/M25.4.md,Épanchement articulaire,false,false,true,false,true,0,codable,OWL_ANS,emissible,2500
M25.40,XIII,XIII/M25.40.md,"Épanchement articulaire - "" Sièges multiples """,false,false,true,false,false,0,codable,OWL_ANS,emissible,2335
M25.41,XIII,XIII/M25.41.md,"Épanchement articulaire - "" Région scapulaire """,false,true,true,false,true,0,codable,OWL_ANS,emissible,2688
M25.42,XIII,XIII/M25.42.md,"Épanchement articulaire - "" Bras """,false,true,true,false,true,0,codable,OWL_ANS,emissible,2500
M25.43,XIII,XIII/M25.43.md,"Épanchement articulaire - "" Avant-bras """,false,true,true,false,false,0,codable,OWL_ANS,emissible,2463
M25.44,XIII,XIII/M25.44.md,"Épanchement articulaire - "" Main """,false,true,true,false,false,0,codable,OWL_ANS,emissible,2481
M25.45,XIII,XIII/M25.45.md,"Épanchement articulaire - "" Région pelvienne et cuisse """,false,true,true,false,true,0,codable,OWL_ANS,emissible,2618
M25.46,XIII,XIII/M25.46.md,"Épanchement articulaire - "" Jambe """,false,true,true,false,true,0,codable,OWL_ANS,emissible,2513
M25.47,XIII,XIII/M25.47.md,"Épanchement articulaire - "" Cheville et pied """,false,true,true,false,false,0,codable,OWL_ANS,emissible,2557
M25.48,XIII,XIII/M25.48.md,"Épanchement articulaire - "" Autres """,false,true,true,false,false,0,codable,OWL_ANS,emissible,2479
M25.49,XIII,XIII/M25.49.md,"Épanchement articulaire - "" Siège non précisé """,false,false,true,false,false,0,codable,OWL_ANS,emissible,2336
M25.5,XIII,XIII/M25.5.md,Douleur articulaire,false,false,true,false,true,0,codable,OWL_ANS,emissible,2629
M25.50,XIII,XIII/M25.50.md,"Douleur articulaire - "" Sièges multiples """,false,false,true,false,false,0,codable,OWL_ANS,emissible,2294
M25.51,XIII,XIII/M25.51.md,"Douleur articulaire - "" Région scapulaire """,false,true,true,false,true,0,codable,OWL_ANS,emissible,2643
M25.52,XIII,XIII/M25.52.md,"Douleur articulaire - "" Bras """,false,true,true,false,true,0,codable,OWL_ANS,emissible,2455
M25.53,XIII,XIII/M25.53.md,"Douleur articulaire - "" Avant-bras """,false,true,true,false,true,0,codable,OWL_ANS,emissible,2483
M25.54,XIII,XIII/M25.54.md,"Douleur articulaire - "" Main """,false,true,true,false,true,0,codable,OWL_ANS,emissible,2501
M25.55,XIII,XIII/M25.55.md,"Douleur articulaire - "" Région pelvienne et cuisse """,false,true,true,false,true,0,codable,OWL_ANS,emissible,2573
M25.56,XIII,XIII/M25.56.md,"Douleur articulaire - "" Jambe """,false,true,true,false,true,0,codable,OWL_ANS,emissible,2468
M25.57,XIII,XIII/M25.57.md,"Douleur articulaire - "" Cheville et pied """,false,true,true,false,true,0,codable,OWL_ANS,emissible,2592
M25.58,XIII,XIII/M25.58.md,"Douleur articulaire - "" Autres """,false,true,true,false,false,0,codable,OWL_ANS,emissible,2438
M25.59,XIII,XIII/M25.59.md,"Douleur articulaire - "" Siège non précisé """,false,false,true,false,false,0,codable,OWL_ANS,emissible,2295
M25.6,XIII,XIII/M25.6.md,"Raideur articulaire, non classée ailleurs",false,false,true,false,true,0,codable,OWL_ANS,emissible,2579
M25.60,XIII,XIII/M25.60.md,"Raideur articulaire, non classée ailleurs - "" Sièges multiples """,false,false,true,false,false,0,codable,OWL_ANS,emissible,2316
M25.61,XIII,XIII/M25.61.md,"Raideur articulaire, non classée ailleurs - "" Région scapulaire """,false,true,true,false,false,0,codable,OWL_ANS,emissible,2603
M25.62,XIII,XIII/M25.62.md,"Raideur articulaire, non classée ailleurs - "" Bras """,false,true,true,false,false,0,codable,OWL_ANS,emissible,2418
M25.63,XIII,XIII/M25.63.md,"Raideur articulaire, non classée ailleurs - "" Avant-bras """,false,true,true,false,false,0,codable,OWL_ANS,emissible,2444
M25.64,XIII,XIII/M25.64.md,"Raideur articulaire, non classée ailleurs - "" Main """,false,true,true,false,false,0,codable,OWL_ANS,emissible,2462
M25.65,XIII,XIII/M25.65.md,"Raideur articulaire, non classée ailleurs - "" Région pelvienne et cuisse """,false,true,true,false,false,0,codable,OWL_ANS,emissible,2532
M25.66,XIII,XIII/M25.66.md,"Raideur articulaire, non classée ailleurs - "" Jambe """,false,true,true,false,false,0,codable,OWL_ANS,emissible,2431
M25.67,XIII,XIII/M25.67.md,"Raideur articulaire, non classée ailleurs - "" Cheville et pied """,false,true,true,false,false,0,codable,OWL_ANS,emissible,2538
M25.68,XIII,XIII/M25.68.md,"Raideur articulaire, non classée ailleurs - "" Autres """,false,true,true,false,false,0,codable,OWL_ANS,emissible,2460
M25.69,XIII,XIII/M25.69.md,"Raideur articulaire, non classée ailleurs - "" Siège non précisé """,false,false,true,false,false,0,codable,OWL_ANS,emissible,2317
M25.7,XIII,XIII/M25.7.md,Ostéophyte,false,false,true,false,true,0,codable,OWL_ANS,emissible,2341
M25.70,XIII,XIII/M25.70.md,"Ostéophyte - "" Sièges multiples """,false,false,true,false,false,0,codable,OWL_ANS,emissible,2285
M25.71,XIII,XIII/M25.71.md,"Ostéophyte - "" Région scapulaire """,false,true,true,false,false,0,codable,OWL_ANS,emissible,2572
M25.72,XIII,XIII/M25.72.md,"Ostéophyte - "" Bras """,false,true,true,false,false,0,codable,OWL_ANS,emissible,2387
M25.73,XIII,XIII/M25.73.md,"Ostéophyte - "" Avant-bras """,false,true,true,false,false,0,codable,OWL_ANS,emissible,2413
M25.74,XIII,XIII/M25.74.md,"Ostéophyte - "" Main """,false,true,true,false,false,0,codable,OWL_ANS,emissible,2431
M25.75,XIII,XIII/M25.75.md,"Ostéophyte - "" Région pelvienne et cuisse """,false,true,true,false,false,0,codable,OWL_ANS,emissible,2501
M25.76,XIII,XIII/M25.76.md,"Ostéophyte - "" Jambe """,false,true,true,false,false,0,codable,OWL_ANS,emissible,2400
M25.77,XIII,XIII/M25.77.md,"Ostéophyte - "" Cheville et pied """,false,true,true,false,false,0,codable,OWL_ANS,emissible,2507
M25.78,XIII,XIII/M25.78.md,"Ostéophyte - "" Autres """,false,true,true,false,false,0,codable,OWL_ANS,emissible,2429
M25.79,XIII,XIII/M25.79.md,"Ostéophyte - "" Siège non précisé """,false,false,true,false,false,0,codable,OWL_ANS,emissible,2286
M25.8,XIII,XIII/M25.8.md,Autres affections articulaires précisées,false,false,true,false,true,0,codable,OWL_ANS,emissible,2822
M25.80,XIII,XIII/M25.80.md,"Autres affections articulaires précisées - "" Sièges multiples """,false,false,true,false,false,0,codable,OWL_ANS,emissible,2315
M25.81,XIII,XIII/M25.81.md,"Autres affections articulaires précisées - "" Région scapulaire """,false,true,true,false,true,0,codable,OWL_ANS,emissible,2734
M25.82,XIII,XIII/M25.82.md,"Autres affections articulaires précisées - "" Bras """,false,true,true,false,true,0,codable,OWL_ANS,emissible,2515
M25.83,XIII,XIII/M25.83.md,"Autres affections articulaires précisées - "" Avant-bras """,false,true,true,false,true,0,codable,OWL_ANS,emissible,2543
M25.84,XIII,XIII/M25.84.md,"Autres affections articulaires précisées - "" Main """,false,true,true,false,false,0,codable,OWL_ANS,emissible,2461
M25.85,XIII,XIII/M25.85.md,"Autres affections articulaires précisées - "" Région pelvienne et cuisse """,false,true,true,false,true,0,codable,OWL_ANS,emissible,2665
M25.86,XIII,XIII/M25.86.md,"Autres affections articulaires précisées - "" Jambe """,false,true,true,false,true,0,codable,OWL_ANS,emissible,2528
M25.87,XIII,XIII/M25.87.md,"Autres affections articulaires précisées - "" Cheville et pied """,false,true,true,false,true,0,codable,OWL_ANS,emissible,2641
M25.88,XIII,XIII/M25.88.md,"Autres affections articulaires précisées - "" Autres """,false,true,true,false,false,0,codable,OWL_ANS,emissible,2459
M25.89,XIII,XIII/M25.89.md,"Autres affections articulaires précisées - "" Siège non précisé """,false,false,true,false,false,0,codable,OWL_ANS,emissible,2316
M25.9,XIII,XIII/M25.9.md,"Affection articulaire, sans précision",true,false,true,false,true,1,interdit_dp_dr,OWL_ANS,emissible,2422
M25.90,XIII,XIII/M25.90.md,"Affection articulaire, sans précision - "" Sièges multiples """,true,false,true,false,false,1,interdit_dp_dr,OWL_ANS,emissible,2409
M25.91,XIII,XIII/M25.91.md,"Affection articulaire, sans précision - "" Région scapulaire """,true,true,true,false,false,1,interdit_dp_dr,OWL_ANS,emissible,2696
M25.92,XIII,XIII/M25.92.md,"Affection articulaire, sans précision - "" Bras """,true,true,true,false,false,1,interdit_dp_dr,OWL_ANS,emissible,2511
M25.93,XIII,XIII/M25.93.md,"Affection articulaire, sans précision - "" Avant-bras """,true,true,true,false,false,1,interdit_dp_dr,OWL_ANS,emissible,2537
M25.94,XIII,XIII/M25.94.md,"Affection articulaire, sans précision - "" Main """,true,true,true,false,false,1,interdit_dp_dr,OWL_ANS,emissible,2555
M25.95,XIII,XIII/M25.95.md,"Affection articulaire, sans précision - "" Région pelvienne et cuisse """,true,true,true,false,false,1,interdit_dp_dr,OWL_ANS,emissible,2625
M25.96,XIII,XIII/M25.96.md,"Affection articulaire, sans précision - "" Jambe """,true,true,true,false,false,1,interdit_dp_dr,OWL_ANS,emissible,2524
M25.97,XIII,XIII/M25.97.md,"Affection articulaire, sans précision - "" Cheville et pied """,true,true,true,false,false,1,interdit_dp_dr,OWL_ANS,emissible,2631
M25.98,XIII,XIII/M25.98.md,"Affection articulaire, sans précision - "" Autres """,true,true,true,false,false,1,interdit_dp_dr,OWL_ANS,emissible,2553
M25.99,XIII,XIII/M25.99.md,"Affection articulaire, sans précision - "" Siège non précisé """,true,false,true,false,false,1,interdit_dp_dr,OWL_ANS,emissible,2410
M30.0,XIII,XIII/M30.0.md,Périartérite noueuse,true,false,true,false,true,0,codable,OWL_ANS,emissible,2098
M30.1,XIII,XIII/M30.1.md,Périartérite avec atteinte pulmonaire [Churg–Strauss],true,false,true,false,true,0,codable,OWL_ANS,emissible,2320
M30.2,XIII,XIII/M30.2.md,Périartérite juvénile,true,false,true,false,true,0,codable,OWL_ANS,emissible,1733
M30.3,XIII,XIII/M30.3.md,Syndrome adéno-cutanéo-muqueux [Kawasaki],true,false,true,false,true,0,codable,OWL_ANS,emissible,1842
M30.8,XIII,XIII/M30.8.md,Autres affections apparentées à la périartérite noueuse,true,false,true,false,true,0,codable,OWL_ANS,emissible,2145
M31.0,XIII,XIII/M31.0.md,Angéite d'hypersensibilité,true,false,true,false,true,0,codable,OWL_ANS,emissible,2346
M31.1,XIII,XIII/M31.1.md,Microangiopathie thrombotique,true,false,true,false,true,0,codable,OWL_ANS,emissible,2400
M31.3,XIII,XIII/M31.3.md,Granulomatose de Wegener,true,false,true,false,true,0,codable,OWL_ANS,emissible,2154
M31.4,XIII,XIII/M31.4.md,Syndrome de la crosse aortique [Takayasu],true,false,true,false,true,0,codable,OWL_ANS,emissible,1827
M31.5,XIII,XIII/M31.5.md,Artérite à cellules géantes avec polymyalgie rhumatismale,true,false,true,false,true,0,codable,OWL_ANS,emissible,1806
M31.6,XIII,XIII/M31.6.md,Autres artérites à cellules géantes,true,false,true,false,true,0,codable,OWL_ANS,emissible,2145
M31.7,XIII,XIII/M31.7.md,Polyangéite microscopique,true,false,true,false,true,0,codable,OWL_ANS,emissible,1851
M31.8,XIII,XIII/M31.8.md,Autres vasculopathies nécrosantes précisées,true,false,true,false,true,0,codable,OWL_ANS,emissible,2504
M31.9,XIII,XIII/M31.9.md,"Vasculopathie nécrosante, sans précision",true,false,true,false,true,0,codable,OWL_ANS,emissible,2078
M32.0,XIII,XIII/M32.0.md,Lupus érythémateux disséminé médicamenteux,true,false,true,false,true,0,codable,OWL_ANS,emissible,1884
M32.1,XIII,XIII/M32.1.md,Lupus érythémateux disséminé avec atteinte d'organes et d'appareils,true,false,true,false,true,0,codable,OWL_ANS,emissible,2680
M32.8,XIII,XIII/M32.8.md,Autres formes de lupus érythémateux disséminé,true,false,true,false,true,0,codable,OWL_ANS,emissible,2010
M32.9,XIII,XIII/M32.9.md,"Lupus érythémateux disséminé, sans précision",true,false,true,false,true,0,codable,OWL_ANS,emissible,2076
M33.0,XIII,XIII/M33.0.md,Dermatomyosite juvénile,true,false,true,false,true,0,codable,OWL_ANS,emissible,1753
M33.1,XIII,XIII/M33.1.md,Autres dermatomyosites,true,false,true,false,true,0,codable,OWL_ANS,emissible,2109
M33.2,XIII,XIII/M33.2.md,Polymyosite,true,false,true,false,true,0,codable,OWL_ANS,emissible,1870
M33.9,XIII,XIII/M33.9.md,"Dermatopolymyosite, sans précision",true,false,true,false,true,0,codable,OWL_ANS,emissible,1778
M34.0,XIII,XIII/M34.0.md,Sclérodermie systémique progressive,true,false,true,false,true,0,codable,OWL_ANS,emissible,1980
M34.1,XIII,XIII/M34.1.md,Syndrome CR(E)ST,true,false,true,false,true,0,codable,OWL_ANS,emissible,2340
M34.2,XIII,XIII/M34.2.md,Sclérodermie systémique due à des médicaments et des produits chimiques,true,false,true,false,true,0,codable,OWL_ANS,emissible,2203
M34.8,XIII,XIII/M34.8.md,Autres formes de sclérodermie systémique,true,false,true,false,true,0,codable,OWL_ANS,emissible,2877
M34.9,XIII,XIII/M34.9.md,"Sclérodermie systémique, sans précision",true,false,true,false,true,0,codable,OWL_ANS,emissible,2218
M35.0,XIII,XIII/M35.0.md,Syndrome de Gougerot–Sjögren,true,false,true,false,true,0,codable,OWL_ANS,emissible,2508
M35.1,XIII,XIII/M35.1.md,Autres syndromes de chevauchement,true,false,true,false,true,0,codable,OWL_ANS,emissible,2032
M35.2,XIII,XIII/M35.2.md,Maladie de Behçet,true,false,true,false,true,0,codable,OWL_ANS,emissible,1896
M35.3,XIII,XIII/M35.3.md,Polymyalgie rhumatismale,true,false,true,false,true,0,codable,OWL_ANS,emissible,2391
M35.4,XIII,XIII/M35.4.md,Fasciite disséminée (à éosinophiles),true,false,true,false,true,0,codable,OWL_ANS,emissible,1982
M35.5,XIII,XIII/M35.5.md,Fibrosclérose multifocale,true,false,true,false,true,0,codable,OWL_ANS,emissible,1828
M35.6,XIII,XIII/M35.6.md,Panniculite récidivante [Weber–Christian],true,false,true,false,true,0,codable,OWL_ANS,emissible,2157
M35.7,XIII,XIII/M35.7.md,Syndrome d'hypermobilité,true,false,true,false,true,0,codable,OWL_ANS,emissible,1958
M35.8,XIII,XIII/M35.8.md,Autres atteintes systémiques précisées du tissu conjonctif,true,false,true,false,true,0,codable,OWL_ANS,emissible,2406
M35.9,XIII,XIII/M35.9.md,"Atteinte systémique du tissu conjonctif, sans précision",true,false,true,false,true,0,codable,OWL_ANS,emissible,2230
M36.0,XIII,XIII/M36.0.md,Dermato(poly)myosite au cours de maladies tumorales ,true,false,true,false,true,0,codable,OWL_ANS,emissible,1896
M36.1,XIII,XIII/M36.1.md,Arthropathie au cours de maladies tumorales classées ailleurs,true,false,true,false,true,0,codable,OWL_ANS,emissible,2016
M36.2,XIII,XIII/M36.2.md,Arthropathie hémophilique ,true,false,true,false,true,0,codable,OWL_ANS,emissible,2081
M36.3,XIII,XIII/M36.3.md,Arthropathie au cours d'autres maladies du sang classées ailleurs ,true,false,true,false,true,0,codable,OWL_ANS,emissible,2017
M36.4,XIII,XIII/M36.4.md,Arthropathie au cours de réactions d'hypersensibilité classées ailleurs,true,false,true,false,false,0,codable,OWL_ANS,emissible,1868
M36.8,XIII,XIII/M36.8.md,Atteintes systémiques du tissu conjonctif au cours d'autres maladies classées ailleurs,true,false,true,false,false,0,codable,OWL_ANS,emissible,2351
M40.0,XIII,XIII/M40.0.md,Cyphose posturale,false,false,true,false,true,0,codable,OWL_ANS,emissible,1766
M40.00,XIII,XIII/M40.00.md,"Cyphose posturale - "" Localisations vertébrales multiples """,false,false,true,false,false,0,codable,OWL_ANS,emissible,1647
M40.01,XIII,XIII/M40.01.md,"Cyphose posturale - "" Région occipito-atloïdo-axoïdienne """,false,false,true,false,false,,inconnu_atih,OWL_ANS,emissible,1631
M40.02,XIII,XIII/M40.02.md,"Cyphose posturale - "" Région cervicale """,false,false,true,false,false,0,codable,OWL_ANS,emissible,1628
M40.03,XIII,XIII/M40.03.md,"Cyphose posturale - "" Région cervicodorsal """,false,false,true,false,false,0,codable,OWL_ANS,emissible,1632
M40.04,XIII,XIII/M40.04.md,"Cyphose posturale - "" Région dorsale """,false,false,true,false,false,0,codable,OWL_ANS,emissible,1626
M40.05,XIII,XIII/M40.05.md,"Cyphose posturale - "" Région dorsolombaire """,false,false,true,false,false,0,codable,OWL_ANS,emissible,1632
M40.06,XIII,XIII/M40.06.md,"Cyphose posturale - "" Région lombaire """,false,false,true,false,false,0,codable,OWL_ANS,emissible,1627
M40.07,XIII,XIII/M40.07.md,"Cyphose posturale - "" Région lombosacrée """,false,false,true,false,false,0,codable,OWL_ANS,emissible,1630
M40.08,XIII,XIII/M40.08.md,"Cyphose posturale - "" Région sacrée et sacrococcygienne """,false,false,true,false,false,,inconnu_atih,OWL_ANS,emissible,1630
M40.09,XIII,XIII/M40.09.md,"Cyphose posturale - "" Localisation non précisée """,false,false,true,false,false,0,codable,OWL_ANS,emissible,1637
M40.1,XIII,XIII/M40.1.md,Autres cyphoses secondaires,false,false,true,false,true,0,codable,OWL_ANS,emissible,1664
M40.10,XIII,XIII/M40.10.md,"Autres cyphoses secondaires - "" Localisations vertébrales multiples """,false,false,true,false,false,0,codable,OWL_ANS,emissible,1623
M40.11,XIII,XIII/M40.11.md,"Autres cyphoses secondaires - "" Région occipito-atloïdo-axoïdienne """,false,false,true,false,false,,inconnu_atih,OWL_ANS,emissible,1607
M40.12,XIII,XIII/M40.12.md,"Autres cyphoses secondaires - "" Région cervicale """,false,false,true,false,false,0,codable,OWL_ANS,emissible,1604
M40.13,XIII,XIII/M40.13.md,"Autres cyphoses secondaires - "" Région cervicodorsal """,false,false,true,false,false,0,codable,OWL_ANS,emissible,1608
M40.14,XIII,XIII/M40.14.md,"Autres cyphoses secondaires - "" Région dorsale """,false,false,true,false,false,0,codable,OWL_ANS,emissible,1602
M40.15,XIII,XIII/M40.15.md,"Autres cyphoses secondaires - "" Région dorsolombaire """,false,false,true,false,false,0,codable,OWL_ANS,emissible,1608
M40.16,XIII,XIII/M40.16.md,"Autres cyphoses secondaires - "" Région lombaire """,false,false,true,false,false,0,codable,OWL_ANS,emissible,1603
M40.17,XIII,XIII/M40.17.md,"Autres cyphoses secondaires - "" Région lombosacrée """,false,false,true,false,false,0,codable,OWL_ANS,emissible,1606
M40.18,XIII,XIII/M40.18.md,"Autres cyphoses secondaires - "" Région sacrée et sacrococcygienne """,false,false,true,false,false,,inconnu_atih,OWL_ANS,emissible,1606
M40.19,XIII,XIII/M40.19.md,"Autres cyphoses secondaires - "" Localisation non précisée """,false,false,true,false,false,0,codable,OWL_ANS,emissible,1613
M40.2,XIII,XIII/M40.2.md,Cyphoses autres et non précisées,false,false,true,false,true,0,codable,OWL_ANS,emissible,1868
M40.20,XIII,XIII/M40.20.md,"Cyphoses autres et non précisées - "" Localisations vertébrales multiples """,false,false,true,false,false,0,codable,OWL_ANS,emissible,1628
M40.21,XIII,XIII/M40.21.md,"Cyphoses autres et non précisées - "" Région occipito-atloïdo-axoïdienne """,false,false,true,false,false,,inconnu_atih,OWL_ANS,emissible,1612
M40.22,XIII,XIII/M40.22.md,"Cyphoses autres et non précisées - "" Région cervicale """,false,false,true,false,false,0,codable,OWL_ANS,emissible,1609
M40.23,XIII,XIII/M40.23.md,"Cyphoses autres et non précisées - "" Région cervicodorsal """,false,false,true,false,false,0,codable,OWL_ANS,emissible,1613
M40.24,XIII,XIII/M40.24.md,"Cyphoses autres et non précisées - "" Région dorsale """,false,false,true,false,false,0,codable,OWL_ANS,emissible,1607
M40.25,XIII,XIII/M40.25.md,"Cyphoses autres et non précisées - "" Région dorsolombaire """,false,false,true,false,false,0,codable,OWL_ANS,emissible,1613
M40.26,XIII,XIII/M40.26.md,"Cyphoses autres et non précisées - "" Région lombaire """,false,false,true,false,false,0,codable,OWL_ANS,emissible,1608
M40.27,XIII,XIII/M40.27.md,"Cyphoses autres et non précisées - "" Région lombosacrée """,false,false,true,false,false,0,codable,OWL_ANS,emissible,1611
M40.28,XIII,XIII/M40.28.md,"Cyphoses autres et non précisées - "" Région sacrée et sacrococcygienne """,false,false,true,false,false,,inconnu_atih,OWL_ANS,emissible,1611
M40.29,XIII,XIII/M40.29.md,"Cyphoses autres et non précisées - "" Localisation non précisée """,false,false,true,false,false,0,codable,OWL_ANS,emissible,1618
M40.3,XIII,XIII/M40.3.md,Syndrome du dos plat,false,false,true,false,false,0,codable,OWL_ANS,emissible,1572
M40.30,XIII,XIII/M40.30.md,"Syndrome du dos plat - "" Localisations vertébrales multiples """,false,false,true,false,false,0,codable,OWL_ANS,emissible,1616
M40.31,XIII,XIII/M40.31.md,"Syndrome du dos plat - "" Région occipito-atloïdo-axoïdienne """,false,false,true,false,false,,inconnu_atih,OWL_ANS,emissible,1600
M40.32,XIII,XIII/M40.32.md,"Syndrome du dos plat - "" Région cervicale """,false,false,true,false,false,0,codable,OWL_ANS,emissible,1597
M40.33,XIII,XIII/M40.33.md,"Syndrome du dos plat - "" Région cervicodorsal """,false,false,true,false,false,0,codable,OWL_ANS,emissible,1601
M40.34,XIII,XIII/M40.34.md,"Syndrome du dos plat - "" Région dorsale """,false,false,true,false,false,0,codable,OWL_ANS,emissible,1595
M40.35,XIII,XIII/M40.35.md,"Syndrome du dos plat - "" Région dorsolombaire """,false,false,true,false,false,0,codable,OWL_ANS,emissible,1601
M40.36,XIII,XIII/M40.36.md,"Syndrome du dos plat - "" Région lombaire """,false,false,true,false,false,0,codable,OWL_ANS,emissible,1596
M40.37,XIII,XIII/M40.37.md,"Syndrome du dos plat - "" Région lombosacrée """,false,false,true,false,false,0,codable,OWL_ANS,emissible,1599
M40.38,XIII,XIII/M40.38.md,"Syndrome du dos plat - "" Région sacrée et sacrococcygienne """,false,false,true,false,false,,inconnu_atih,OWL_ANS,emissible,1599
M40.39,XIII,XIII/M40.39.md,"Syndrome du dos plat - "" Localisation non précisée """,false,false,true,false,false,0,codable,OWL_ANS,emissible,1606
M40.4,XIII,XIII/M40.4.md,Autres lordoses,true,false,true,false,true,0,codable,OWL_ANS,emissible,1712
M40.40,XIII,XIII/M40.40.md,"Autres lordoses - "" Localisations vertébrales multiples """,true,false,true,false,false,0,codable,OWL_ANS,emissible,1723
M40.41,XIII,XIII/M40.41.md,"Autres lordoses - "" Région occipito-atloïdo-axoïdienne """,true,false,true,false,false,,inconnu_atih,OWL_ANS,emissible,1707
M40.42,XIII,XIII/M40.42.md,"Autres lordoses - "" Région cervicale """,true,false,true,false,false,0,codable,OWL_ANS,emissible,1704
M40.43,XIII,XIII/M40.43.md,"Autres lordoses - "" Région cervicodorsal """,true,false,true,false,false,0,codable,OWL_ANS,emissible,1708
M40.44,XIII,XIII/M40.44.md,"Autres lordoses - "" Région dorsale """,true,false,true,false,false,0,codable,OWL_ANS,emissible,1702
M40.45,XIII,XIII/M40.45.md,"Autres lordoses - "" Région dorsolombaire """,true,false,true,false,false,0,codable,OWL_ANS,emissible,1708
M40.46,XIII,XIII/M40.46.md,"Autres lordoses - "" Région lombaire """,true,false,true,false,false,0,codable,OWL_ANS,emissible,1703
M40.47,XIII,XIII/M40.47.md,"Autres lordoses - "" Région lombosacrée """,true,false,true,false,false,0,codable,OWL_ANS,emissible,1706
M40.48,XIII,XIII/M40.48.md,"Autres lordoses - "" Région sacrée et sacrococcygienne """,true,false,true,false,false,,inconnu_atih,OWL_ANS,emissible,1706
M40.49,XIII,XIII/M40.49.md,"Autres lordoses - "" Localisation non précisée """,true,false,true,false,false,0,codable,OWL_ANS,emissible,1713
M40.5,XIII,XIII/M40.5.md,"Lordose, sans précision",false,false,true,false,true,0,codable,OWL_ANS,emissible,1661
M40.50,XIII,XIII/M40.50.md,"Lordose, sans précision - "" Localisations vertébrales multiples """,false,false,true,false,false,0,codable,OWL_ANS,emissible,1619
M40.51,XIII,XIII/M40.51.md,"Lordose, sans précision - "" Région occipito-atloïdo-axoïdienne """,false,false,true,false,false,,inconnu_atih,OWL_ANS,emissible,1603
M40.52,XIII,XIII/M40.52.md,"Lordose, sans précision - "" Région cervicale """,false,false,true,false,false,0,codable,OWL_ANS,emissible,1600
M40.53,XIII,XIII/M40.53.md,"Lordose, sans précision - "" Région cervicodorsal """,false,false,true,false,false,0,codable,OWL_ANS,emissible,1604
M40.54,XIII,XIII/M40.54.md,"Lordose, sans précision - "" Région dorsale """,false,false,true,false,false,0,codable,OWL_ANS,emissible,1598
M40.55,XIII,XIII/M40.55.md,"Lordose, sans précision - "" Région dorsolombaire """,false,false,true,false,false,0,codable,OWL_ANS,emissible,1604
M40.56,XIII,XIII/M40.56.md,"Lordose, sans précision - "" Région lombaire """,false,false,true,false,false,0,codable,OWL_ANS,emissible,1599
M40.57,XIII,XIII/M40.57.md,"Lordose, sans précision - "" Région lombosacrée """,false,false,true,false,false,0,codable,OWL_ANS,emissible,1602
M40.58,XIII,XIII/M40.58.md,"Lordose, sans précision - "" Région sacrée et sacrococcygienne """,false,false,true,false,false,,inconnu_atih,OWL_ANS,emissible,1602
M40.59,XIII,XIII/M40.59.md,"Lordose, sans précision - "" Localisation non précisée """,false,false,true,false,false,0,codable,OWL_ANS,emissible,1609
M41.0,XIII,XIII/M41.0.md,Scoliose idiopathique infantile,true,false,true,false,true,0,codable,OWL_ANS,emissible,1906
M41.00,XIII,XIII/M41.00.md,"Scoliose idiopathique infantile - "" Localisations vertébrales multiples """,true,false,true,false,false,0,codable,OWL_ANS,emissible,1790
M41.01,XIII,XIII/M41.01.md,"Scoliose idiopathique infantile - "" Région occipito-atloïdo-axoïdienne """,true,false,true,false,false,,inconnu_atih,OWL_ANS,emissible,1774
M41.02,XIII,XIII/M41.02.md,"Scoliose idiopathique infantile - "" Région cervicale """,true,false,true,false,false,0,codable,OWL_ANS,emissible,1771
M41.03,XIII,XIII/M41.03.md,"Scoliose idiopathique infantile - "" Région cervicodorsal """,true,false,true,false,false,0,codable,OWL_ANS,emissible,1775
M41.04,XIII,XIII/M41.04.md,"Scoliose idiopathique infantile - "" Région dorsale """,true,false,true,false,false,0,codable,OWL_ANS,emissible,1769
M41.05,XIII,XIII/M41.05.md,"Scoliose idiopathique infantile - "" Région dorsolombaire """,true,false,true,false,false,0,codable,OWL_ANS,emissible,1775
M41.06,XIII,XIII/M41.06.md,"Scoliose idiopathique infantile - "" Région lombaire """,true,false,true,false,false,0,codable,OWL_ANS,emissible,1770
M41.07,XIII,XIII/M41.07.md,"Scoliose idiopathique infantile - "" Région lombosacrée """,true,false,true,false,false,0,codable,OWL_ANS,emissible,1773
M41.08,XIII,XIII/M41.08.md,"Scoliose idiopathique infantile - "" Région sacrée et sacrococcygienne """,true,false,true,false,false,,inconnu_atih,OWL_ANS,emissible,1773
M41.09,XIII,XIII/M41.09.md,"Scoliose idiopathique infantile - "" Localisation non précisée """,true,false,true,false,false,0,codable,OWL_ANS,emissible,1780
M41.1,XIII,XIII/M41.1.md,Scoliose juvénile idiopathique,true,false,true,false,true,0,codable,OWL_ANS,emissible,1866
M41.10,XIII,XIII/M41.10.md,"Scoliose juvénile idiopathique - "" Localisations vertébrales multiples """,true,false,true,false,false,0,codable,OWL_ANS,emissible,1818
M41.11,XIII,XIII/M41.11.md,"Scoliose juvénile idiopathique - "" Région occipito-atloïdo-axoïdienne """,true,false,true,false,false,,inconnu_atih,OWL_ANS,emissible,1802
M41.12,XIII,XIII/M41.12.md,"Scoliose juvénile idiopathique - "" Région cervicale """,true,false,true,false,false,0,codable,OWL_ANS,emissible,1799
M41.13,XIII,XIII/M41.13.md,"Scoliose juvénile idiopathique - "" Région cervicodorsal """,true,false,true,false,false,0,codable,OWL_ANS,emissible,1803
M41.14,XIII,XIII/M41.14.md,"Scoliose juvénile idiopathique - "" Région dorsale """,true,false,true,false,false,0,codable,OWL_ANS,emissible,1797
M41.15,XIII,XIII/M41.15.md,"Scoliose juvénile idiopathique - "" Région dorsolombaire """,true,false,true,false,false,0,codable,OWL_ANS,emissible,1803
M41.16,XIII,XIII/M41.16.md,"Scoliose juvénile idiopathique - "" Région lombaire """,true,false,true,false,false,0,codable,OWL_ANS,emissible,1798
M41.17,XIII,XIII/M41.17.md,"Scoliose juvénile idiopathique - "" Région lombosacrée """,true,false,true,false,false,0,codable,OWL_ANS,emissible,1801
M41.18,XIII,XIII/M41.18.md,"Scoliose juvénile idiopathique - "" Région sacrée et sacrococcygienne """,true,false,true,false,false,,inconnu_atih,OWL_ANS,emissible,1801
M41.19,XIII,XIII/M41.19.md,"Scoliose juvénile idiopathique - "" Localisation non précisée """,true,false,true,false,false,0,codable,OWL_ANS,emissible,1808
M41.2,XIII,XIII/M41.2.md,Autres scolioses idiopathiques,true,false,true,false,true,0,codable,OWL_ANS,emissible,1864
M41.20,XIII,XIII/M41.20.md,"Autres scolioses idiopathiques - "" Localisations vertébrales multiples """,true,false,true,false,false,0,codable,OWL_ANS,emissible,1789
M41.21,XIII,XIII/M41.21.md,"Autres scolioses idiopathiques - "" Région occipito-atloïdo-axoïdienne """,true,false,true,false,false,,inconnu_atih,OWL_ANS,emissible,1773
M41.22,XIII,XIII/M41.22.md,"Autres scolioses idiopathiques - "" Région cervicale """,true,false,true,false,false,0,codable,OWL_ANS,emissible,1770
M41.23,XIII,XIII/M41.23.md,"Autres scolioses idiopathiques - "" Région cervicodorsal """,true,false,true,false,false,0,codable,OWL_ANS,emissible,1774
M41.24,XIII,XIII/M41.24.md,"Autres scolioses idiopathiques - "" Région dorsale """,true,false,true,false,false,0,codable,OWL_ANS,emissible,1768
M41.25,XIII,XIII/M41.25.md,"Autres scolioses idiopathiques - "" Région dorsolombaire """,true,false,true,false,false,0,codable,OWL_ANS,emissible,1774
M41.26,XIII,XIII/M41.26.md,"Autres scolioses idiopathiques - "" Région lombaire """,true,false,true,false,false,0,codable,OWL_ANS,emissible,1769
M41.27,XIII,XIII/M41.27.md,"Autres scolioses idiopathiques - "" Région lombosacrée """,true,false,true,false,false,0,codable,OWL_ANS,emissible,1772
M41.28,XIII,XIII/M41.28.md,"Autres scolioses idiopathiques - "" Région sacrée et sacrococcygienne """,true,false,true,false,false,,inconnu_atih,OWL_ANS,emissible,1772
M41.29,XIII,XIII/M41.29.md,"Autres scolioses idiopathiques - "" Localisation non précisée """,true,false,true,false,false,0,codable,OWL_ANS,emissible,1779
M41.3,XIII,XIII/M41.3.md,Scoliose par anomalie dorsale,true,false,true,false,true,0,codable,OWL_ANS,emissible,1839
M41.30,XIII,XIII/M41.30.md,"Scoliose par anomalie dorsale - "" Localisations vertébrales multiples """,true,false,true,false,false,0,codable,OWL_ANS,emissible,1788
M41.31,XIII,XIII/M41.31.md,"Scoliose par anomalie dorsale - "" Région occipito-atloïdo-axoïdienne """,true,false,true,false,false,,inconnu_atih,OWL_ANS,emissible,1772
M41.32,XIII,XIII/M41.32.md,"Scoliose par anomalie dorsale - "" Région cervicale """,true,false,true,false,false,0,codable,OWL_ANS,emissible,1769
M41.33,XIII,XIII/M41.33.md,"Scoliose par anomalie dorsale - "" Région cervicodorsal """,true,false,true,false,false,0,codable,OWL_ANS,emissible,1773
M41.34,XIII,XIII/M41.34.md,"Scoliose par anomalie dorsale - "" Région dorsale """,true,false,true,false,false,0,codable,OWL_ANS,emissible,1767
M41.35,XIII,XIII/M41.35.md,"Scoliose par anomalie dorsale - "" Région dorsolombaire """,true,false,true,false,false,0,codable,OWL_ANS,emissible,1773
M41.36,XIII,XIII/M41.36.md,"Scoliose par anomalie dorsale - "" Région lombaire """,true,false,true,false,false,0,codable,OWL_ANS,emissible,1768
M41.37,XIII,XIII/M41.37.md,"Scoliose par anomalie dorsale - "" Région lombosacrée """,true,false,true,false,false,0,codable,OWL_ANS,emissible,1771
M41.38,XIII,XIII/M41.38.md,"Scoliose par anomalie dorsale - "" Région sacrée et sacrococcygienne """,true,false,true,false,false,,inconnu_atih,OWL_ANS,emissible,1771
M41.39,XIII,XIII/M41.39.md,"Scoliose par anomalie dorsale - "" Localisation non précisée """,true,false,true,false,false,0,codable,OWL_ANS,emissible,1778
M41.4,XIII,XIII/M41.4.md,Scoliose neuromusculaire,true,false,true,false,true,0,codable,OWL_ANS,emissible,2135
M41.40,XIII,XIII/M41.40.md,"Scoliose neuromusculaire - "" Localisations vertébrales multiples """,true,false,true,false,false,0,codable,OWL_ANS,emissible,1915
M41.41,XIII,XIII/M41.41.md,"Scoliose neuromusculaire - "" Région occipito-atloïdo-axoïdienne """,true,false,true,false,false,,inconnu_atih,OWL_ANS,emissible,1899
M41.42,XIII,XIII/M41.42.md,"Scoliose neuromusculaire - "" Région cervicale """,true,false,true,false,false,0,codable,OWL_ANS,emissible,1896
M41.43,XIII,XIII/M41.43.md,"Scoliose neuromusculaire - "" Région cervicodorsal """,true,false,true,false,false,0,codable,OWL_ANS,emissible,1900
M41.44,XIII,XIII/M41.44.md,"Scoliose neuromusculaire - "" Région dorsale """,true,false,true,false,false,0,codable,OWL_ANS,emissible,1894
M41.45,XIII,XIII/M41.45.md,"Scoliose neuromusculaire - "" Région dorsolombaire """,true,false,true,false,false,0,codable,OWL_ANS,emissible,1900
M41.46,XIII,XIII/M41.46.md,"Scoliose neuromusculaire - "" Région lombaire """,true,false,true,false,false,0,codable,OWL_ANS,emissible,1895
M41.47,XIII,XIII/M41.47.md,"Scoliose neuromusculaire - "" Région lombosacrée """,true,false,true,false,false,0,codable,OWL_ANS,emissible,1898
M41.48,XIII,XIII/M41.48.md,"Scoliose neuromusculaire - "" Région sacrée et sacrococcygienne """,true,false,true,false,false,,inconnu_atih,OWL_ANS,emissible,1898
M41.49,XIII,XIII/M41.49.md,"Scoliose neuromusculaire - "" Localisation non précisée """,true,false,true,false,false,0,codable,OWL_ANS,emissible,1905
M41.5,XIII,XIII/M41.5.md,Autres formes de scoliose secondaire,true,false,true,false,true,0,codable,OWL_ANS,emissible,1850
M41.50,XIII,XIII/M41.50.md,"Autres formes de scoliose secondaire - "" Localisations vertébrales multiples """,true,false,true,false,false,0,codable,OWL_ANS,emissible,1795
M41.51,XIII,XIII/M41.51.md,"Autres formes de scoliose secondaire - "" Région occipito-atloïdo-axoïdienne """,true,false,true,false,false,,inconnu_atih,OWL_ANS,emissible,1779
M41.52,XIII,XIII/M41.52.md,"Autres formes de scoliose secondaire - "" Région cervicale """,true,false,true,false,false,0,codable,OWL_ANS,emissible,1776
M41.53,XIII,XIII/M41.53.md,"Autres formes de scoliose secondaire - "" Région cervicodorsal """,true,false,true,false,false,0,codable,OWL_ANS,emissible,1780
M41.54,XIII,XIII/M41.54.md,"Autres formes de scoliose secondaire - "" Région dorsale """,true,false,true,false,false,0,codable,OWL_ANS,emissible,1774
M41.55,XIII,XIII/M41.55.md,"Autres formes de scoliose secondaire - "" Région dorsolombaire """,true,false,true,false,false,0,codable,OWL_ANS,emissible,1780
M41.56,XIII,XIII/M41.56.md,"Autres formes de scoliose secondaire - "" Région lombaire """,true,false,true,false,false,0,codable,OWL_ANS,emissible,1775
M41.57,XIII,XIII/M41.57.md,"Autres formes de scoliose secondaire - "" Région lombosacrée """,true,false,true,false,false,0,codable,OWL_ANS,emissible,1778
M41.58,XIII,XIII/M41.58.md,"Autres formes de scoliose secondaire - "" Région sacrée et sacrococcygienne """,true,false,true,false,false,,inconnu_atih,OWL_ANS,emissible,1778
M41.59,XIII,XIII/M41.59.md,"Autres formes de scoliose secondaire - "" Localisation non précisée """,true,false,true,false,false,0,codable,OWL_ANS,emissible,1785
M41.8,XIII,XIII/M41.8.md,Autres formes de scoliose,true,false,true,false,true,0,codable,OWL_ANS,emissible,2103
M41.80,XIII,XIII/M41.80.md,"Autres formes de scoliose - "" Localisations vertébrales multiples """,true,false,true,false,false,0,codable,OWL_ANS,emissible,1784
M41.81,XIII,XIII/M41.81.md,"Autres formes de scoliose - "" Région occipito-atloïdo-axoïdienne """,true,false,true,false,false,,inconnu_atih,OWL_ANS,emissible,1768
M41.82,XIII,XIII/M41.82.md,"Autres formes de scoliose - "" Région cervicale """,true,false,true,false,false,0,codable,OWL_ANS,emissible,1765
M41.83,XIII,XIII/M41.83.md,"Autres formes de scoliose - "" Région cervicodorsal """,true,false,true,false,false,0,codable,OWL_ANS,emissible,1769
M41.84,XIII,XIII/M41.84.md,"Autres formes de scoliose - "" Région dorsale """,true,false,true,false,false,0,codable,OWL_ANS,emissible,1763
M41.85,XIII,XIII/M41.85.md,"Autres formes de scoliose - "" Région dorsolombaire """,true,false,true,false,false,0,codable,OWL_ANS,emissible,1769
M41.86,XIII,XIII/M41.86.md,"Autres formes de scoliose - "" Région lombaire """,true,false,true,false,false,0,codable,OWL_ANS,emissible,1764
M41.87,XIII,XIII/M41.87.md,"Autres formes de scoliose - "" Région lombosacrée """,true,false,true,false,false,0,codable,OWL_ANS,emissible,1767
M41.88,XIII,XIII/M41.88.md,"Autres formes de scoliose - "" Région sacrée et sacrococcygienne """,true,false,true,false,false,,inconnu_atih,OWL_ANS,emissible,1767
M41.89,XIII,XIII/M41.89.md,"Autres formes de scoliose - "" Localisation non précisée """,true,false,true,false,false,0,codable,OWL_ANS,emissible,1774
M41.9,XIII,XIII/M41.9.md,"Scoliose, sans précision",true,false,true,false,true,0,codable,OWL_ANS,emissible,2024
M41.90,XIII,XIII/M41.90.md,"Scoliose, sans précision - "" Localisations vertébrales multiples """,true,false,true,false,false,0,codable,OWL_ANS,emissible,1783
M41.91,XIII,XIII/M41.91.md,"Scoliose, sans précision - "" Région occipito-atloïdo-axoïdienne """,true,false,true,false,false,,inconnu_atih,OWL_ANS,emissible,1767
M41.92,XIII,XIII/M41.92.md,"Scoliose, sans précision - "" Région cervicale """,true,false,true,false,false,0,codable,OWL_ANS,emissible,1764
M41.93,XIII,XIII/M41.93.md,"Scoliose, sans précision - "" Région cervicodorsal """,true,false,true,false,false,0,codable,OWL_ANS,emissible,1768
M41.94,XIII,XIII/M41.94.md,"Scoliose, sans précision - "" Région dorsale """,true,false,true,false,false,0,codable,OWL_ANS,emissible,1762
M41.95,XIII,XIII/M41.95.md,"Scoliose, sans précision - "" Région dorsolombaire """,true,false,true,false,false,0,codable,OWL_ANS,emissible,1768
M41.96,XIII,XIII/M41.96.md,"Scoliose, sans précision - "" Région lombaire """,true,false,true,false,false,0,codable,OWL_ANS,emissible,1763
M41.97,XIII,XIII/M41.97.md,"Scoliose, sans précision - "" Région lombosacrée """,true,false,true,false,false,0,codable,OWL_ANS,emissible,1766
M41.98,XIII,XIII/M41.98.md,"Scoliose, sans précision - "" Région sacrée et sacrococcygienne """,true,false,true,false,false,,inconnu_atih,OWL_ANS,emissible,1766
M41.99,XIII,XIII/M41.99.md,"Scoliose, sans précision - "" Localisation non précisée """,true,false,true,false,false,0,codable,OWL_ANS,emissible,1773
M42.0,XIII,XIII/M42.0.md,Ostéochondrite vertébrale juvénile,true,false,true,false,true,0,codable,OWL_ANS,emissible,1759
M42.00,XIII,XIII/M42.00.md,"Ostéochondrite vertébrale juvénile - "" Localisations vertébrales multiples """,true,false,true,false,false,0,codable,OWL_ANS,emissible,1642
M42.01,XIII,XIII/M42.01.md,"Ostéochondrite vertébrale juvénile - "" Région occipito-atloïdo-axoïdienne """,true,false,true,false,false,0,codable,OWL_ANS,emissible,1641
M42.02,XIII,XIII/M42.02.md,"Ostéochondrite vertébrale juvénile - "" Région cervicale """,true,false,true,false,false,0,codable,OWL_ANS,emissible,1623
M42.03,XIII,XIII/M42.03.md,"Ostéochondrite vertébrale juvénile - "" Région cervicodorsal """,true,false,true,false,false,0,codable,OWL_ANS,emissible,1627
M42.04,XIII,XIII/M42.04.md,"Ostéochondrite vertébrale juvénile - "" Région dorsale """,true,false,true,false,false,0,codable,OWL_ANS,emissible,1621
M42.05,XIII,XIII/M42.05.md,"Ostéochondrite vertébrale juvénile - "" Région dorsolombaire """,true,false,true,false,false,0,codable,OWL_ANS,emissible,1627
M42.06,XIII,XIII/M42.06.md,"Ostéochondrite vertébrale juvénile - "" Région lombaire """,true,false,true,false,false,0,codable,OWL_ANS,emissible,1622
M42.07,XIII,XIII/M42.07.md,"Ostéochondrite vertébrale juvénile - "" Région lombosacrée """,true,false,true,false,false,0,codable,OWL_ANS,emissible,1625
M42.08,XIII,XIII/M42.08.md,"Ostéochondrite vertébrale juvénile - "" Région sacrée et sacrococcygienne """,true,false,true,false,false,0,codable,OWL_ANS,emissible,1640
M42.09,XIII,XIII/M42.09.md,"Ostéochondrite vertébrale juvénile - "" Localisation non précisée """,true,false,true,false,false,0,codable,OWL_ANS,emissible,1632
M42.1,XIII,XIII/M42.1.md,Ostéochondrite vertébrale de l'adulte,false,false,true,false,false,0,codable,OWL_ANS,emissible,1390
M42.10,XIII,XIII/M42.10.md,"Ostéochondrite vertébrale de l'adulte - "" Localisations vertébrales multiples """,false,false,true,false,false,0,codable,OWL_ANS,emissible,1434
M42.11,XIII,XIII/M42.11.md,"Ostéochondrite vertébrale de l'adulte - "" Région occipito-atloïdo-axoïdienne """,false,false,true,false,false,0,codable,OWL_ANS,emissible,1433
M42.12,XIII,XIII/M42.12.md,"Ostéochondrite vertébrale de l'adulte - "" Région cervicale """,false,false,true,false,false,0,codable,OWL_ANS,emissible,1415
M42.13,XIII,XIII/M42.13.md,"Ostéochondrite vertébrale de l'adulte - "" Région cervicodorsal """,false,false,true,false,false,0,codable,OWL_ANS,emissible,1419
M42.14,XIII,XIII/M42.14.md,"Ostéochondrite vertébrale de l'adulte - "" Région dorsale """,false,false,true,false,false,0,codable,OWL_ANS,emissible,1413
M42.15,XIII,XIII/M42.15.md,"Ostéochondrite vertébrale de l'adulte - "" Région dorsolombaire """,false,false,true,false,false,0,codable,OWL_ANS,emissible,1419
M42.16,XIII,XIII/M42.16.md,"Ostéochondrite vertébrale de l'adulte - "" Région lombaire """,false,false,true,false,false,0,codable,OWL_ANS,emissible,1414
M42.17,XIII,XIII/M42.17.md,"Ostéochondrite vertébrale de l'adulte - "" Région lombosacrée """,false,false,true,false,false,0,codable,OWL_ANS,emissible,1417
M42.18,XIII,XIII/M42.18.md,"Ostéochondrite vertébrale de l'adulte - "" Région sacrée et sacrococcygienne """,false,false,true,false,false,0,codable,OWL_ANS,emissible,1432
M42.19,XIII,XIII/M42.19.md,"Ostéochondrite vertébrale de l'adulte - "" Localisation non précisée """,false,false,true,false,false,0,codable,OWL_ANS,emissible,1424
M42.9,XIII,XIII/M42.9.md,"Ostéochondrite vertébrale, sans précision",false,false,true,false,true,0,codable,OWL_ANS,emissible,1462
M42.90,XIII,XIII/M42.90.md,"Ostéochondrite vertébrale, sans précision - "" Localisations vertébrales multiples """,false,false,true,false,false,0,codable,OWL_ANS,emissible,1438
M42.91,XIII,XIII/M42.91.md,"Ostéochondrite vertébrale, sans précision - "" Région occipito-atloïdo-axoïdienne """,false,false,true,false,false,0,codable,OWL_ANS,emissible,1437
M42.92,XIII,XIII/M42.92.md,"Ostéochondrite vertébrale, sans précision - "" Région cervicale """,false,false,true,false,false,0,codable,OWL_ANS,emissible,1419
M42.93,XIII,XIII/M42.93.md,"Ostéochondrite vertébrale, sans précision - "" Région cervicodorsal """,false,false,true,false,false,0,codable,OWL_ANS,emissible,1423
M42.94,XIII,XIII/M42.94.md,"Ostéochondrite vertébrale, sans précision - "" Région dorsale """,false,false,true,false,false,0,codable,OWL_ANS,emissible,1417
M42.95,XIII,XIII/M42.95.md,"Ostéochondrite vertébrale, sans précision - "" Région dorsolombaire """,false,false,true,false,false,0,codable,OWL_ANS,emissible,1423
M42.96,XIII,XIII/M42.96.md,"Ostéochondrite vertébrale, sans précision - "" Région lombaire """,false,false,true,false,false,0,codable,OWL_ANS,emissible,1418
M42.97,XIII,XIII/M42.97.md,"Ostéochondrite vertébrale, sans précision - "" Région lombosacrée """,false,false,true,false,false,0,codable,OWL_ANS,emissible,1421
M42.98,XIII,XIII/M42.98.md,"Ostéochondrite vertébrale, sans précision - "" Région sacrée et sacrococcygienne """,false,false,true,false,false,0,codable,OWL_ANS,emissible,1436
M42.99,XIII,XIII/M42.99.md,"Ostéochondrite vertébrale, sans précision - "" Localisation non précisée """,false,false,true,false,false,0,codable,OWL_ANS,emissible,1428
M43.0,XIII,XIII/M43.0.md,Spondylolyse,false,false,true,false,true,0,codable,OWL_ANS,emissible,1843
M43.00,XIII,XIII/M43.00.md,"Spondylolyse - "" Localisations vertébrales multiples """,false,false,true,false,false,0,codable,OWL_ANS,emissible,1832
M43.01,XIII,XIII/M43.01.md,"Spondylolyse - "" Région occipito-atloïdo-axoïdienne """,false,false,true,false,false,0,codable,OWL_ANS,emissible,1831
M43.02,XIII,XIII/M43.02.md,"Spondylolyse - "" Région cervicale """,false,false,true,false,false,0,codable,OWL_ANS,emissible,1813
M43.03,XIII,XIII/M43.03.md,"Spondylolyse - "" Région cervicodorsal """,false,false,true,false,false,0,codable,OWL_ANS,emissible,1817
M43.04,XIII,XIII/M43.04.md,"Spondylolyse - "" Région dorsale """,false,false,true,false,false,0,codable,OWL_ANS,emissible,1811
M43.05,XIII,XIII/M43.05.md,"Spondylolyse - "" Région dorsolombaire """,false,false,true,false,false,0,codable,OWL_ANS,emissible,1817
M43.06,XIII,XIII/M43.06.md,"Spondylolyse - "" Région lombaire """,false,false,true,false,false,0,codable,OWL_ANS,emissible,1812
M43.07,XIII,XIII/M43.07.md,"Spondylolyse - "" Région lombosacrée """,false,false,true,false,false,0,codable,OWL_ANS,emissible,1815
M43.08,XIII,XIII/M43.08.md,"Spondylolyse - "" Région sacrée et sacrococcygienne """,false,false,true,false,false,0,codable,OWL_ANS,emissible,1830
M43.09,XIII,XIII/M43.09.md,"Spondylolyse - "" Localisation non précisée """,false,false,true,false,false,0,codable,OWL_ANS,emissible,1822
M43.1,XIII,XIII/M43.1.md,Spondylolisthésis,false,false,true,false,true,0,codable,OWL_ANS,emissible,2062
M43.10,XIII,XIII/M43.10.md,"Spondylolisthésis - "" Localisations vertébrales multiples """,false,false,true,false,false,0,codable,OWL_ANS,emissible,1837
M43.11,XIII,XIII/M43.11.md,"Spondylolisthésis - "" Région occipito-atloïdo-axoïdienne """,false,false,true,false,false,0,codable,OWL_ANS,emissible,1836
M43.12,XIII,XIII/M43.12.md,"Spondylolisthésis - "" Région cervicale """,false,false,true,false,true,0,codable,OWL_ANS,emissible,1947
M43.13,XIII,XIII/M43.13.md,"Spondylolisthésis - "" Région cervicodorsal """,false,false,true,false,false,0,codable,OWL_ANS,emissible,1822
M43.14,XIII,XIII/M43.14.md,"Spondylolisthésis - "" Région dorsale """,false,false,true,false,true,0,codable,OWL_ANS,emissible,1949
M43.15,XIII,XIII/M43.15.md,"Spondylolisthésis - "" Région dorsolombaire """,false,false,true,false,false,0,codable,OWL_ANS,emissible,1822
M43.16,XIII,XIII/M43.16.md,"Spondylolisthésis - "" Région lombaire """,false,false,true,false,true,0,codable,OWL_ANS,emissible,1946
M43.17,XIII,XIII/M43.17.md,"Spondylolisthésis - "" Région lombosacrée """,false,false,true,false,false,0,codable,OWL_ANS,emissible,1820
M43.18,XIII,XIII/M43.18.md,"Spondylolisthésis - "" Région sacrée et sacrococcygienne """,false,false,true,false,false,,inconnu_atih,OWL_ANS,emissible,1820
M43.19,XIII,XIII/M43.19.md,"Spondylolisthésis - "" Localisation non précisée """,false,false,true,false,false,0,codable,OWL_ANS,emissible,1827
M43.2,XIII,XIII/M43.2.md,Autres soudures vertébrales,true,false,true,false,true,0,codable,OWL_ANS,emissible,2274
M43.20,XIII,XIII/M43.20.md,"Autres soudures vertébrales - "" Localisations vertébrales multiples """,true,false,true,false,false,0,codable,OWL_ANS,emissible,2054
M43.21,XIII,XIII/M43.21.md,"Autres soudures vertébrales - "" Région occipito-atloïdo-axoïdienne """,true,false,true,false,false,0,codable,OWL_ANS,emissible,2053
M43.22,XIII,XIII/M43.22.md,"Autres soudures vertébrales - "" Région cervicale """,true,false,true,false,false,0,codable,OWL_ANS,emissible,2035
M43.23,XIII,XIII/M43.23.md,"Autres soudures vertébrales - "" Région cervicodorsal """,true,false,true,false,false,0,codable,OWL_ANS,emissible,2039
M43.24,XIII,XIII/M43.24.md,"Autres soudures vertébrales - "" Région dorsale """,true,false,true,false,false,0,codable,OWL_ANS,emissible,2033
M43.25,XIII,XIII/M43.25.md,"Autres soudures vertébrales - "" Région dorsolombaire """,true,false,true,false,false,0,codable,OWL_ANS,emissible,2039
M43.26,XIII,XIII/M43.26.md,"Autres soudures vertébrales - "" Région lombaire """,true,false,true,false,false,0,codable,OWL_ANS,emissible,2034
M43.27,XIII,XIII/M43.27.md,"Autres soudures vertébrales - "" Région lombosacrée """,true,false,true,false,false,0,codable,OWL_ANS,emissible,2037
M43.28,XIII,XIII/M43.28.md,"Autres soudures vertébrales - "" Région sacrée et sacrococcygienne """,true,false,true,false,false,,inconnu_atih,OWL_ANS,emissible,2037
M43.29,XIII,XIII/M43.29.md,"Autres soudures vertébrales - "" Localisation non précisée """,true,false,true,false,false,0,codable,OWL_ANS,emissible,2044
M43.3,XIII,XIII/M43.3.md,Subluxation récidivante atloïdoaxoïdienne avec myélopathie,false,false,true,false,true,0,codable,OWL_ANS,emissible,1924
M43.30,XIII,XIII/M43.30.md,"Subluxation récidivante atloïdoaxoïdienne avec myélopathie - "" Localisations vertébrales multiples """,false,false,true,false,false,,inconnu_atih,OWL_ANS,emissible,1863
M43.31,XIII,XIII/M43.31.md,"Subluxation récidivante atloïdoaxoïdienne avec myélopathie - "" Région occipito-atloïdo-axoïdienne """,false,false,true,false,false,0,codable,OWL_ANS,emissible,1877
M43.32,XIII,XIII/M43.32.md,"Subluxation récidivante atloïdoaxoïdienne avec myélopathie - "" Région cervicale """,false,false,true,false,false,,inconnu_atih,OWL_ANS,emissible,1844
M43.33,XIII,XIII/M43.33.md,"Subluxation récidivante atloïdoaxoïdienne avec myélopathie - "" Région cervicodorsal """,false,false,true,false,false,,inconnu_atih,OWL_ANS,emissible,1848
M43.34,XIII,XIII/M43.34.md,"Subluxation récidivante atloïdoaxoïdienne avec myélopathie - "" Région dorsale """,false,false,true,false,false,,inconnu_atih,OWL_ANS,emissible,1842
M43.35,XIII,XIII/M43.35.md,"Subluxation récidivante atloïdoaxoïdienne avec myélopathie - "" Région dorsolombaire """,false,false,true,false,false,,inconnu_atih,OWL_ANS,emissible,1848
M43.36,XIII,XIII/M43.36.md,"Subluxation récidivante atloïdoaxoïdienne avec myélopathie - "" Région lombaire """,false,false,true,false,false,,inconnu_atih,OWL_ANS,emissible,1843
M43.37,XIII,XIII/M43.37.md,"Subluxation récidivante atloïdoaxoïdienne avec myélopathie - "" Région lombosacrée """,false,false,true,false,false,,inconnu_atih,OWL_ANS,emissible,1846
M43.38,XIII,XIII/M43.38.md,"Subluxation récidivante atloïdoaxoïdienne avec myélopathie - "" Région sacrée et sacrococcygienne """,false,false,true,false,false,,inconnu_atih,OWL_ANS,emissible,1861
M43.39,XIII,XIII/M43.39.md,"Subluxation récidivante atloïdoaxoïdienne avec myélopathie - "" Localisation non précisée """,false,false,true,false,false,,inconnu_atih,OWL_ANS,emissible,1853
M43.4,XIII,XIII/M43.4.md,Autres subluxations atloïdoaxoïdiennes récidivantes,false,false,true,false,true,0,codable,OWL_ANS,emissible,1917
M43.40,XIII,XIII/M43.40.md,"Autres subluxations atloïdoaxoïdiennes récidivantes - "" Localisations vertébrales multiples """,false,false,true,false,false,,inconnu_atih,OWL_ANS,emissible,1856
M43.41,XIII,XIII/M43.41.md,"Autres subluxations atloïdoaxoïdiennes récidivantes - "" Région occipito-atloïdo-axoïdienne """,false,false,true,false,false,0,codable,OWL_ANS,emissible,1870
M43.42,XIII,XIII/M43.42.md,"Autres subluxations atloïdoaxoïdiennes récidivantes - "" Région cervicale """,false,false,true,false,false,,inconnu_atih,OWL_ANS,emissible,1837
M43.43,XIII,XIII/M43.43.md,"Autres subluxations atloïdoaxoïdiennes récidivantes - "" Région cervicodorsal """,false,false,true,false,false,,inconnu_atih,OWL_ANS,emissible,1841
M43.44,XIII,XIII/M43.44.md,"Autres subluxations atloïdoaxoïdiennes récidivantes - "" Région dorsale """,false,false,true,false,false,,inconnu_atih,OWL_ANS,emissible,1835
M43.45,XIII,XIII/M43.45.md,"Autres subluxations atloïdoaxoïdiennes récidivantes - "" Région dorsolombaire """,false,false,true,false,false,,inconnu_atih,OWL_ANS,emissible,1841
M43.46,XIII,XIII/M43.46.md,"Autres subluxations atloïdoaxoïdiennes récidivantes - "" Région lombaire """,false,false,true,false,false,,inconnu_atih,OWL_ANS,emissible,1836
M43.47,XIII,XIII/M43.47.md,"Autres subluxations atloïdoaxoïdiennes récidivantes - "" Région lombosacrée """,false,false,true,false,false,,inconnu_atih,OWL_ANS,emissible,1839
M43.48,XIII,XIII/M43.48.md,"Autres subluxations atloïdoaxoïdiennes récidivantes - "" Région sacrée et sacrococcygienne """,false,false,true,false,false,,inconnu_atih,OWL_ANS,emissible,1854
M43.49,XIII,XIII/M43.49.md,"Autres subluxations atloïdoaxoïdiennes récidivantes - "" Localisation non précisée """,false,false,true,false,false,,inconnu_atih,OWL_ANS,emissible,1846
M43.5,XIII,XIII/M43.5.md,Autres subluxations vertébrales récidivantes,false,false,true,false,false,0,codable,OWL_ANS,emissible,1893
M43.50,XIII,XIII/M43.50.md,"Autres subluxations vertébrales récidivantes - "" Localisations vertébrales multiples """,false,false,true,false,false,0,codable,OWL_ANS,emissible,1898
M43.51,XIII,XIII/M43.51.md,"Autres subluxations vertébrales récidivantes - "" Région occipito-atloïdo-axoïdienne """,false,false,true,false,false,,inconnu_atih,OWL_ANS,emissible,1882
M43.52,XIII,XIII/M43.52.md,"Autres subluxations vertébrales récidivantes - "" Région cervicale """,false,false,true,false,false,0,codable,OWL_ANS,emissible,1879
M43.53,XIII,XIII/M43.53.md,"Autres subluxations vertébrales récidivantes - "" Région cervicodorsal """,false,false,true,false,false,0,codable,OWL_ANS,emissible,1883
M43.54,XIII,XIII/M43.54.md,"Autres subluxations vertébrales récidivantes - "" Région dorsale """,false,false,true,false,false,0,codable,OWL_ANS,emissible,1877
M43.55,XIII,XIII/M43.55.md,"Autres subluxations vertébrales récidivantes - "" Région dorsolombaire """,false,false,true,false,false,0,codable,OWL_ANS,emissible,1883
M43.56,XIII,XIII/M43.56.md,"Autres subluxations vertébrales récidivantes - "" Région lombaire """,false,false,true,false,false,0,codable,OWL_ANS,emissible,1878
M43.57,XIII,XIII/M43.57.md,"Autres subluxations vertébrales récidivantes - "" Région lombosacrée """,false,false,true,false,false,0,codable,OWL_ANS,emissible,1881
M43.58,XIII,XIII/M43.58.md,"Autres subluxations vertébrales récidivantes - "" Région sacrée et sacrococcygienne """,false,false,true,false,false,3,supprime,OWL_ANS,emissible,1889
M43.59,XIII,XIII/M43.59.md,"Autres subluxations vertébrales récidivantes - "" Localisation non précisée """,false,false,true,false,false,0,codable,OWL_ANS,emissible,1888
M43.6,XIII,XIII/M43.6.md,Torticolis,false,false,true,false,true,0,codable,OWL_ANS,emissible,2189
M43.60,XIII,XIII/M43.60.md,"Torticolis - "" Localisations vertébrales multiples """,false,false,true,false,false,,inconnu_atih,OWL_ANS,emissible,2052
M43.61,XIII,XIII/M43.61.md,"Torticolis - "" Région occipito-atloïdo-axoïdienne """,false,false,true,false,false,,inconnu_atih,OWL_ANS,emissible,2051
M43.62,XIII,XIII/M43.62.md,"Torticolis - "" Région cervicale """,false,false,true,false,false,0,codable,OWL_ANS,emissible,2048
M43.63,XIII,XIII/M43.63.md,"Torticolis - "" Région cervicodorsal """,false,false,true,false,false,,inconnu_atih,OWL_ANS,emissible,2037
M43.64,XIII,XIII/M43.64.md,"Torticolis - "" Région dorsale """,false,false,true,false,false,,inconnu_atih,OWL_ANS,emissible,2031
M43.65,XIII,XIII/M43.65.md,"Torticolis - "" Région dorsolombaire """,false,false,true,false,false,,inconnu_atih,OWL_ANS,emissible,2037
M43.66,XIII,XIII/M43.66.md,"Torticolis - "" Région lombaire """,false,false,true,false,false,,inconnu_atih,OWL_ANS,emissible,2032
M43.67,XIII,XIII/M43.67.md,"Torticolis - "" Région lombosacrée """,false,false,true,false,false,,inconnu_atih,OWL_ANS,emissible,2035
M43.68,XIII,XIII/M43.68.md,"Torticolis - "" Région sacrée et sacrococcygienne """,false,false,true,false,false,,inconnu_atih,OWL_ANS,emissible,2050
M43.69,XIII,XIII/M43.69.md,"Torticolis - "" Localisation non précisée """,false,false,true,false,false,,inconnu_atih,OWL_ANS,emissible,2042
M43.8,XIII,XIII/M43.8.md,Autres dorsopathies avec déformation précisées,false,false,true,false,true,0,codable,OWL_ANS,emissible,2521
M43.80,XIII,XIII/M43.80.md,"Autres dorsopathies avec déformation précisées - "" Localisations vertébrales multiples """,false,false,true,false,false,0,codable,OWL_ANS,emissible,1912
M43.81,XIII,XIII/M43.81.md,"Autres dorsopathies avec déformation précisées - "" Région occipito-atloïdo-axoïdienne """,false,false,true,false,false,0,codable,OWL_ANS,emissible,1911
M43.82,XIII,XIII/M43.82.md,"Autres dorsopathies avec déformation précisées - "" Région cervicale """,false,false,true,false,false,0,codable,OWL_ANS,emissible,1893
M43.83,XIII,XIII/M43.83.md,"Autres dorsopathies avec déformation précisées - "" Région cervicodorsal """,false,false,true,false,false,0,codable,OWL_ANS,emissible,1897
M43.84,XIII,XIII/M43.84.md,"Autres dorsopathies avec déformation précisées - "" Région dorsale """,false,false,true,false,false,0,codable,OWL_ANS,emissible,1891
M43.85,XIII,XIII/M43.85.md,"Autres dorsopathies avec déformation précisées - "" Région dorsolombaire """,false,false,true,false,false,0,codable,OWL_ANS,emissible,1897
M43.86,XIII,XIII/M43.86.md,"Autres dorsopathies avec déformation précisées - "" Région lombaire """,false,false,true,false,false,0,codable,OWL_ANS,emissible,1892
M43.87,XIII,XIII/M43.87.md,"Autres dorsopathies avec déformation précisées - "" Région lombosacrée """,false,false,true,false,false,0,codable,OWL_ANS,emissible,1895
M43.88,XIII,XIII/M43.88.md,"Autres dorsopathies avec déformation précisées - "" Région sacrée et sacrococcygienne """,false,false,true,false,false,0,codable,OWL_ANS,emissible,1910
M43.89,XIII,XIII/M43.89.md,"Autres dorsopathies avec déformation précisées - "" Localisation non précisée """,false,false,true,false,false,0,codable,OWL_ANS,emissible,1902
M43.9,XIII,XIII/M43.9.md,"Dorsopathie avec déformation, sans précision",true,false,true,false,true,0,codable,OWL_ANS,emissible,2304
M43.90,XIII,XIII/M43.90.md,"Dorsopathie avec déformation, sans précision - "" Localisations vertébrales multiples """,true,false,true,false,false,0,codable,OWL_ANS,emissible,1969
M43.91,XIII,XIII/M43.91.md,"Dorsopathie avec déformation, sans précision - "" Région occipito-atloïdo-axoïdienne """,true,false,true,false,false,0,codable,OWL_ANS,emissible,1968
M43.92,XIII,XIII/M43.92.md,"Dorsopathie avec déformation, sans précision - "" Région cervicale """,true,false,true,false,false,0,codable,OWL_ANS,emissible,1950
M43.93,XIII,XIII/M43.93.md,"Dorsopathie avec déformation, sans précision - "" Région cervicodorsal """,true,false,true,false,false,0,codable,OWL_ANS,emissible,1954
M43.94,XIII,XIII/M43.94.md,"Dorsopathie avec déformation, sans précision - "" Région dorsale """,true,false,true,false,false,0,codable,OWL_ANS,emissible,1948
M43.95,XIII,XIII/M43.95.md,"Dorsopathie avec déformation, sans précision - "" Région dorsolombaire """,true,false,true,false,false,0,codable,OWL_ANS,emissible,1954
M43.96,XIII,XIII/M43.96.md,"Dorsopathie avec déformation, sans précision - "" Région lombaire """,true,false,true,false,false,0,codable,OWL_ANS,emissible,1949
M43.97,XIII,XIII/M43.97.md,"Dorsopathie avec déformation, sans précision - "" Région lombosacrée """,true,false,true,false,false,0,codable,OWL_ANS,emissible,1952
M43.98,XIII,XIII/M43.98.md,"Dorsopathie avec déformation, sans précision - "" Région sacrée et sacrococcygienne """,true,false,true,false,false,0,codable,OWL_ANS,emissible,1967
M43.99,XIII,XIII/M43.99.md,"Dorsopathie avec déformation, sans précision - "" Localisation non précisée """,true,false,true,false,false,0,codable,OWL_ANS,emissible,1959
M45,XIII,XIII/M45.md,Spondylarthrite ankylosante,true,false,true,false,true,0,codable,OWL_ANS,emissible,2540
M45+0,XIII,XIII/M45+0.md,Spondylarthrite ankylosante - Localisations vertébrales multiples,false,false,true,false,false,0,codable,ATIH,emissible,1597
M45+1,XIII,XIII/M45+1.md,Spondylarthrite ankylosante - Région occipito-atloïdo-axoïdienne,false,false,true,false,false,0,codable,ATIH,emissible,1596
M45+2,XIII,XIII/M45+2.md,Spondylarthrite ankylosante - Région cervicale,false,false,true,false,false,0,codable,ATIH,emissible,1578
M45+3,XIII,XIII/M45+3.md,Spondylarthrite ankylosante - Région cervico-dorsale,false,false,true,false,false,0,codable,ATIH,emissible,1584
M45+4,XIII,XIII/M45+4.md,Spondylarthrite ankylosante - Région dorsale,false,false,true,false,false,0,codable,ATIH,emissible,1576
M45+5,XIII,XIII/M45+5.md,Spondylarthrite ankylosante - Région dorso-lombaire,false,false,true,false,false,0,codable,ATIH,emissible,1583
M45+6,XIII,XIII/M45+6.md,Spondylarthrite ankylosante - Région lombaire,false,false,true,false,false,0,codable,ATIH,emissible,1577
M45+7,XIII,XIII/M45+7.md,Spondylarthrite ankylosante - Région lombo-sacrée,false,false,true,false,false,0,codable,ATIH,emissible,1581
M45+8,XIII,XIII/M45+8.md,Spondylarthrite ankylosante - Région sacrée et sacro-coccygienne,false,false,true,false,false,0,codable,ATIH,emissible,1596
M45+9,XIII,XIII/M45+9.md,Spondylarthrite ankylosante - Localisation vertébrale non précisée,false,false,true,false,false,0,codable,ATIH,emissible,1598
M46.0,XIII,XIII/M46.0.md,Enthésopathie spinale,true,false,true,false,true,0,codable,OWL_ANS,emissible,1583
M46.00,XIII,XIII/M46.00.md,"Enthésopathie spinale - "" Localisations vertébrales multiples """,true,false,true,false,false,0,codable,OWL_ANS,emissible,1560
M46.01,XIII,XIII/M46.01.md,"Enthésopathie spinale - "" Région occipito-atloïdo-axoïdienne """,true,false,true,false,false,0,codable,OWL_ANS,emissible,1559
M46.02,XIII,XIII/M46.02.md,"Enthésopathie spinale - "" Région cervicale """,true,false,true,false,false,0,codable,OWL_ANS,emissible,1541
M46.03,XIII,XIII/M46.03.md,"Enthésopathie spinale - "" Région cervicodorsal """,true,false,true,false,false,0,codable,OWL_ANS,emissible,1545
M46.04,XIII,XIII/M46.04.md,"Enthésopathie spinale - "" Région dorsale """,true,false,true,false,false,0,codable,OWL_ANS,emissible,1539
M46.05,XIII,XIII/M46.05.md,"Enthésopathie spinale - "" Région dorsolombaire """,true,false,true,false,false,0,codable,OWL_ANS,emissible,1545
M46.06,XIII,XIII/M46.06.md,"Enthésopathie spinale - "" Région lombaire """,true,false,true,false,false,0,codable,OWL_ANS,emissible,1540
M46.07,XIII,XIII/M46.07.md,"Enthésopathie spinale - "" Région lombosacrée """,true,false,true,false,false,0,codable,OWL_ANS,emissible,1543
M46.08,XIII,XIII/M46.08.md,"Enthésopathie spinale - "" Région sacrée et sacrococcygienne """,true,false,true,false,false,0,codable,OWL_ANS,emissible,1558
M46.09,XIII,XIII/M46.09.md,"Enthésopathie spinale - "" Localisation non précisée """,true,false,true,false,false,0,codable,OWL_ANS,emissible,1550
M46.1,XIII,XIII/M46.1.md,"Sacro-iliite, non classée ailleurs",false,false,true,false,true,0,codable,OWL_ANS,emissible,1494
M46.10,XIII,XIII/M46.10.md,"Sacro-iliite, non classée ailleurs - "" Localisations vertébrales multiples """,false,false,true,false,false,3,supprime,OWL_ANS,emissible,1410
M46.11,XIII,XIII/M46.11.md,"Sacro-iliite, non classée ailleurs - "" Région occipito-atloïdo-axoïdienne """,false,false,true,false,false,,inconnu_atih,OWL_ANS,emissible,1401
M46.12,XIII,XIII/M46.12.md,"Sacro-iliite, non classée ailleurs - "" Région cervicale """,false,false,true,false,false,,inconnu_atih,OWL_ANS,emissible,1383
M46.13,XIII,XIII/M46.13.md,"Sacro-iliite, non classée ailleurs - "" Région cervicodorsal """,false,false,true,false,false,,inconnu_atih,OWL_ANS,emissible,1387
M46.14,XIII,XIII/M46.14.md,"Sacro-iliite, non classée ailleurs - "" Région dorsale """,false,false,true,false,false,,inconnu_atih,OWL_ANS,emissible,1381
M46.15,XIII,XIII/M46.15.md,"Sacro-iliite, non classée ailleurs - "" Région dorsolombaire """,false,false,true,false,false,,inconnu_atih,OWL_ANS,emissible,1387
M46.16,XIII,XIII/M46.16.md,"Sacro-iliite, non classée ailleurs - "" Région lombaire """,false,false,true,false,false,,inconnu_atih,OWL_ANS,emissible,1382
M46.17,XIII,XIII/M46.17.md,"Sacro-iliite, non classée ailleurs - "" Région lombosacrée """,false,false,true,false,false,,inconnu_atih,OWL_ANS,emissible,1385
M46.18,XIII,XIII/M46.18.md,"Sacro-iliite, non classée ailleurs - "" Région sacrée et sacrococcygienne """,false,false,true,false,false,0,codable,OWL_ANS,emissible,1415
M46.19,XIII,XIII/M46.19.md,"Sacro-iliite, non classée ailleurs - "" Localisation non précisée """,false,false,true,false,false,,inconnu_atih,OWL_ANS,emissible,1392
M46.2,XIII,XIII/M46.2.md,Ostéomyélite vertébrale,false,false,true,false,true,0,codable,OWL_ANS,emissible,1682
M46.20,XIII,XIII/M46.20.md,"Ostéomyélite vertébrale - "" Localisations vertébrales multiples """,false,false,true,false,false,0,codable,OWL_ANS,emissible,1406
M46.21,XIII,XIII/M46.21.md,"Ostéomyélite vertébrale - "" Région occipito-atloïdo-axoïdienne """,false,false,true,false,false,0,codable,OWL_ANS,emissible,1405
M46.22,XIII,XIII/M46.22.md,"Ostéomyélite vertébrale - "" Région cervicale """,false,false,true,false,false,0,codable,OWL_ANS,emissible,1387
M46.23,XIII,XIII/M46.23.md,"Ostéomyélite vertébrale - "" Région cervicodorsal """,false,false,true,false,false,0,codable,OWL_ANS,emissible,1391
M46.24,XIII,XIII/M46.24.md,"Ostéomyélite vertébrale - "" Région dorsale """,false,false,true,false,false,0,codable,OWL_ANS,emissible,1385
M46.25,XIII,XIII/M46.25.md,"Ostéomyélite vertébrale - "" Région dorsolombaire """,false,false,true,false,false,0,codable,OWL_ANS,emissible,1391
M46.26,XIII,XIII/M46.26.md,"Ostéomyélite vertébrale - "" Région lombaire """,false,false,true,false,false,0,codable,OWL_ANS,emissible,1386
M46.27,XIII,XIII/M46.27.md,"Ostéomyélite vertébrale - "" Région lombosacrée """,false,false,true,false,false,0,codable,OWL_ANS,emissible,1389
M46.28,XIII,XIII/M46.28.md,"Ostéomyélite vertébrale - "" Région sacrée et sacrococcygienne """,false,false,true,false,false,0,codable,OWL_ANS,emissible,1404
M46.29,XIII,XIII/M46.29.md,"Ostéomyélite vertébrale - "" Localisation non précisée """,false,false,true,false,false,0,codable,OWL_ANS,emissible,1396
M46.3,XIII,XIII/M46.3.md,Infection (pyogène) d'un disque intervertébral,false,false,true,false,true,0,codable,OWL_ANS,emissible,1792
M46.30,XIII,XIII/M46.30.md,"Infection (pyogène) d'un disque intervertébral - "" Localisations vertébrales multiples """,false,false,true,false,false,0,codable,OWL_ANS,emissible,1429
M46.31,XIII,XIII/M46.31.md,"Infection (pyogène) d'un disque intervertébral - "" Région occipito-atloïdo-axoïdienne """,false,false,true,false,false,,inconnu_atih,OWL_ANS,emissible,1413
M46.32,XIII,XIII/M46.32.md,"Infection (pyogène) d'un disque intervertébral - "" Région cervicale """,false,false,true,false,false,0,codable,OWL_ANS,emissible,1410
M46.33,XIII,XIII/M46.33.md,"Infection (pyogène) d'un disque intervertébral - "" Région cervicodorsal """,false,false,true,false,false,0,codable,OWL_ANS,emissible,1414
M46.34,XIII,XIII/M46.34.md,"Infection (pyogène) d'un disque intervertébral - "" Région dorsale """,false,false,true,false,false,0,codable,OWL_ANS,emissible,1408
M46.35,XIII,XIII/M46.35.md,"Infection (pyogène) d'un disque intervertébral - "" Région dorsolombaire """,false,false,true,false,false,0,codable,OWL_ANS,emissible,1414
M46.36,XIII,XIII/M46.36.md,"Infection (pyogène) d'un disque intervertébral - "" Région lombaire """,false,false,true,false,false,0,codable,OWL_ANS,emissible,1409
M46.37,XIII,XIII/M46.37.md,"Infection (pyogène) d'un disque intervertébral - "" Région lombosacrée """,false,false,true,false,false,0,codable,OWL_ANS,emissible,1412
M46.38,XIII,XIII/M46.38.md,"Infection (pyogène) d'un disque intervertébral - "" Région sacrée et sacrococcygienne """,false,false,true,false,false,3,supprime,OWL_ANS,emissible,1420
M46.39,XIII,XIII/M46.39.md,"Infection (pyogène) d'un disque intervertébral - "" Localisation non précisée """,false,false,true,false,false,0,codable,OWL_ANS,emissible,1419
M46.4,XIII,XIII/M46.4.md,"Discite, sans précision",false,false,true,false,true,0,codable,OWL_ANS,emissible,1427
M46.40,XIII,XIII/M46.40.md,"Discite, sans précision - "" Localisations vertébrales multiples """,false,false,true,false,false,0,codable,OWL_ANS,emissible,1406
M46.41,XIII,XIII/M46.41.md,"Discite, sans précision - "" Région occipito-atloïdo-axoïdienne """,false,false,true,false,false,,inconnu_atih,OWL_ANS,emissible,1390
M46.42,XIII,XIII/M46.42.md,"Discite, sans précision - "" Région cervicale """,false,false,true,false,false,0,codable,OWL_ANS,emissible,1387
M46.43,XIII,XIII/M46.43.md,"Discite, sans précision - "" Région cervicodorsal """,false,false,true,false,false,0,codable,OWL_ANS,emissible,1391
M46.44,XIII,XIII/M46.44.md,"Discite, sans précision - "" Région dorsale """,false,false,true,false,false,0,codable,OWL_ANS,emissible,1385
M46.45,XIII,XIII/M46.45.md,"Discite, sans précision - "" Région dorsolombaire """,false,false,true,false,false,0,codable,OWL_ANS,emissible,1391
M46.46,XIII,XIII/M46.46.md,"Discite, sans précision - "" Région lombaire """,false,false,true,false,false,0,codable,OWL_ANS,emissible,1386
M46.47,XIII,XIII/M46.47.md,"Discite, sans précision - "" Région lombosacrée """,false,false,true,false,false,0,codable,OWL_ANS,emissible,1389
M46.48,XIII,XIII/M46.48.md,"Discite, sans précision - "" Région sacrée et sacrococcygienne """,false,false,true,false,false,3,supprime,OWL_ANS,emissible,1397
M46.49,XIII,XIII/M46.49.md,"Discite, sans précision - "" Localisation non précisée """,false,false,true,false,false,0,codable,OWL_ANS,emissible,1396
M46.5,XIII,XIII/M46.5.md,Autres spondylopathies infectieuses,false,false,true,false,true,0,codable,OWL_ANS,emissible,1496
M46.50,XIII,XIII/M46.50.md,"Autres spondylopathies infectieuses - "" Localisations vertébrales multiples """,false,false,true,false,false,0,codable,OWL_ANS,emissible,1418
M46.51,XIII,XIII/M46.51.md,"Autres spondylopathies infectieuses - "" Région occipito-atloïdo-axoïdienne """,false,false,true,false,false,0,codable,OWL_ANS,emissible,1417
M46.52,XIII,XIII/M46.52.md,"Autres spondylopathies infectieuses - "" Région cervicale """,false,false,true,false,false,0,codable,OWL_ANS,emissible,1399
M46.53,XIII,XIII/M46.53.md,"Autres spondylopathies infectieuses - "" Région cervicodorsal """,false,false,true,false,false,0,codable,OWL_ANS,emissible,1403
M46.54,XIII,XIII/M46.54.md,"Autres spondylopathies infectieuses - "" Région dorsale """,false,false,true,false,false,0,codable,OWL_ANS,emissible,1397
M46.55,XIII,XIII/M46.55.md,"Autres spondylopathies infectieuses - "" Région dorsolombaire """,false,false,true,false,false,0,codable,OWL_ANS,emissible,1403
M46.56,XIII,XIII/M46.56.md,"Autres spondylopathies infectieuses - "" Région lombaire """,false,false,true,false,false,0,codable,OWL_ANS,emissible,1398
M46.57,XIII,XIII/M46.57.md,"Autres spondylopathies infectieuses - "" Région lombosacrée """,false,false,true,false,false,0,codable,OWL_ANS,emissible,1401
M46.58,XIII,XIII/M46.58.md,"Autres spondylopathies infectieuses - "" Région sacrée et sacrococcygienne """,false,false,true,false,false,0,codable,OWL_ANS,emissible,1416
M46.59,XIII,XIII/M46.59.md,"Autres spondylopathies infectieuses - "" Localisation non précisée """,false,false,true,false,false,0,codable,OWL_ANS,emissible,1408
M46.8,XIII,XIII/M46.8.md,Autres spondylopathies inflammatoires précisées,false,false,true,false,true,0,codable,OWL_ANS,emissible,1837
M46.80,XIII,XIII/M46.80.md,"Autres spondylopathies inflammatoires précisées - "" Localisations vertébrales multiples """,false,false,true,false,false,0,codable,OWL_ANS,emissible,1430
M46.81,XIII,XIII/M46.81.md,"Autres spondylopathies inflammatoires précisées - "" Région occipito-atloïdo-axoïdienne """,false,false,true,false,false,0,codable,OWL_ANS,emissible,1429
M46.82,XIII,XIII/M46.82.md,"Autres spondylopathies inflammatoires précisées - "" Région cervicale """,false,false,true,false,false,0,codable,OWL_ANS,emissible,1411
M46.83,XIII,XIII/M46.83.md,"Autres spondylopathies inflammatoires précisées - "" Région cervicodorsal """,false,false,true,false,false,0,codable,OWL_ANS,emissible,1415
M46.84,XIII,XIII/M46.84.md,"Autres spondylopathies inflammatoires précisées - "" Région dorsale """,false,false,true,false,false,0,codable,OWL_ANS,emissible,1409
M46.85,XIII,XIII/M46.85.md,"Autres spondylopathies inflammatoires précisées - "" Région dorsolombaire """,false,false,true,false,false,0,codable,OWL_ANS,emissible,1415
M46.86,XIII,XIII/M46.86.md,"Autres spondylopathies inflammatoires précisées - "" Région lombaire """,false,false,true,false,false,0,codable,OWL_ANS,emissible,1410
M46.87,XIII,XIII/M46.87.md,"Autres spondylopathies inflammatoires précisées - "" Région lombosacrée """,false,false,true,false,false,0,codable,OWL_ANS,emissible,1413
M46.88,XIII,XIII/M46.88.md,"Autres spondylopathies inflammatoires précisées - "" Région sacrée et sacrococcygienne """,false,false,true,false,false,0,codable,OWL_ANS,emissible,1428
M46.89,XIII,XIII/M46.89.md,"Autres spondylopathies inflammatoires précisées - "" Localisation non précisée """,false,false,true,false,false,0,codable,OWL_ANS,emissible,1420
M46.9,XIII,XIII/M46.9.md,"Spondylopathie inflammatoire, sans précision",false,false,true,false,true,0,codable,OWL_ANS,emissible,1708
M46.90,XIII,XIII/M46.90.md,"Spondylopathie inflammatoire, sans précision - "" Localisations vertébrales multiples """,false,false,true,false,false,0,codable,OWL_ANS,emissible,1427
M46.91,XIII,XIII/M46.91.md,"Spondylopathie inflammatoire, sans précision - "" Région occipito-atloïdo-axoïdienne """,false,false,true,false,false,0,codable,OWL_ANS,emissible,1426
M46.92,XIII,XIII/M46.92.md,"Spondylopathie inflammatoire, sans précision - "" Région cervicale """,false,false,true,false,false,0,codable,OWL_ANS,emissible,1408
M46.93,XIII,XIII/M46.93.md,"Spondylopathie inflammatoire, sans précision - "" Région cervicodorsal """,false,false,true,false,false,0,codable,OWL_ANS,emissible,1412
M46.94,XIII,XIII/M46.94.md,"Spondylopathie inflammatoire, sans précision - "" Région dorsale """,false,false,true,false,false,0,codable,OWL_ANS,emissible,1406
M46.95,XIII,XIII/M46.95.md,"Spondylopathie inflammatoire, sans précision - "" Région dorsolombaire """,false,false,true,false,false,0,codable,OWL_ANS,emissible,1412
M46.96,XIII,XIII/M46.96.md,"Spondylopathie inflammatoire, sans précision - "" Région lombaire """,false,false,true,false,false,0,codable,OWL_ANS,emissible,1407
M46.97,XIII,XIII/M46.97.md,"Spondylopathie inflammatoire, sans précision - "" Région lombosacrée """,false,false,true,false,false,0,codable,OWL_ANS,emissible,1410
M46.98,XIII,XIII/M46.98.md,"Spondylopathie inflammatoire, sans précision - "" Région sacrée et sacrococcygienne """,false,false,true,false,false,0,codable,OWL_ANS,emissible,1425
M46.99,XIII,XIII/M46.99.md,"Spondylopathie inflammatoire, sans précision - "" Localisation non précisée """,false,false,true,false,false,0,codable,OWL_ANS,emissible,1417
M47.0,XIII,XIII/M47.0.md,Syndromes de compression des artères vertébrale et spinale antérieure ,true,false,true,false,true,0,codable,OWL_ANS,emissible,1760
M47.00,XIII,XIII/M47.00.md,"Syndromes de compression des artères vertébrale et spinale antérieure (G99.2)   - "" Localisations vertébrales multiples """,true,false,true,false,false,0,codable,OWL_ANS,emissible,1698
M47.01,XIII,XIII/M47.01.md,"Syndromes de compression des artères vertébrale et spinale antérieure (G99.2)   - "" Région occipito-atloïdo-axoïdienne """,true,false,true,false,false,0,codable,OWL_ANS,emissible,1697
M47.02,XIII,XIII/M47.02.md,"Syndromes de compression des artères vertébrale et spinale antérieure (G99.2)   - "" Région cervicale """,true,false,true,false,false,0,codable,OWL_ANS,emissible,1679
M47.03,XIII,XIII/M47.03.md,"Syndromes de compression des artères vertébrale et spinale antérieure (G99.2)   - "" Région cervicodorsal """,true,false,true,false,false,0,codable,OWL_ANS,emissible,1683
M47.04,XIII,XIII/M47.04.md,"Syndromes de compression des artères vertébrale et spinale antérieure (G99.2)   - "" Région dorsale """,true,false,true,false,false,0,codable,OWL_ANS,emissible,1677
M47.05,XIII,XIII/M47.05.md,"Syndromes de compression des artères vertébrale et spinale antérieure (G99.2)   - "" Région dorsolombaire """,true,false,true,false,false,0,codable,OWL_ANS,emissible,1683
M47.06,XIII,XIII/M47.06.md,"Syndromes de compression des artères vertébrale et spinale antérieure (G99.2)   - "" Région lombaire """,true,false,true,false,false,0,codable,OWL_ANS,emissible,1678
M47.07,XIII,XIII/M47.07.md,"Syndromes de compression des artères vertébrale et spinale antérieure (G99.2)   - "" Région lombosacrée """,true,false,true,false,false,,inconnu_atih,OWL_ANS,emissible,1666
M47.08,XIII,XIII/M47.08.md,"Syndromes de compression des artères vertébrale et spinale antérieure (G99.2)   - "" Région sacrée et sacrococcygienne """,true,false,true,false,false,,inconnu_atih,OWL_ANS,emissible,1681
M47.09,XIII,XIII/M47.09.md,"Syndromes de compression des artères vertébrale et spinale antérieure (G99.2)   - "" Localisation non précisée """,true,false,true,false,false,0,codable,OWL_ANS,emissible,1688
M47.1,XIII,XIII/M47.1.md,Autres spondylarthroses avec myélopathie,true,false,true,false,true,0,codable,OWL_ANS,emissible,2201
M47.10,XIII,XIII/M47.10.md,"Autres spondylarthroses avec myélopathie - "" Localisations vertébrales multiples """,true,false,true,false,false,0,codable,OWL_ANS,emissible,1838
M47.11,XIII,XIII/M47.11.md,"Autres spondylarthroses avec myélopathie - "" Région occipito-atloïdo-axoïdienne """,true,false,true,false,false,0,codable,OWL_ANS,emissible,1837
M47.12,XIII,XIII/M47.12.md,"Autres spondylarthroses avec myélopathie - "" Région cervicale """,true,false,true,false,false,0,codable,OWL_ANS,emissible,1819
M47.13,XIII,XIII/M47.13.md,"Autres spondylarthroses avec myélopathie - "" Région cervicodorsal """,true,false,true,false,false,0,codable,OWL_ANS,emissible,1823
M47.14,XIII,XIII/M47.14.md,"Autres spondylarthroses avec myélopathie - "" Région dorsale """,true,false,true,false,false,0,codable,OWL_ANS,emissible,1817
M47.15,XIII,XIII/M47.15.md,"Autres spondylarthroses avec myélopathie - "" Région dorsolombaire """,true,false,true,false,false,0,codable,OWL_ANS,emissible,1823
M47.16,XIII,XIII/M47.16.md,"Autres spondylarthroses avec myélopathie - "" Région lombaire """,true,false,true,false,false,0,codable,OWL_ANS,emissible,1818
M47.17,XIII,XIII/M47.17.md,"Autres spondylarthroses avec myélopathie - "" Région lombosacrée """,true,false,true,false,false,,inconnu_atih,OWL_ANS,emissible,1806
M47.18,XIII,XIII/M47.18.md,"Autres spondylarthroses avec myélopathie - "" Région sacrée et sacrococcygienne """,true,false,true,false,false,,inconnu_atih,OWL_ANS,emissible,1821
M47.19,XIII,XIII/M47.19.md,"Autres spondylarthroses avec myélopathie - "" Localisation non précisée """,true,false,true,false,false,0,codable,OWL_ANS,emissible,1828
M47.2,XIII,XIII/M47.2.md,Autres spondylarthroses avec radiculopathie,true,false,true,false,true,0,codable,OWL_ANS,emissible,1691
M47.20,XIII,XIII/M47.20.md,"Autres spondylarthroses avec radiculopathie - "" Localisations vertébrales multiples """,true,false,true,false,false,0,codable,OWL_ANS,emissible,1662
M47.21,XIII,XIII/M47.21.md,"Autres spondylarthroses avec radiculopathie - "" Région occipito-atloïdo-axoïdienne """,true,false,true,false,false,0,codable,OWL_ANS,emissible,1661
M47.22,XIII,XIII/M47.22.md,"Autres spondylarthroses avec radiculopathie - "" Région cervicale """,true,false,true,false,true,0,codable,OWL_ANS,emissible,1732
M47.23,XIII,XIII/M47.23.md,"Autres spondylarthroses avec radiculopathie - "" Région cervicodorsal """,true,false,true,false,false,0,codable,OWL_ANS,emissible,1647
M47.24,XIII,XIII/M47.24.md,"Autres spondylarthroses avec radiculopathie - "" Région dorsale """,true,false,true,false,true,0,codable,OWL_ANS,emissible,1738
M47.25,XIII,XIII/M47.25.md,"Autres spondylarthroses avec radiculopathie - "" Région dorsolombaire """,true,false,true,false,false,0,codable,OWL_ANS,emissible,1647
M47.26,XIII,XIII/M47.26.md,"Autres spondylarthroses avec radiculopathie - "" Région lombaire """,true,false,true,false,true,0,codable,OWL_ANS,emissible,1806
M47.27,XIII,XIII/M47.27.md,"Autres spondylarthroses avec radiculopathie - "" Région lombosacrée """,true,false,true,false,false,0,codable,OWL_ANS,emissible,1645
M47.28,XIII,XIII/M47.28.md,"Autres spondylarthroses avec radiculopathie - "" Région sacrée et sacrococcygienne """,true,false,true,false,false,0,codable,OWL_ANS,emissible,1660
M47.29,XIII,XIII/M47.29.md,"Autres spondylarthroses avec radiculopathie - "" Localisation non précisée """,true,false,true,false,false,0,codable,OWL_ANS,emissible,1652
M47.8,XIII,XIII/M47.8.md,Autres spondylarthroses,true,false,true,false,true,0,codable,OWL_ANS,emissible,2371
M47.80,XIII,XIII/M47.80.md,"Autres spondylarthroses - "" Localisations vertébrales multiples """,true,false,true,false,false,0,codable,OWL_ANS,emissible,1813
M47.81,XIII,XIII/M47.81.md,"Autres spondylarthroses - "" Région occipito-atloïdo-axoïdienne """,true,false,true,false,false,0,codable,OWL_ANS,emissible,1812
M47.82,XIII,XIII/M47.82.md,"Autres spondylarthroses - "" Région cervicale """,true,false,true,false,true,0,codable,OWL_ANS,emissible,1943
M47.83,XIII,XIII/M47.83.md,"Autres spondylarthroses - "" Région cervicodorsal """,true,false,true,false,false,0,codable,OWL_ANS,emissible,1798
M47.84,XIII,XIII/M47.84.md,"Autres spondylarthroses - "" Région dorsale """,true,false,true,false,true,0,codable,OWL_ANS,emissible,1938
M47.85,XIII,XIII/M47.85.md,"Autres spondylarthroses - "" Région dorsolombaire """,true,false,true,false,false,0,codable,OWL_ANS,emissible,1798
M47.86,XIII,XIII/M47.86.md,"Autres spondylarthroses - "" Région lombaire """,true,false,true,false,true,0,codable,OWL_ANS,emissible,1997
M47.87,XIII,XIII/M47.87.md,"Autres spondylarthroses - "" Région lombosacrée """,true,false,true,false,false,0,codable,OWL_ANS,emissible,1796
M47.88,XIII,XIII/M47.88.md,"Autres spondylarthroses - "" Région sacrée et sacrococcygienne """,true,false,true,false,false,0,codable,OWL_ANS,emissible,1811
M47.89,XIII,XIII/M47.89.md,"Autres spondylarthroses - "" Localisation non précisée """,true,false,true,false,false,0,codable,OWL_ANS,emissible,1803
M47.9,XIII,XIII/M47.9.md,"Spondylarthrose, sans précision",true,false,true,false,true,0,codable,OWL_ANS,emissible,1937
M47.90,XIII,XIII/M47.90.md,"Spondylarthrose, sans précision - "" Localisations vertébrales multiples """,true,false,true,false,false,0,codable,OWL_ANS,emissible,1650
M47.91,XIII,XIII/M47.91.md,"Spondylarthrose, sans précision - "" Région occipito-atloïdo-axoïdienne """,true,false,true,false,false,0,codable,OWL_ANS,emissible,1649
M47.92,XIII,XIII/M47.92.md,"Spondylarthrose, sans précision - "" Région cervicale """,true,false,true,false,false,0,codable,OWL_ANS,emissible,1631
M47.93,XIII,XIII/M47.93.md,"Spondylarthrose, sans précision - "" Région cervicodorsal """,true,false,true,false,false,0,codable,OWL_ANS,emissible,1635
M47.94,XIII,XIII/M47.94.md,"Spondylarthrose, sans précision - "" Région dorsale """,true,false,true,false,false,0,codable,OWL_ANS,emissible,1629
M47.95,XIII,XIII/M47.95.md,"Spondylarthrose, sans précision - "" Région dorsolombaire """,true,false,true,false,false,0,codable,OWL_ANS,emissible,1635
M47.96,XIII,XIII/M47.96.md,"Spondylarthrose, sans précision - "" Région lombaire """,true,false,true,false,false,0,codable,OWL_ANS,emissible,1630
M47.97,XIII,XIII/M47.97.md,"Spondylarthrose, sans précision - "" Région lombosacrée """,true,false,true,false,false,0,codable,OWL_ANS,emissible,1633
M47.98,XIII,XIII/M47.98.md,"Spondylarthrose, sans précision - "" Région sacrée et sacrococcygienne """,true,false,true,false,false,0,codable,OWL_ANS,emissible,1648
M47.99,XIII,XIII/M47.99.md,"Spondylarthrose, sans précision - "" Localisation non précisée """,true,false,true,false,false,0,codable,OWL_ANS,emissible,1640
M48.0,XIII,XIII/M48.0.md,Rétrécissement du canal médullaire,true,false,true,false,true,0,codable,OWL_ANS,emissible,1788
M48.00,XIII,XIII/M48.00.md,"Rétrécissement du canal médullaire - "" Localisations vertébrales multiples """,true,false,true,false,false,0,codable,OWL_ANS,emissible,1517
M48.01,XIII,XIII/M48.01.md,"Rétrécissement du canal médullaire - "" Région occipito-atloïdo-axoïdienne """,true,false,true,false,false,0,codable,OWL_ANS,emissible,1516
M48.02,XIII,XIII/M48.02.md,"Rétrécissement du canal médullaire - "" Région cervicale """,true,false,true,false,true,0,codable,OWL_ANS,emissible,1562
M48.03,XIII,XIII/M48.03.md,"Rétrécissement du canal médullaire - "" Région cervicodorsal """,true,false,true,false,false,0,codable,OWL_ANS,emissible,1502
M48.04,XIII,XIII/M48.04.md,"Rétrécissement du canal médullaire - "" Région dorsale """,true,false,true,false,true,0,codable,OWL_ANS,emissible,1572
M48.05,XIII,XIII/M48.05.md,"Rétrécissement du canal médullaire - "" Région dorsolombaire """,true,false,true,false,false,0,codable,OWL_ANS,emissible,1502
M48.06,XIII,XIII/M48.06.md,"Rétrécissement du canal médullaire - "" Région lombaire """,true,false,true,false,true,0,codable,OWL_ANS,emissible,1586
M48.07,XIII,XIII/M48.07.md,"Rétrécissement du canal médullaire - "" Région lombosacrée """,true,false,true,false,false,0,codable,OWL_ANS,emissible,1500
M48.08,XIII,XIII/M48.08.md,"Rétrécissement du canal médullaire - "" Région sacrée et sacrococcygienne """,true,false,true,false,false,0,codable,OWL_ANS,emissible,1515
M48.09,XIII,XIII/M48.09.md,"Rétrécissement du canal médullaire - "" Localisation non précisée """,true,false,true,false,false,0,codable,OWL_ANS,emissible,1507
M48.1,XIII,XIII/M48.1.md,Hyperostose ankylosante [Forestier],true,false,true,false,true,0,codable,OWL_ANS,emissible,1623
M48.10,XIII,XIII/M48.10.md,"Hyperostose ankylosante [Forestier] - "" Localisations vertébrales multiples """,true,false,true,false,false,0,codable,OWL_ANS,emissible,1529
M48.11,XIII,XIII/M48.11.md,"Hyperostose ankylosante [Forestier] - "" Région occipito-atloïdo-axoïdienne """,true,false,true,false,false,0,codable,OWL_ANS,emissible,1528
M48.12,XIII,XIII/M48.12.md,"Hyperostose ankylosante [Forestier] - "" Région cervicale """,true,false,true,false,true,0,codable,OWL_ANS,emissible,1597
M48.13,XIII,XIII/M48.13.md,"Hyperostose ankylosante [Forestier] - "" Région cervicodorsal """,true,false,true,false,false,0,codable,OWL_ANS,emissible,1514
M48.14,XIII,XIII/M48.14.md,"Hyperostose ankylosante [Forestier] - "" Région dorsale """,true,false,true,false,true,0,codable,OWL_ANS,emissible,1596
M48.15,XIII,XIII/M48.15.md,"Hyperostose ankylosante [Forestier] - "" Région dorsolombaire """,true,false,true,false,false,0,codable,OWL_ANS,emissible,1514
M48.16,XIII,XIII/M48.16.md,"Hyperostose ankylosante [Forestier] - "" Région lombaire """,true,false,true,false,true,0,codable,OWL_ANS,emissible,1595
M48.17,XIII,XIII/M48.17.md,"Hyperostose ankylosante [Forestier] - "" Région lombosacrée """,true,false,true,false,false,0,codable,OWL_ANS,emissible,1512
M48.18,XIII,XIII/M48.18.md,"Hyperostose ankylosante [Forestier] - "" Région sacrée et sacrococcygienne """,true,false,true,false,false,0,codable,OWL_ANS,emissible,1527
M48.19,XIII,XIII/M48.19.md,"Hyperostose ankylosante [Forestier] - "" Localisation non précisée """,true,false,true,false,false,0,codable,OWL_ANS,emissible,1519
M48.2,XIII,XIII/M48.2.md,Arthrose interépineuse,true,false,true,false,true,0,codable,OWL_ANS,emissible,1570
M48.20,XIII,XIII/M48.20.md,"Arthrose interépineuse - "" Localisations vertébrales multiples """,true,false,true,false,false,0,codable,OWL_ANS,emissible,1503
M48.21,XIII,XIII/M48.21.md,"Arthrose interépineuse - "" Région occipito-atloïdo-axoïdienne """,true,false,true,false,false,0,codable,OWL_ANS,emissible,1502
M48.22,XIII,XIII/M48.22.md,"Arthrose interépineuse - "" Région cervicale """,true,false,true,false,false,0,codable,OWL_ANS,emissible,1484
M48.23,XIII,XIII/M48.23.md,"Arthrose interépineuse - "" Région cervicodorsal """,true,false,true,false,false,0,codable,OWL_ANS,emissible,1488
M48.24,XIII,XIII/M48.24.md,"Arthrose interépineuse - "" Région dorsale """,true,false,true,false,false,0,codable,OWL_ANS,emissible,1482
M48.25,XIII,XIII/M48.25.md,"Arthrose interépineuse - "" Région dorsolombaire """,true,false,true,false,false,0,codable,OWL_ANS,emissible,1488
M48.26,XIII,XIII/M48.26.md,"Arthrose interépineuse - "" Région lombaire """,true,false,true,false,false,0,codable,OWL_ANS,emissible,1483
M48.27,XIII,XIII/M48.27.md,"Arthrose interépineuse - "" Région lombosacrée """,true,false,true,false,false,0,codable,OWL_ANS,emissible,1486
M48.28,XIII,XIII/M48.28.md,"Arthrose interépineuse - "" Région sacrée et sacrococcygienne """,true,false,true,false,false,3,supprime,OWL_ANS,emissible,1494
M48.29,XIII,XIII/M48.29.md,"Arthrose interépineuse - "" Localisation non précisée """,true,false,true,false,false,0,codable,OWL_ANS,emissible,1493
M48.3,XIII,XIII/M48.3.md,Spondylopathie traumatique,false,false,true,false,true,0,codable,OWL_ANS,emissible,1480
M48.30,XIII,XIII/M48.30.md,"Spondylopathie traumatique - "" Localisations vertébrales multiples """,false,false,true,false,false,0,codable,OWL_ANS,emissible,1409
M48.31,XIII,XIII/M48.31.md,"Spondylopathie traumatique - "" Région occipito-atloïdo-axoïdienne """,false,false,true,false,false,0,codable,OWL_ANS,emissible,1408
M48.32,XIII,XIII/M48.32.md,"Spondylopathie traumatique - "" Région cervicale """,false,false,true,false,false,0,codable,OWL_ANS,emissible,1390
M48.33,XIII,XIII/M48.33.md,"Spondylopathie traumatique - "" Région cervicodorsal """,false,false,true,false,false,0,codable,OWL_ANS,emissible,1394
M48.34,XIII,XIII/M48.34.md,"Spondylopathie traumatique - "" Région dorsale """,false,false,true,false,false,0,codable,OWL_ANS,emissible,1388
M48.35,XIII,XIII/M48.35.md,"Spondylopathie traumatique - "" Région dorsolombaire """,false,false,true,false,false,0,codable,OWL_ANS,emissible,1394
M48.36,XIII,XIII/M48.36.md,"Spondylopathie traumatique - "" Région lombaire """,false,false,true,false,false,0,codable,OWL_ANS,emissible,1389
M48.37,XIII,XIII/M48.37.md,"Spondylopathie traumatique - "" Région lombosacrée """,false,false,true,false,false,0,codable,OWL_ANS,emissible,1392
M48.38,XIII,XIII/M48.38.md,"Spondylopathie traumatique - "" Région sacrée et sacrococcygienne """,false,false,true,false,false,0,codable,OWL_ANS,emissible,1407
M48.39,XIII,XIII/M48.39.md,"Spondylopathie traumatique - "" Localisation non précisée """,false,false,true,false,false,0,codable,OWL_ANS,emissible,1399
M48.4,XIII,XIII/M48.4.md,Fracture vertébrale de fatigue,true,false,true,false,true,0,codable,OWL_ANS,emissible,1629
M48.40,XIII,XIII/M48.40.md,"Fracture vertébrale de fatigue - "" Localisations vertébrales multiples """,true,false,true,false,false,0,codable,OWL_ANS,emissible,1521
M48.41,XIII,XIII/M48.41.md,"Fracture vertébrale de fatigue - "" Région occipito-atloïdo-axoïdienne """,true,false,true,false,false,0,codable,OWL_ANS,emissible,1520
M48.42,XIII,XIII/M48.42.md,"Fracture vertébrale de fatigue - "" Région cervicale """,true,false,true,false,false,0,codable,OWL_ANS,emissible,1502
M48.43,XIII,XIII/M48.43.md,"Fracture vertébrale de fatigue - "" Région cervicodorsal """,true,false,true,false,false,0,codable,OWL_ANS,emissible,1506
M48.44,XIII,XIII/M48.44.md,"Fracture vertébrale de fatigue - "" Région dorsale """,true,false,true,false,false,0,codable,OWL_ANS,emissible,1500
M48.45,XIII,XIII/M48.45.md,"Fracture vertébrale de fatigue - "" Région dorsolombaire """,true,false,true,false,false,0,codable,OWL_ANS,emissible,1506
M48.46,XIII,XIII/M48.46.md,"Fracture vertébrale de fatigue - "" Région lombaire """,true,false,true,false,false,0,codable,OWL_ANS,emissible,1501
M48.47,XIII,XIII/M48.47.md,"Fracture vertébrale de fatigue - "" Région lombosacrée """,true,false,true,false,false,0,codable,OWL_ANS,emissible,1504
M48.48,XIII,XIII/M48.48.md,"Fracture vertébrale de fatigue - "" Région sacrée et sacrococcygienne """,true,false,true,false,false,0,codable,OWL_ANS,emissible,1519
M48.49,XIII,XIII/M48.49.md,"Fracture vertébrale de fatigue - "" Localisation non précisée """,true,false,true,false,false,0,codable,OWL_ANS,emissible,1511
M48.5,XIII,XIII/M48.5.md,"Tassement vertébral, non classé ailleurs",true,false,true,false,true,0,codable,OWL_ANS,emissible,2013
M48.50,XIII,XIII/M48.50.md,"Tassement vertébral, non classé ailleurs - "" Localisations vertébrales multiples """,true,false,true,false,false,0,codable,OWL_ANS,emissible,1751
M48.51,XIII,XIII/M48.51.md,"Tassement vertébral, non classé ailleurs - "" Région occipito-atloïdo-axoïdienne """,true,false,true,false,false,0,codable,OWL_ANS,emissible,1750
M48.52,XIII,XIII/M48.52.md,"Tassement vertébral, non classé ailleurs - "" Région cervicale """,true,false,true,false,false,0,codable,OWL_ANS,emissible,1732
M48.53,XIII,XIII/M48.53.md,"Tassement vertébral, non classé ailleurs - "" Région cervicodorsal """,true,false,true,false,false,0,codable,OWL_ANS,emissible,1736
M48.54,XIII,XIII/M48.54.md,"Tassement vertébral, non classé ailleurs - "" Région dorsale """,true,false,true,false,false,0,codable,OWL_ANS,emissible,1730
M48.55,XIII,XIII/M48.55.md,"Tassement vertébral, non classé ailleurs - "" Région dorsolombaire """,true,false,true,false,false,0,codable,OWL_ANS,emissible,1736
M48.56,XIII,XIII/M48.56.md,"Tassement vertébral, non classé ailleurs - "" Région lombaire """,true,false,true,false,false,0,codable,OWL_ANS,emissible,1731
M48.57,XIII,XIII/M48.57.md,"Tassement vertébral, non classé ailleurs - "" Région lombosacrée """,true,false,true,false,false,0,codable,OWL_ANS,emissible,1734
M48.58,XIII,XIII/M48.58.md,"Tassement vertébral, non classé ailleurs - "" Région sacrée et sacrococcygienne """,true,false,true,false,false,0,codable,OWL_ANS,emissible,1749
M48.59,XIII,XIII/M48.59.md,"Tassement vertébral, non classé ailleurs - "" Localisation non précisée """,true,false,true,false,false,0,codable,OWL_ANS,emissible,1741
M48.8,XIII,XIII/M48.8.md,Autres spondylopathies précisées,true,false,true,false,true,0,codable,OWL_ANS,emissible,1866
M48.80,XIII,XIII/M48.80.md,"Autres spondylopathies précisées - "" Localisations vertébrales multiples """,true,false,true,false,false,0,codable,OWL_ANS,emissible,1542
M48.81,XIII,XIII/M48.81.md,"Autres spondylopathies précisées - "" Région occipito-atloïdo-axoïdienne """,true,false,true,false,false,0,codable,OWL_ANS,emissible,1541
M48.82,XIII,XIII/M48.82.md,"Autres spondylopathies précisées - "" Région cervicale """,true,false,true,false,false,0,codable,OWL_ANS,emissible,1523
M48.83,XIII,XIII/M48.83.md,"Autres spondylopathies précisées - "" Région cervicodorsal """,true,false,true,false,false,0,codable,OWL_ANS,emissible,1527
M48.84,XIII,XIII/M48.84.md,"Autres spondylopathies précisées - "" Région dorsale """,true,false,true,false,false,0,codable,OWL_ANS,emissible,1521
M48.85,XIII,XIII/M48.85.md,"Autres spondylopathies précisées - "" Région dorsolombaire """,true,false,true,false,false,0,codable,OWL_ANS,emissible,1527
M48.86,XIII,XIII/M48.86.md,"Autres spondylopathies précisées - "" Région lombaire """,true,false,true,false,false,0,codable,OWL_ANS,emissible,1522
M48.87,XIII,XIII/M48.87.md,"Autres spondylopathies précisées - "" Région lombosacrée """,true,false,true,false,false,0,codable,OWL_ANS,emissible,1525
M48.88,XIII,XIII/M48.88.md,"Autres spondylopathies précisées - "" Région sacrée et sacrococcygienne """,true,false,true,false,false,0,codable,OWL_ANS,emissible,1540
M48.89,XIII,XIII/M48.89.md,"Autres spondylopathies précisées - "" Localisation non précisée """,true,false,true,false,false,0,codable,OWL_ANS,emissible,1532
M48.9,XIII,XIII/M48.9.md,"Spondylopathie, sans précision",false,false,true,false,true,0,codable,OWL_ANS,emissible,1730
M48.90,XIII,XIII/M48.90.md,"Spondylopathie, sans précision - "" Localisations vertébrales multiples """,false,false,true,false,false,0,codable,OWL_ANS,emissible,1413
M48.91,XIII,XIII/M48.91.md,"Spondylopathie, sans précision - "" Région occipito-atloïdo-axoïdienne """,false,false,true,false,false,0,codable,OWL_ANS,emissible,1412
M48.92,XIII,XIII/M48.92.md,"Spondylopathie, sans précision - "" Région cervicale """,false,false,true,false,false,0,codable,OWL_ANS,emissible,1394
M48.93,XIII,XIII/M48.93.md,"Spondylopathie, sans précision - "" Région cervicodorsal """,false,false,true,false,false,0,codable,OWL_ANS,emissible,1398
M48.94,XIII,XIII/M48.94.md,"Spondylopathie, sans précision - "" Région dorsale """,false,false,true,false,false,0,codable,OWL_ANS,emissible,1392
M48.95,XIII,XIII/M48.95.md,"Spondylopathie, sans précision - "" Région dorsolombaire """,false,false,true,false,false,0,codable,OWL_ANS,emissible,1398
M48.96,XIII,XIII/M48.96.md,"Spondylopathie, sans précision - "" Région lombaire """,false,false,true,false,false,0,codable,OWL_ANS,emissible,1393
M48.97,XIII,XIII/M48.97.md,"Spondylopathie, sans précision - "" Région lombosacrée """,false,false,true,false,false,0,codable,OWL_ANS,emissible,1396
M48.98,XIII,XIII/M48.98.md,"Spondylopathie, sans précision - "" Région sacrée et sacrococcygienne """,false,false,true,false,false,0,codable,OWL_ANS,emissible,1411
M48.99,XIII,XIII/M48.99.md,"Spondylopathie, sans précision - "" Localisation non précisée """,false,false,true,false,false,0,codable,OWL_ANS,emissible,1403
M49.0,XIII,XIII/M49.0.md,Tuberculose vertébrale ,true,false,true,false,true,0,codable,OWL_ANS,emissible,1624
M49.00,XIII,XIII/M49.00.md,"Tuberculose vertébrale (A18.0)   - "" Localisations vertébrales multiples """,true,false,true,false,false,0,codable,OWL_ANS,emissible,1636
M49.01,XIII,XIII/M49.01.md,"Tuberculose vertébrale (A18.0)   - "" Région occipito-atloïdo-axoïdienne """,true,false,true,false,false,0,codable,OWL_ANS,emissible,1635
M49.02,XIII,XIII/M49.02.md,"Tuberculose vertébrale (A18.0)   - "" Région cervicale """,true,false,true,false,false,0,codable,OWL_ANS,emissible,1617
M49.03,XIII,XIII/M49.03.md,"Tuberculose vertébrale (A18.0)   - "" Région cervicodorsal """,true,false,true,false,false,0,codable,OWL_ANS,emissible,1621
M49.04,XIII,XIII/M49.04.md,"Tuberculose vertébrale (A18.0)   - "" Région dorsale """,true,false,true,false,false,0,codable,OWL_ANS,emissible,1615
M49.05,XIII,XIII/M49.05.md,"Tuberculose vertébrale (A18.0)   - "" Région dorsolombaire """,true,false,true,false,false,0,codable,OWL_ANS,emissible,1621
M49.06,XIII,XIII/M49.06.md,"Tuberculose vertébrale (A18.0)   - "" Région lombaire """,true,false,true,false,false,0,codable,OWL_ANS,emissible,1616
M49.07,XIII,XIII/M49.07.md,"Tuberculose vertébrale (A18.0)   - "" Région lombosacrée """,true,false,true,false,false,0,codable,OWL_ANS,emissible,1619
M49.08,XIII,XIII/M49.08.md,"Tuberculose vertébrale (A18.0)   - "" Région sacrée et sacrococcygienne """,true,false,true,false,false,0,codable,OWL_ANS,emissible,1634
M49.09,XIII,XIII/M49.09.md,"Tuberculose vertébrale (A18.0)   - "" Localisation non précisée """,true,false,true,false,false,0,codable,OWL_ANS,emissible,1626
M49.1,XIII,XIII/M49.1.md,Spondylite au cours de brucellose ,false,false,true,false,true,0,codable,OWL_ANS,emissible,1587
M49.10,XIII,XIII/M49.10.md,"Spondylite au cours de brucellose (A23.-)   - "" Localisations vertébrales multiples """,false,false,true,false,false,0,codable,OWL_ANS,emissible,1557
M49.11,XIII,XIII/M49.11.md,"Spondylite au cours de brucellose (A23.-)   - "" Région occipito-atloïdo-axoïdienne """,false,false,true,false,false,0,codable,OWL_ANS,emissible,1556
M49.12,XIII,XIII/M49.12.md,"Spondylite au cours de brucellose (A23.-)   - "" Région cervicale """,false,false,true,false,false,0,codable,OWL_ANS,emissible,1538
M49.13,XIII,XIII/M49.13.md,"Spondylite au cours de brucellose (A23.-)   - "" Région cervicodorsal """,false,false,true,false,false,0,codable,OWL_ANS,emissible,1542
M49.14,XIII,XIII/M49.14.md,"Spondylite au cours de brucellose (A23.-)   - "" Région dorsale """,false,false,true,false,false,0,codable,OWL_ANS,emissible,1536
M49.15,XIII,XIII/M49.15.md,"Spondylite au cours de brucellose (A23.-)   - "" Région dorsolombaire """,false,false,true,false,false,0,codable,OWL_ANS,emissible,1542
M49.16,XIII,XIII/M49.16.md,"Spondylite au cours de brucellose (A23.-)   - "" Région lombaire """,false,false,true,false,false,0,codable,OWL_ANS,emissible,1537
M49.17,XIII,XIII/M49.17.md,"Spondylite au cours de brucellose (A23.-)   - "" Région lombosacrée """,false,false,true,false,false,0,codable,OWL_ANS,emissible,1540
M49.18,XIII,XIII/M49.18.md,"Spondylite au cours de brucellose (A23.-)   - "" Région sacrée et sacrococcygienne """,false,false,true,false,false,0,codable,OWL_ANS,emissible,1555
M49.19,XIII,XIII/M49.19.md,"Spondylite au cours de brucellose (A23.-)   - "" Localisation non précisée """,false,false,true,false,false,0,codable,OWL_ANS,emissible,1547
M49.2,XIII,XIII/M49.2.md,Spondylite entérobactérienne ,false,false,true,false,false,0,codable,OWL_ANS,emissible,1499
M49.20,XIII,XIII/M49.20.md,"Spondylite entérobactérienne (A01-A04)   - "" Localisations vertébrales multiples """,false,false,true,false,false,0,codable,OWL_ANS,emissible,1554
M49.21,XIII,XIII/M49.21.md,"Spondylite entérobactérienne (A01-A04)   - "" Région occipito-atloïdo-axoïdienne """,false,false,true,false,false,0,codable,OWL_ANS,emissible,1553
M49.22,XIII,XIII/M49.22.md,"Spondylite entérobactérienne (A01-A04)   - "" Région cervicale """,false,false,true,false,false,0,codable,OWL_ANS,emissible,1535
M49.23,XIII,XIII/M49.23.md,"Spondylite entérobactérienne (A01-A04)   - "" Région cervicodorsal """,false,false,true,false,false,0,codable,OWL_ANS,emissible,1539
M49.24,XIII,XIII/M49.24.md,"Spondylite entérobactérienne (A01-A04)   - "" Région dorsale """,false,false,true,false,false,0,codable,OWL_ANS,emissible,1533
M49.25,XIII,XIII/M49.25.md,"Spondylite entérobactérienne (A01-A04)   - "" Région dorsolombaire """,false,false,true,false,false,0,codable,OWL_ANS,emissible,1539
M49.26,XIII,XIII/M49.26.md,"Spondylite entérobactérienne (A01-A04)   - "" Région lombaire """,false,false,true,false,false,0,codable,OWL_ANS,emissible,1534
M49.27,XIII,XIII/M49.27.md,"Spondylite entérobactérienne (A01-A04)   - "" Région lombosacrée """,false,false,true,false,false,0,codable,OWL_ANS,emissible,1537
M49.28,XIII,XIII/M49.28.md,"Spondylite entérobactérienne (A01-A04)   - "" Région sacrée et sacrococcygienne """,false,false,true,false,false,0,codable,OWL_ANS,emissible,1552
M49.29,XIII,XIII/M49.29.md,"Spondylite entérobactérienne (A01-A04)   - "" Localisation non précisée """,false,false,true,false,false,0,codable,OWL_ANS,emissible,1544
M49.3,XIII,XIII/M49.3.md,Spondylopathie au cours d'autres maladies infectieuses et  parasitaires classées ailleurs,false,false,true,false,false,0,codable,OWL_ANS,emissible,1648
M49.30,XIII,XIII/M49.30.md,"Spondylopathie au cours d'autres maladies infectieuses et  parasitaires classées ailleurs - "" Localisations vertébrales multiples """,false,false,true,false,false,0,codable,OWL_ANS,emissible,1653
M49.31,XIII,XIII/M49.31.md,"Spondylopathie au cours d'autres maladies infectieuses et  parasitaires classées ailleurs - "" Région occipito-atloïdo-axoïdienne """,false,false,true,false,false,0,codable,OWL_ANS,emissible,1652
M49.32,XIII,XIII/M49.32.md,"Spondylopathie au cours d'autres maladies infectieuses et  parasitaires classées ailleurs - "" Région cervicale """,false,false,true,false,false,0,codable,OWL_ANS,emissible,1634
M49.33,XIII,XIII/M49.33.md,"Spondylopathie au cours d'autres maladies infectieuses et  parasitaires classées ailleurs - "" Région cervicodorsal """,false,false,true,false,false,0,codable,OWL_ANS,emissible,1638
M49.34,XIII,XIII/M49.34.md,"Spondylopathie au cours d'autres maladies infectieuses et  parasitaires classées ailleurs - "" Région dorsale """,false,false,true,false,false,0,codable,OWL_ANS,emissible,1632
M49.35,XIII,XIII/M49.35.md,"Spondylopathie au cours d'autres maladies infectieuses et  parasitaires classées ailleurs - "" Région dorsolombaire """,false,false,true,false,false,0,codable,OWL_ANS,emissible,1638
M49.36,XIII,XIII/M49.36.md,"Spondylopathie au cours d'autres maladies infectieuses et  parasitaires classées ailleurs - "" Région lombaire """,false,false,true,false,false,0,codable,OWL_ANS,emissible,1633
M49.37,XIII,XIII/M49.37.md,"Spondylopathie au cours d'autres maladies infectieuses et  parasitaires classées ailleurs - "" Région lombosacrée """,false,false,true,false,false,0,codable,OWL_ANS,emissible,1636
M49.38,XIII,XIII/M49.38.md,"Spondylopathie au cours d'autres maladies infectieuses et  parasitaires classées ailleurs - "" Région sacrée et sacrococcygienne """,false,false,true,false,false,0,codable,OWL_ANS,emissible,1651
M49.39,XIII,XIII/M49.39.md,"Spondylopathie au cours d'autres maladies infectieuses et  parasitaires classées ailleurs - "" Localisation non précisée """,false,false,true,false,false,0,codable,OWL_ANS,emissible,1643
M49.4,XIII,XIII/M49.4.md,Spondylopathie neurologique,true,false,true,false,false,0,codable,OWL_ANS,emissible,1670
M49.40,XIII,XIII/M49.40.md,"Spondylopathie neurologique - "" Localisations vertébrales multiples """,true,false,true,false,false,0,codable,OWL_ANS,emissible,1721
M49.41,XIII,XIII/M49.41.md,"Spondylopathie neurologique - "" Région occipito-atloïdo-axoïdienne """,true,false,true,false,false,0,codable,OWL_ANS,emissible,1720
M49.42,XIII,XIII/M49.42.md,"Spondylopathie neurologique - "" Région cervicale """,true,false,true,false,false,0,codable,OWL_ANS,emissible,1702
M49.43,XIII,XIII/M49.43.md,"Spondylopathie neurologique - "" Région cervicodorsal """,true,false,true,false,false,0,codable,OWL_ANS,emissible,1706
M49.44,XIII,XIII/M49.44.md,"Spondylopathie neurologique - "" Région dorsale """,true,false,true,false,false,0,codable,OWL_ANS,emissible,1700
M49.45,XIII,XIII/M49.45.md,"Spondylopathie neurologique - "" Région dorsolombaire """,true,false,true,false,false,0,codable,OWL_ANS,emissible,1706
M49.46,XIII,XIII/M49.46.md,"Spondylopathie neurologique - "" Région lombaire """,true,false,true,false,false,0,codable,OWL_ANS,emissible,1701
M49.47,XIII,XIII/M49.47.md,"Spondylopathie neurologique - "" Région lombosacrée """,true,false,true,false,false,0,codable,OWL_ANS,emissible,1704
M49.48,XIII,XIII/M49.48.md,"Spondylopathie neurologique - "" Région sacrée et sacrococcygienne """,true,false,true,false,false,0,codable,OWL_ANS,emissible,1719
M49.49,XIII,XIII/M49.49.md,"Spondylopathie neurologique - "" Localisation non précisée """,true,false,true,false,false,0,codable,OWL_ANS,emissible,1711
M49.5,XIII,XIII/M49.5.md,Tassement vertébral au cours de maladies classées ailleurs,true,false,true,false,true,0,codable,OWL_ANS,emissible,1715
M49.50,XIII,XIII/M49.50.md,"Tassement vertébral au cours de maladies classées ailleurs - "" Localisations vertébrales multiples """,true,false,true,false,false,0,codable,OWL_ANS,emissible,1695
M49.51,XIII,XIII/M49.51.md,"Tassement vertébral au cours de maladies classées ailleurs - "" Région occipito-atloïdo-axoïdienne """,true,false,true,false,false,0,codable,OWL_ANS,emissible,1694
M49.52,XIII,XIII/M49.52.md,"Tassement vertébral au cours de maladies classées ailleurs - "" Région cervicale """,true,false,true,false,false,0,codable,OWL_ANS,emissible,1676
M49.53,XIII,XIII/M49.53.md,"Tassement vertébral au cours de maladies classées ailleurs - "" Région cervicodorsal """,true,false,true,false,false,0,codable,OWL_ANS,emissible,1680
M49.54,XIII,XIII/M49.54.md,"Tassement vertébral au cours de maladies classées ailleurs - "" Région dorsale """,true,false,true,false,false,0,codable,OWL_ANS,emissible,1674
M49.55,XIII,XIII/M49.55.md,"Tassement vertébral au cours de maladies classées ailleurs - "" Région dorsolombaire """,true,false,true,false,false,0,codable,OWL_ANS,emissible,1680
M49.56,XIII,XIII/M49.56.md,"Tassement vertébral au cours de maladies classées ailleurs - "" Région lombaire """,true,false,true,false,false,0,codable,OWL_ANS,emissible,1675
M49.57,XIII,XIII/M49.57.md,"Tassement vertébral au cours de maladies classées ailleurs - "" Région lombosacrée """,true,false,true,false,false,0,codable,OWL_ANS,emissible,1678
M49.58,XIII,XIII/M49.58.md,"Tassement vertébral au cours de maladies classées ailleurs - "" Région sacrée et sacrococcygienne """,true,false,true,false,false,0,codable,OWL_ANS,emissible,1693
M49.59,XIII,XIII/M49.59.md,"Tassement vertébral au cours de maladies classées ailleurs - "" Localisation non précisée """,true,false,true,false,false,0,codable,OWL_ANS,emissible,1685
M49.8,XIII,XIII/M49.8.md,Spondylopathie au cours d'autres maladies classées ailleurs,false,false,true,false,false,0,codable,OWL_ANS,emissible,1905
M49.80,XIII,XIII/M49.80.md,"Spondylopathie au cours d'autres maladies classées ailleurs - "" Localisations vertébrales multiples """,false,false,true,false,false,0,codable,OWL_ANS,emissible,1573
M49.81,XIII,XIII/M49.81.md,"Spondylopathie au cours d'autres maladies classées ailleurs - "" Région occipito-atloïdo-axoïdienne """,false,false,true,false,false,0,codable,OWL_ANS,emissible,1572
M49.82,XIII,XIII/M49.82.md,"Spondylopathie au cours d'autres maladies classées ailleurs - "" Région cervicale """,false,false,true,false,false,0,codable,OWL_ANS,emissible,1554
M49.83,XIII,XIII/M49.83.md,"Spondylopathie au cours d'autres maladies classées ailleurs - "" Région cervicodorsal """,false,false,true,false,false,0,codable,OWL_ANS,emissible,1558
M49.84,XIII,XIII/M49.84.md,"Spondylopathie au cours d'autres maladies classées ailleurs - "" Région dorsale """,false,false,true,false,false,0,codable,OWL_ANS,emissible,1552
M49.85,XIII,XIII/M49.85.md,"Spondylopathie au cours d'autres maladies classées ailleurs - "" Région dorsolombaire """,false,false,true,false,false,0,codable,OWL_ANS,emissible,1558
M49.86,XIII,XIII/M49.86.md,"Spondylopathie au cours d'autres maladies classées ailleurs - "" Région lombaire """,false,false,true,false,false,0,codable,OWL_ANS,emissible,1553
M49.87,XIII,XIII/M49.87.md,"Spondylopathie au cours d'autres maladies classées ailleurs - "" Région lombosacrée """,false,false,true,false,false,0,codable,OWL_ANS,emissible,1556
M49.88,XIII,XIII/M49.88.md,"Spondylopathie au cours d'autres maladies classées ailleurs - "" Région sacrée et sacrococcygienne """,false,false,true,false,false,0,codable,OWL_ANS,emissible,1571
M49.89,XIII,XIII/M49.89.md,"Spondylopathie au cours d'autres maladies classées ailleurs - "" Localisation non précisée """,false,false,true,false,false,0,codable,OWL_ANS,emissible,1563
M50.0,XIII,XIII/M50.0.md,Atteinte d'un disque cervical avec myélopathie ,true,false,true,false,true,0,codable,OWL_ANS,emissible,1875
M50.1,XIII,XIII/M50.1.md,Atteinte d'un disque cervical avec radiculopathie,true,false,true,false,true,0,codable,OWL_ANS,emissible,1961
M50.2,XIII,XIII/M50.2.md,Autre hernie d'un disque cervical,true,false,true,false,true,0,codable,OWL_ANS,emissible,1963
M50.3,XIII,XIII/M50.3.md,Autre détérioration d'un disque cervical,true,false,true,false,true,0,codable,OWL_ANS,emissible,1857
M50.8,XIII,XIII/M50.8.md,Autres atteintes d'un disque cervical,true,false,true,false,true,0,codable,OWL_ANS,emissible,2162
M50.9,XIII,XIII/M50.9.md,"Atteinte d'un disque cervical, sans précision",true,false,true,false,true,0,codable,OWL_ANS,emissible,1885
M51.0,XIII,XIII/M51.0.md,Atteintes d'un disque lombaire et d'autres disques intervertébraux avec myélopathie ,true,false,true,false,true,0,codable,OWL_ANS,emissible,1890
M51.1,XIII,XIII/M51.1.md,Atteintes d'un disque lombaire et d'autres disques intervertébraux avec radiculopathie ,true,false,true,false,true,0,codable,OWL_ANS,emissible,2175
M51.2,XIII,XIII/M51.2.md,Hernie d'un autre disque intervertébral précisé,true,false,true,false,true,0,codable,OWL_ANS,emissible,2218
M51.3,XIII,XIII/M51.3.md,Détérioration d'un autre disque intervertébral précisé,true,false,true,false,true,0,codable,OWL_ANS,emissible,1917
M51.4,XIII,XIII/M51.4.md,Nodules de Schmorl,true,false,true,false,true,0,codable,OWL_ANS,emissible,1847
M51.8,XIII,XIII/M51.8.md,Autres atteintes précisées d'un disque intervertébral,true,false,true,false,true,0,codable,OWL_ANS,emissible,2491
M51.9,XIII,XIII/M51.9.md,"Atteinte d'un disque intervertébral, sans précision",true,false,true,false,true,0,codable,OWL_ANS,emissible,2073
M53.0,XIII,XIII/M53.0.md,Syndrome cervicocéphalique,true,false,true,false,true,0,codable,OWL_ANS,emissible,1802
M53.00,XIII,XIII/M53.00.md,"Syndrome cervicocéphalique - "" Localisations vertébrales multiples """,true,false,true,false,false,0,codable,OWL_ANS,emissible,1705
M53.01,XIII,XIII/M53.01.md,"Syndrome cervicocéphalique - "" Région occipito-atloïdo-axoïdienne """,true,false,true,false,false,0,codable,OWL_ANS,emissible,1704
M53.02,XIII,XIII/M53.02.md,"Syndrome cervicocéphalique - "" Région cervicale """,true,false,true,false,false,0,codable,OWL_ANS,emissible,1686
M53.03,XIII,XIII/M53.03.md,"Syndrome cervicocéphalique - "" Région cervicodorsal """,true,false,true,false,false,3,supprime,OWL_ANS,emissible,1683
M53.04,XIII,XIII/M53.04.md,"Syndrome cervicocéphalique - "" Région dorsale """,true,false,true,false,false,,inconnu_atih,OWL_ANS,emissible,1669
M53.05,XIII,XIII/M53.05.md,"Syndrome cervicocéphalique - "" Région dorsolombaire """,true,false,true,false,false,,inconnu_atih,OWL_ANS,emissible,1675
M53.06,XIII,XIII/M53.06.md,"Syndrome cervicocéphalique - "" Région lombaire """,true,false,true,false,false,,inconnu_atih,OWL_ANS,emissible,1670
M53.07,XIII,XIII/M53.07.md,"Syndrome cervicocéphalique - "" Région lombosacrée """,true,false,true,false,false,,inconnu_atih,OWL_ANS,emissible,1673
M53.08,XIII,XIII/M53.08.md,"Syndrome cervicocéphalique - "" Région sacrée et sacrococcygienne """,true,false,true,false,false,,inconnu_atih,OWL_ANS,emissible,1688
M53.09,XIII,XIII/M53.09.md,"Syndrome cervicocéphalique - "" Localisation non précisée """,true,false,true,false,false,0,codable,OWL_ANS,emissible,1695
M53.1,XIII,XIII/M53.1.md,Syndrome cervicobrachial,false,false,true,false,true,0,codable,OWL_ANS,emissible,1925
M53.10,XIII,XIII/M53.10.md,"Syndrome cervicobrachial - "" Localisations vertébrales multiples """,false,false,true,false,false,0,codable,OWL_ANS,emissible,1769
M53.11,XIII,XIII/M53.11.md,"Syndrome cervicobrachial - "" Région occipito-atloïdo-axoïdienne """,false,false,true,false,false,,inconnu_atih,OWL_ANS,emissible,1753
M53.12,XIII,XIII/M53.12.md,"Syndrome cervicobrachial - "" Région cervicale """,false,false,true,false,false,0,codable,OWL_ANS,emissible,1750
M53.13,XIII,XIII/M53.13.md,"Syndrome cervicobrachial - "" Région cervicodorsal """,false,false,true,false,false,0,codable,OWL_ANS,emissible,1754
M53.14,XIII,XIII/M53.14.md,"Syndrome cervicobrachial - "" Région dorsale """,false,false,true,false,false,,inconnu_atih,OWL_ANS,emissible,1733
M53.15,XIII,XIII/M53.15.md,"Syndrome cervicobrachial - "" Région dorsolombaire """,false,false,true,false,false,,inconnu_atih,OWL_ANS,emissible,1739
M53.16,XIII,XIII/M53.16.md,"Syndrome cervicobrachial - "" Région lombaire """,false,false,true,false,false,,inconnu_atih,OWL_ANS,emissible,1734
M53.17,XIII,XIII/M53.17.md,"Syndrome cervicobrachial - "" Région lombosacrée """,false,false,true,false,false,,inconnu_atih,OWL_ANS,emissible,1737
M53.18,XIII,XIII/M53.18.md,"Syndrome cervicobrachial - "" Région sacrée et sacrococcygienne """,false,false,true,false,false,,inconnu_atih,OWL_ANS,emissible,1752
M53.19,XIII,XIII/M53.19.md,"Syndrome cervicobrachial - "" Localisation non précisée """,false,false,true,false,false,0,codable,OWL_ANS,emissible,1759
M53.2,XIII,XIII/M53.2.md,Instabilités vertébrales,false,false,true,false,true,0,codable,OWL_ANS,emissible,1781
M53.20,XIII,XIII/M53.20.md,"Instabilités vertébrales - "" Localisations vertébrales multiples """,false,false,true,false,false,0,codable,OWL_ANS,emissible,1584
M53.21,XIII,XIII/M53.21.md,"Instabilités vertébrales - "" Région occipito-atloïdo-axoïdienne """,false,false,true,false,false,0,codable,OWL_ANS,emissible,1583
M53.22,XIII,XIII/M53.22.md,"Instabilités vertébrales - "" Région cervicale """,false,false,true,false,true,0,codable,OWL_ANS,emissible,1640
M53.23,XIII,XIII/M53.23.md,"Instabilités vertébrales - "" Région cervicodorsal """,false,false,true,false,false,0,codable,OWL_ANS,emissible,1569
M53.24,XIII,XIII/M53.24.md,"Instabilités vertébrales - "" Région dorsale """,false,false,true,false,true,0,codable,OWL_ANS,emissible,1639
M53.25,XIII,XIII/M53.25.md,"Instabilités vertébrales - "" Région dorsolombaire """,false,false,true,false,false,0,codable,OWL_ANS,emissible,1569
M53.26,XIII,XIII/M53.26.md,"Instabilités vertébrales - "" Région lombaire """,false,false,true,false,true,0,codable,OWL_ANS,emissible,1638
M53.27,XIII,XIII/M53.27.md,"Instabilités vertébrales - "" Région lombosacrée """,false,false,true,false,false,0,codable,OWL_ANS,emissible,1567
M53.28,XIII,XIII/M53.28.md,"Instabilités vertébrales - "" Région sacrée et sacrococcygienne """,false,false,true,false,false,0,codable,OWL_ANS,emissible,1582
M53.29,XIII,XIII/M53.29.md,"Instabilités vertébrales - "" Localisation non précisée """,false,false,true,false,false,0,codable,OWL_ANS,emissible,1574
M53.3,XIII,XIII/M53.3.md,"Atteintes sacrococcygiennes, non classées ailleurs",true,false,true,false,true,0,codable,OWL_ANS,emissible,1859
M53.30,XIII,XIII/M53.30.md,"Atteintes sacrococcygiennes, non classées ailleurs - "" Localisations vertébrales multiples """,true,false,true,false,false,3,supprime,OWL_ANS,emissible,1694
M53.31,XIII,XIII/M53.31.md,"Atteintes sacrococcygiennes, non classées ailleurs - "" Région occipito-atloïdo-axoïdienne """,true,false,true,false,false,,inconnu_atih,OWL_ANS,emissible,1685
M53.32,XIII,XIII/M53.32.md,"Atteintes sacrococcygiennes, non classées ailleurs - "" Région cervicale """,true,false,true,false,false,,inconnu_atih,OWL_ANS,emissible,1667
M53.33,XIII,XIII/M53.33.md,"Atteintes sacrococcygiennes, non classées ailleurs - "" Région cervicodorsal """,true,false,true,false,false,,inconnu_atih,OWL_ANS,emissible,1671
M53.34,XIII,XIII/M53.34.md,"Atteintes sacrococcygiennes, non classées ailleurs - "" Région dorsale """,true,false,true,false,false,,inconnu_atih,OWL_ANS,emissible,1665
M53.35,XIII,XIII/M53.35.md,"Atteintes sacrococcygiennes, non classées ailleurs - "" Région dorsolombaire """,true,false,true,false,false,,inconnu_atih,OWL_ANS,emissible,1671
M53.36,XIII,XIII/M53.36.md,"Atteintes sacrococcygiennes, non classées ailleurs - "" Région lombaire """,true,false,true,false,false,,inconnu_atih,OWL_ANS,emissible,1666
M53.37,XIII,XIII/M53.37.md,"Atteintes sacrococcygiennes, non classées ailleurs - "" Région lombosacrée """,true,false,true,false,false,,inconnu_atih,OWL_ANS,emissible,1669
M53.38,XIII,XIII/M53.38.md,"Atteintes sacrococcygiennes, non classées ailleurs - "" Région sacrée et sacrococcygienne """,true,false,true,false,false,0,codable,OWL_ANS,emissible,1699
M53.39,XIII,XIII/M53.39.md,"Atteintes sacrococcygiennes, non classées ailleurs - "" Localisation non précisée """,true,false,true,false,false,3,supprime,OWL_ANS,emissible,1684
M53.8,XIII,XIII/M53.8.md,Autres dorsopathies précisées,false,false,true,false,true,0,codable,OWL_ANS,emissible,1974
M53.80,XIII,XIII/M53.80.md,"Autres dorsopathies précisées - "" Localisations vertébrales multiples """,false,false,true,false,false,0,codable,OWL_ANS,emissible,1589
M53.81,XIII,XIII/M53.81.md,"Autres dorsopathies précisées - "" Région occipito-atloïdo-axoïdienne """,false,false,true,false,false,0,codable,OWL_ANS,emissible,1588
M53.82,XIII,XIII/M53.82.md,"Autres dorsopathies précisées - "" Région cervicale """,false,false,true,false,false,0,codable,OWL_ANS,emissible,1570
M53.83,XIII,XIII/M53.83.md,"Autres dorsopathies précisées - "" Région cervicodorsal """,false,false,true,false,false,0,codable,OWL_ANS,emissible,1574
M53.84,XIII,XIII/M53.84.md,"Autres dorsopathies précisées - "" Région dorsale """,false,false,true,false,false,0,codable,OWL_ANS,emissible,1568
M53.85,XIII,XIII/M53.85.md,"Autres dorsopathies précisées - "" Région dorsolombaire """,false,false,true,false,false,0,codable,OWL_ANS,emissible,1574
M53.86,XIII,XIII/M53.86.md,"Autres dorsopathies précisées - "" Région lombaire """,false,false,true,false,false,0,codable,OWL_ANS,emissible,1569
M53.87,XIII,XIII/M53.87.md,"Autres dorsopathies précisées - "" Région lombosacrée """,false,false,true,false,false,0,codable,OWL_ANS,emissible,1572
M53.88,XIII,XIII/M53.88.md,"Autres dorsopathies précisées - "" Région sacrée et sacrococcygienne """,false,false,true,false,false,0,codable,OWL_ANS,emissible,1587
M53.89,XIII,XIII/M53.89.md,"Autres dorsopathies précisées - "" Localisation non précisée """,false,false,true,false,false,0,codable,OWL_ANS,emissible,1579
M53.9,XIII,XIII/M53.9.md,"Dorsopathie, sans précision",false,false,true,false,true,0,codable,OWL_ANS,emissible,1870
M53.90,XIII,XIII/M53.90.md,"Dorsopathie, sans précision - "" Localisations vertébrales multiples """,false,false,true,false,false,0,codable,OWL_ANS,emissible,1587
M53.91,XIII,XIII/M53.91.md,"Dorsopathie, sans précision - "" Région occipito-atloïdo-axoïdienne """,false,false,true,false,false,0,codable,OWL_ANS,emissible,1586
M53.92,XIII,XIII/M53.92.md,"Dorsopathie, sans précision - "" Région cervicale """,false,false,true,false,false,0,codable,OWL_ANS,emissible,1568
M53.93,XIII,XIII/M53.93.md,"Dorsopathie, sans précision - "" Région cervicodorsal """,false,false,true,false,false,0,codable,OWL_ANS,emissible,1572
M53.94,XIII,XIII/M53.94.md,"Dorsopathie, sans précision - "" Région dorsale """,false,false,true,false,false,0,codable,OWL_ANS,emissible,1566
M53.95,XIII,XIII/M53.95.md,"Dorsopathie, sans précision - "" Région dorsolombaire """,false,false,true,false,false,0,codable,OWL_ANS,emissible,1572
M53.96,XIII,XIII/M53.96.md,"Dorsopathie, sans précision - "" Région lombaire """,false,false,true,false,false,0,codable,OWL_ANS,emissible,1567
M53.97,XIII,XIII/M53.97.md,"Dorsopathie, sans précision - "" Région lombosacrée """,false,false,true,false,false,0,codable,OWL_ANS,emissible,1570
M53.98,XIII,XIII/M53.98.md,"Dorsopathie, sans précision - "" Région sacrée et sacrococcygienne """,false,false,true,false,false,0,codable,OWL_ANS,emissible,1585
M53.99,XIII,XIII/M53.99.md,"Dorsopathie, sans précision - "" Localisation non précisée """,false,false,true,false,false,0,codable,OWL_ANS,emissible,1577
M54.0,XIII,XIII/M54.0.md,Panniculite affectant le cou et le dos,false,false,true,false,true,0,codable,OWL_ANS,emissible,1902
M54.00,XIII,XIII/M54.00.md,"Panniculite affectant le cou et le dos - "" Localisations vertébrales multiples """,false,false,true,false,false,0,codable,OWL_ANS,emissible,1779
M54.01,XIII,XIII/M54.01.md,"Panniculite affectant le cou et le dos - "" Région occipito-atloïdo-axoïdienne """,false,false,true,false,false,0,codable,OWL_ANS,emissible,1778
M54.02,XIII,XIII/M54.02.md,"Panniculite affectant le cou et le dos - "" Région cervicale """,false,false,true,false,false,0,codable,OWL_ANS,emissible,1760
M54.03,XIII,XIII/M54.03.md,"Panniculite affectant le cou et le dos - "" Région cervicodorsal """,false,false,true,false,false,0,codable,OWL_ANS,emissible,1764
M54.04,XIII,XIII/M54.04.md,"Panniculite affectant le cou et le dos - "" Région dorsale """,false,false,true,false,false,0,codable,OWL_ANS,emissible,1758
M54.05,XIII,XIII/M54.05.md,"Panniculite affectant le cou et le dos - "" Région dorsolombaire """,false,false,true,false,false,0,codable,OWL_ANS,emissible,1764
M54.06,XIII,XIII/M54.06.md,"Panniculite affectant le cou et le dos - "" Région lombaire """,false,false,true,false,false,0,codable,OWL_ANS,emissible,1759
M54.07,XIII,XIII/M54.07.md,"Panniculite affectant le cou et le dos - "" Région lombosacrée """,false,false,true,false,false,0,codable,OWL_ANS,emissible,1762
M54.08,XIII,XIII/M54.08.md,"Panniculite affectant le cou et le dos - "" Région sacrée et sacrococcygienne """,false,false,true,false,false,0,codable,OWL_ANS,emissible,1777
M54.09,XIII,XIII/M54.09.md,"Panniculite affectant le cou et le dos - "" Localisation non précisée """,false,false,true,false,false,0,codable,OWL_ANS,emissible,1769
M54.1,XIII,XIII/M54.1.md,Radiculopathie,true,false,true,false,true,0,codable,OWL_ANS,emissible,2460
M54.10,XIII,XIII/M54.10.md,"Radiculopathie - "" Localisations vertébrales multiples """,true,false,true,false,false,0,codable,OWL_ANS,emissible,2036
M54.11,XIII,XIII/M54.11.md,"Radiculopathie - "" Région occipito-atloïdo-axoïdienne """,true,false,true,false,false,0,codable,OWL_ANS,emissible,2035
M54.12,XIII,XIII/M54.12.md,"Radiculopathie - "" Région cervicale """,true,false,true,false,false,0,codable,OWL_ANS,emissible,2017
M54.13,XIII,XIII/M54.13.md,"Radiculopathie - "" Région cervicodorsal """,true,false,true,false,false,0,codable,OWL_ANS,emissible,2021
M54.14,XIII,XIII/M54.14.md,"Radiculopathie - "" Région dorsale """,true,false,true,false,false,0,codable,OWL_ANS,emissible,2015
M54.15,XIII,XIII/M54.15.md,"Radiculopathie - "" Région dorsolombaire """,true,false,true,false,false,0,codable,OWL_ANS,emissible,2021
M54.16,XIII,XIII/M54.16.md,"Radiculopathie - "" Région lombaire """,true,false,true,false,false,0,codable,OWL_ANS,emissible,2016
M54.17,XIII,XIII/M54.17.md,"Radiculopathie - "" Région lombosacrée """,true,false,true,false,false,0,codable,OWL_ANS,emissible,2019
M54.18,XIII,XIII/M54.18.md,"Radiculopathie - "" Région sacrée et sacrococcygienne """,true,false,true,false,false,0,codable,OWL_ANS,emissible,2034
M54.19,XIII,XIII/M54.19.md,"Radiculopathie - "" Localisation non précisée """,true,false,true,false,false,0,codable,OWL_ANS,emissible,2026
M54.2,XIII,XIII/M54.2.md,Cervicalgie,false,false,true,false,true,0,codable,OWL_ANS,emissible,1949
M54.20,XIII,XIII/M54.20.md,"Cervicalgie - "" Localisations vertébrales multiples """,false,false,true,false,false,0,codable,OWL_ANS,emissible,1722
M54.21,XIII,XIII/M54.21.md,"Cervicalgie - "" Région occipito-atloïdo-axoïdienne """,false,false,true,false,false,0,codable,OWL_ANS,emissible,1721
M54.22,XIII,XIII/M54.22.md,"Cervicalgie - "" Région cervicale """,false,false,true,false,false,0,codable,OWL_ANS,emissible,1703
M54.23,XIII,XIII/M54.23.md,"Cervicalgie - "" Région cervicodorsal """,false,false,true,false,false,0,codable,OWL_ANS,emissible,1707
M54.24,XIII,XIII/M54.24.md,"Cervicalgie - "" Région dorsale """,false,false,true,false,false,,inconnu_atih,OWL_ANS,emissible,1686
M54.25,XIII,XIII/M54.25.md,"Cervicalgie - "" Région dorsolombaire """,false,false,true,false,false,,inconnu_atih,OWL_ANS,emissible,1692
M54.26,XIII,XIII/M54.26.md,"Cervicalgie - "" Région lombaire """,false,false,true,false,false,,inconnu_atih,OWL_ANS,emissible,1687
M54.27,XIII,XIII/M54.27.md,"Cervicalgie - "" Région lombosacrée """,false,false,true,false,false,,inconnu_atih,OWL_ANS,emissible,1690
M54.28,XIII,XIII/M54.28.md,"Cervicalgie - "" Région sacrée et sacrococcygienne """,false,false,true,false,false,,inconnu_atih,OWL_ANS,emissible,1705
M54.29,XIII,XIII/M54.29.md,"Cervicalgie - "" Localisation non précisée """,false,false,true,false,false,0,codable,OWL_ANS,emissible,1712
M54.3,XIII,XIII/M54.3.md,Sciatique,false,false,true,false,true,0,codable,OWL_ANS,emissible,2008
M54.30,XIII,XIII/M54.30.md,"Sciatique - "" Localisations vertébrales multiples """,false,false,true,false,false,0,codable,OWL_ANS,emissible,1778
M54.31,XIII,XIII/M54.31.md,"Sciatique - "" Région occipito-atloïdo-axoïdienne """,false,false,true,false,false,,inconnu_atih,OWL_ANS,emissible,1762
M54.32,XIII,XIII/M54.32.md,"Sciatique - "" Région cervicale """,false,false,true,false,false,,inconnu_atih,OWL_ANS,emissible,1744
M54.33,XIII,XIII/M54.33.md,"Sciatique - "" Région cervicodorsal """,false,false,true,false,false,,inconnu_atih,OWL_ANS,emissible,1748
M54.34,XIII,XIII/M54.34.md,"Sciatique - "" Région dorsale """,false,false,true,false,false,,inconnu_atih,OWL_ANS,emissible,1742
M54.35,XIII,XIII/M54.35.md,"Sciatique - "" Région dorsolombaire """,false,false,true,false,false,,inconnu_atih,OWL_ANS,emissible,1748
M54.36,XIII,XIII/M54.36.md,"Sciatique - "" Région lombaire """,false,false,true,false,false,0,codable,OWL_ANS,emissible,1758
M54.37,XIII,XIII/M54.37.md,"Sciatique - "" Région lombosacrée """,false,false,true,false,false,0,codable,OWL_ANS,emissible,1761
M54.38,XIII,XIII/M54.38.md,"Sciatique - "" Région sacrée et sacrococcygienne """,false,false,true,false,false,0,codable,OWL_ANS,emissible,1776
M54.39,XIII,XIII/M54.39.md,"Sciatique - "" Localisation non précisée """,false,false,true,false,false,0,codable,OWL_ANS,emissible,1768
M54.4,XIII,XIII/M54.4.md,Lumbago avec sciatique,false,false,true,false,true,0,codable,OWL_ANS,emissible,2045
M54.40,XIII,XIII/M54.40.md,"Lumbago avec sciatique - "" Localisations vertébrales multiples """,false,false,true,false,false,0,codable,OWL_ANS,emissible,1717
M54.41,XIII,XIII/M54.41.md,"Lumbago avec sciatique - "" Région occipito-atloïdo-axoïdienne """,false,false,true,false,false,,inconnu_atih,OWL_ANS,emissible,1701
M54.42,XIII,XIII/M54.42.md,"Lumbago avec sciatique - "" Région cervicale """,false,false,true,false,false,,inconnu_atih,OWL_ANS,emissible,1683
M54.43,XIII,XIII/M54.43.md,"Lumbago avec sciatique - "" Région cervicodorsal """,false,false,true,false,false,,inconnu_atih,OWL_ANS,emissible,1687
M54.44,XIII,XIII/M54.44.md,"Lumbago avec sciatique - "" Région dorsale """,false,false,true,false,false,,inconnu_atih,OWL_ANS,emissible,1681
M54.45,XIII,XIII/M54.45.md,"Lumbago avec sciatique - "" Région dorsolombaire """,false,false,true,false,false,,inconnu_atih,OWL_ANS,emissible,1687
M54.46,XIII,XIII/M54.46.md,"Lumbago avec sciatique - "" Région lombaire """,false,false,true,false,false,0,codable,OWL_ANS,emissible,1697
M54.47,XIII,XIII/M54.47.md,"Lumbago avec sciatique - "" Région lombosacrée """,false,false,true,false,false,0,codable,OWL_ANS,emissible,1700
M54.48,XIII,XIII/M54.48.md,"Lumbago avec sciatique - "" Région sacrée et sacrococcygienne """,false,false,true,false,false,0,codable,OWL_ANS,emissible,1715
M54.49,XIII,XIII/M54.49.md,"Lumbago avec sciatique - "" Localisation non précisée """,false,false,true,false,false,0,codable,OWL_ANS,emissible,1707
M54.5,XIII,XIII/M54.5.md,Lombalgie basse,true,false,true,false,true,0,codable,OWL_ANS,emissible,2246
M54.50,XIII,XIII/M54.50.md,"Lombalgie basse - "" Localisations vertébrales multiples """,true,false,true,false,false,0,codable,OWL_ANS,emissible,1844
M54.51,XIII,XIII/M54.51.md,"Lombalgie basse - "" Région occipito-atloïdo-axoïdienne """,true,false,true,false,false,,inconnu_atih,OWL_ANS,emissible,1828
M54.52,XIII,XIII/M54.52.md,"Lombalgie basse - "" Région cervicale """,true,false,true,false,false,,inconnu_atih,OWL_ANS,emissible,1810
M54.53,XIII,XIII/M54.53.md,"Lombalgie basse - "" Région cervicodorsal """,true,false,true,false,false,,inconnu_atih,OWL_ANS,emissible,1814
M54.54,XIII,XIII/M54.54.md,"Lombalgie basse - "" Région dorsale """,true,false,true,false,false,,inconnu_atih,OWL_ANS,emissible,1808
M54.55,XIII,XIII/M54.55.md,"Lombalgie basse - "" Région dorsolombaire """,true,false,true,false,false,,inconnu_atih,OWL_ANS,emissible,1814
M54.56,XIII,XIII/M54.56.md,"Lombalgie basse - "" Région lombaire """,true,false,true,false,false,0,codable,OWL_ANS,emissible,1824
M54.57,XIII,XIII/M54.57.md,"Lombalgie basse - "" Région lombosacrée """,true,false,true,false,false,0,codable,OWL_ANS,emissible,1827
M54.58,XIII,XIII/M54.58.md,"Lombalgie basse - "" Région sacrée et sacrococcygienne """,true,false,true,false,false,3,supprime,OWL_ANS,emissible,1835
M54.59,XIII,XIII/M54.59.md,"Lombalgie basse - "" Localisation non précisée """,true,false,true,false,false,0,codable,OWL_ANS,emissible,1834
M54.6,XIII,XIII/M54.6.md,Rachialgies dorsales,false,false,true,false,true,0,codable,OWL_ANS,emissible,1781
M54.60,XIII,XIII/M54.60.md,"Rachialgies dorsales - "" Localisations vertébrales multiples """,false,false,true,false,false,0,codable,OWL_ANS,emissible,1727
M54.61,XIII,XIII/M54.61.md,"Rachialgies dorsales - "" Région occipito-atloïdo-axoïdienne """,false,false,true,false,false,3,supprime,OWL_ANS,emissible,1719
M54.62,XIII,XIII/M54.62.md,"Rachialgies dorsales - "" Région cervicale """,false,false,true,false,false,3,supprime,OWL_ANS,emissible,1701
M54.63,XIII,XIII/M54.63.md,"Rachialgies dorsales - "" Région cervicodorsal """,false,false,true,false,false,0,codable,OWL_ANS,emissible,1712
M54.64,XIII,XIII/M54.64.md,"Rachialgies dorsales - "" Région dorsale """,false,false,true,false,false,0,codable,OWL_ANS,emissible,1706
M54.65,XIII,XIII/M54.65.md,"Rachialgies dorsales - "" Région dorsolombaire """,false,false,true,false,false,0,codable,OWL_ANS,emissible,1712
M54.66,XIII,XIII/M54.66.md,"Rachialgies dorsales - "" Région lombaire """,false,false,true,false,false,3,supprime,OWL_ANS,emissible,1700
M54.67,XIII,XIII/M54.67.md,"Rachialgies dorsales - "" Région lombosacrée """,false,false,true,false,false,3,supprime,OWL_ANS,emissible,1703
M54.68,XIII,XIII/M54.68.md,"Rachialgies dorsales - "" Région sacrée et sacrococcygienne """,false,false,true,false,false,3,supprime,OWL_ANS,emissible,1718
M54.69,XIII,XIII/M54.69.md,"Rachialgies dorsales - "" Localisation non précisée """,false,false,true,false,false,0,codable,OWL_ANS,emissible,1717
M54.8,XIII,XIII/M54.8.md,Autres dorsalgies,false,false,true,false,true,0,codable,OWL_ANS,emissible,2107
M54.80,XIII,XIII/M54.80.md,"Autres dorsalgies - "" Localisations vertébrales multiples """,false,false,true,false,false,0,codable,OWL_ANS,emissible,1665
M54.81,XIII,XIII/M54.81.md,"Autres dorsalgies - "" Région occipito-atloïdo-axoïdienne """,false,false,true,false,false,0,codable,OWL_ANS,emissible,1664
M54.82,XIII,XIII/M54.82.md,"Autres dorsalgies - "" Région cervicale """,false,false,true,false,false,0,codable,OWL_ANS,emissible,1646
M54.83,XIII,XIII/M54.83.md,"Autres dorsalgies - "" Région cervicodorsal """,false,false,true,false,false,0,codable,OWL_ANS,emissible,1650
M54.84,XIII,XIII/M54.84.md,"Autres dorsalgies - "" Région dorsale """,false,false,true,false,false,0,codable,OWL_ANS,emissible,1644
M54.85,XIII,XIII/M54.85.md,"Autres dorsalgies - "" Région dorsolombaire """,false,false,true,false,false,0,codable,OWL_ANS,emissible,1650
M54.86,XIII,XIII/M54.86.md,"Autres dorsalgies - "" Région lombaire """,false,false,true,false,false,0,codable,OWL_ANS,emissible,1645
M54.87,XIII,XIII/M54.87.md,"Autres dorsalgies - "" Région lombosacrée """,false,false,true,false,false,0,codable,OWL_ANS,emissible,1648
M54.88,XIII,XIII/M54.88.md,"Autres dorsalgies - "" Région sacrée et sacrococcygienne """,false,false,true,false,false,0,codable,OWL_ANS,emissible,1663
M54.89,XIII,XIII/M54.89.md,"Autres dorsalgies - "" Localisation non précisée """,false,false,true,false,false,0,codable,OWL_ANS,emissible,1655
M54.9,XIII,XIII/M54.9.md,"Dorsalgie, sans précision",true,false,true,false,true,0,codable,OWL_ANS,emissible,2055
M54.90,XIII,XIII/M54.90.md,"Dorsalgie, sans précision - "" Localisations vertébrales multiples """,true,false,true,false,false,,inconnu_atih,OWL_ANS,emissible,1751
M54.91,XIII,XIII/M54.91.md,"Dorsalgie, sans précision - "" Région occipito-atloïdo-axoïdienne """,true,false,true,false,false,,inconnu_atih,OWL_ANS,emissible,1750
M54.92,XIII,XIII/M54.92.md,"Dorsalgie, sans précision - "" Région cervicale """,true,false,true,false,false,,inconnu_atih,OWL_ANS,emissible,1732
M54.93,XIII,XIII/M54.93.md,"Dorsalgie, sans précision - "" Région cervicodorsal """,true,false,true,false,false,,inconnu_atih,OWL_ANS,emissible,1736
M54.94,XIII,XIII/M54.94.md,"Dorsalgie, sans précision - "" Région dorsale """,true,false,true,false,false,,inconnu_atih,OWL_ANS,emissible,1730
M54.95,XIII,XIII/M54.95.md,"Dorsalgie, sans précision - "" Région dorsolombaire """,true,false,true,false,false,,inconnu_atih,OWL_ANS,emissible,1736
M54.96,XIII,XIII/M54.96.md,"Dorsalgie, sans précision - "" Région lombaire """,true,false,true,false,false,,inconnu_atih,OWL_ANS,emissible,1731
M54.97,XIII,XIII/M54.97.md,"Dorsalgie, sans précision - "" Région lombosacrée """,true,false,true,false,false,,inconnu_atih,OWL_ANS,emissible,1734
M54.98,XIII,XIII/M54.98.md,"Dorsalgie, sans précision - "" Région sacrée et sacrococcygienne """,true,false,true,false,false,,inconnu_atih,OWL_ANS,emissible,1749
M54.99,XIII,XIII/M54.99.md,"Dorsalgie, sans précision - "" Localisation non précisée """,true,false,true,false,false,0,codable,OWL_ANS,emissible,1756
M60.0,XIII,XIII/M60.0.md,Myosite infectieuse,true,false,true,false,true,0,codable,OWL_ANS,emissible,2743
M60.00,XIII,XIII/M60.00.md,"Myosite infectieuse - "" Sièges multiples """,true,false,true,false,false,0,codable,OWL_ANS,emissible,2282
M60.01,XIII,XIII/M60.01.md,"Myosite infectieuse - "" Région scapulaire """,true,true,true,false,false,0,codable,OWL_ANS,emissible,2569
M60.02,XIII,XIII/M60.02.md,"Myosite infectieuse - "" Bras """,true,true,true,false,false,0,codable,OWL_ANS,emissible,2384
M60.03,XIII,XIII/M60.03.md,"Myosite infectieuse - "" Avant-bras """,true,true,true,false,false,0,codable,OWL_ANS,emissible,2410
M60.04,XIII,XIII/M60.04.md,"Myosite infectieuse - "" Main """,true,true,true,false,false,0,codable,OWL_ANS,emissible,2428
M60.05,XIII,XIII/M60.05.md,"Myosite infectieuse - "" Région pelvienne et cuisse """,true,true,true,false,false,0,codable,OWL_ANS,emissible,2498
M60.06,XIII,XIII/M60.06.md,"Myosite infectieuse - "" Jambe """,true,true,true,false,false,0,codable,OWL_ANS,emissible,2397
M60.07,XIII,XIII/M60.07.md,"Myosite infectieuse - "" Cheville et pied """,true,true,true,false,false,0,codable,OWL_ANS,emissible,2504
M60.08,XIII,XIII/M60.08.md,"Myosite infectieuse - "" Autres """,true,true,true,false,false,0,codable,OWL_ANS,emissible,2426
M60.09,XIII,XIII/M60.09.md,"Myosite infectieuse - "" Siège non précisé """,true,false,true,false,false,0,codable,OWL_ANS,emissible,2283
M60.1,XIII,XIII/M60.1.md,Myosite interstitielle,false,false,true,false,true,0,codable,OWL_ANS,emissible,2203
M60.10,XIII,XIII/M60.10.md,"Myosite interstitielle - "" Sièges multiples """,false,false,true,false,false,0,codable,OWL_ANS,emissible,2186
M60.11,XIII,XIII/M60.11.md,"Myosite interstitielle - "" Région scapulaire """,false,true,true,false,false,0,codable,OWL_ANS,emissible,2473
M60.12,XIII,XIII/M60.12.md,"Myosite interstitielle - "" Bras """,false,true,true,false,false,0,codable,OWL_ANS,emissible,2288
M60.13,XIII,XIII/M60.13.md,"Myosite interstitielle - "" Avant-bras """,false,true,true,false,false,0,codable,OWL_ANS,emissible,2314
M60.14,XIII,XIII/M60.14.md,"Myosite interstitielle - "" Main """,false,true,true,false,false,0,codable,OWL_ANS,emissible,2332
M60.15,XIII,XIII/M60.15.md,"Myosite interstitielle - "" Région pelvienne et cuisse """,false,true,true,false,false,0,codable,OWL_ANS,emissible,2402
M60.16,XIII,XIII/M60.16.md,"Myosite interstitielle - "" Jambe """,false,true,true,false,false,0,codable,OWL_ANS,emissible,2301
M60.17,XIII,XIII/M60.17.md,"Myosite interstitielle - "" Cheville et pied """,false,true,true,false,false,0,codable,OWL_ANS,emissible,2408
M60.18,XIII,XIII/M60.18.md,"Myosite interstitielle - "" Autres """,false,true,true,false,false,0,codable,OWL_ANS,emissible,2330
M60.19,XIII,XIII/M60.19.md,"Myosite interstitielle - "" Siège non précisé """,false,false,true,false,false,0,codable,OWL_ANS,emissible,2187
M60.2,XIII,XIII/M60.2.md,"Granulome d'un tissu mou dû à la présence d'un corps étranger, non classé ailleurs",false,false,true,false,true,0,codable,OWL_ANS,emissible,2456
M60.20,XIII,XIII/M60.20.md,"Granulome d'un tissu mou dû à la présence d'un corps étranger, non classé ailleurs - "" Sièges multiples """,false,false,true,false,false,0,codable,OWL_ANS,emissible,2416
M60.21,XIII,XIII/M60.21.md,"Granulome d'un tissu mou dû à la présence d'un corps étranger, non classé ailleurs - "" Région scapulaire """,false,true,true,false,false,0,codable,OWL_ANS,emissible,2703
M60.22,XIII,XIII/M60.22.md,"Granulome d'un tissu mou dû à la présence d'un corps étranger, non classé ailleurs - "" Bras """,false,true,true,false,false,0,codable,OWL_ANS,emissible,2518
M60.23,XIII,XIII/M60.23.md,"Granulome d'un tissu mou dû à la présence d'un corps étranger, non classé ailleurs - "" Avant-bras """,false,true,true,false,false,0,codable,OWL_ANS,emissible,2544
M60.24,XIII,XIII/M60.24.md,"Granulome d'un tissu mou dû à la présence d'un corps étranger, non classé ailleurs - "" Main """,false,true,true,false,false,0,codable,OWL_ANS,emissible,2562
M60.25,XIII,XIII/M60.25.md,"Granulome d'un tissu mou dû à la présence d'un corps étranger, non classé ailleurs - "" Région pelvienne et cuisse """,false,true,true,false,false,0,codable,OWL_ANS,emissible,2632
M60.26,XIII,XIII/M60.26.md,"Granulome d'un tissu mou dû à la présence d'un corps étranger, non classé ailleurs - "" Jambe """,false,true,true,false,false,0,codable,OWL_ANS,emissible,2531
M60.27,XIII,XIII/M60.27.md,"Granulome d'un tissu mou dû à la présence d'un corps étranger, non classé ailleurs - "" Cheville et pied """,false,true,true,false,false,0,codable,OWL_ANS,emissible,2638
M60.28,XIII,XIII/M60.28.md,"Granulome d'un tissu mou dû à la présence d'un corps étranger, non classé ailleurs - "" Autres """,false,true,true,false,false,0,codable,OWL_ANS,emissible,2560
M60.29,XIII,XIII/M60.29.md,"Granulome d'un tissu mou dû à la présence d'un corps étranger, non classé ailleurs - "" Siège non précisé """,false,false,true,false,false,0,codable,OWL_ANS,emissible,2417
M60.8,XIII,XIII/M60.8.md,Autres myosites,false,false,true,false,true,0,codable,OWL_ANS,emissible,2772
M60.80,XIII,XIII/M60.80.md,"Autres myosites - "" Sièges multiples """,false,false,true,false,false,0,codable,OWL_ANS,emissible,2179
M60.81,XIII,XIII/M60.81.md,"Autres myosites - "" Région scapulaire """,false,true,true,false,false,0,codable,OWL_ANS,emissible,2466
M60.82,XIII,XIII/M60.82.md,"Autres myosites - "" Bras """,false,true,true,false,false,0,codable,OWL_ANS,emissible,2281
M60.83,XIII,XIII/M60.83.md,"Autres myosites - "" Avant-bras """,false,true,true,false,false,0,codable,OWL_ANS,emissible,2307
M60.84,XIII,XIII/M60.84.md,"Autres myosites - "" Main """,false,true,true,false,false,0,codable,OWL_ANS,emissible,2325
M60.85,XIII,XIII/M60.85.md,"Autres myosites - "" Région pelvienne et cuisse """,false,true,true,false,false,0,codable,OWL_ANS,emissible,2395
M60.86,XIII,XIII/M60.86.md,"Autres myosites - "" Jambe """,false,true,true,false,false,0,codable,OWL_ANS,emissible,2294
M60.87,XIII,XIII/M60.87.md,"Autres myosites - "" Cheville et pied """,false,true,true,false,false,0,codable,OWL_ANS,emissible,2401
M60.88,XIII,XIII/M60.88.md,"Autres myosites - "" Autres """,false,true,true,false,false,0,codable,OWL_ANS,emissible,2323
M60.89,XIII,XIII/M60.89.md,"Autres myosites - "" Siège non précisé """,false,false,true,false,false,0,codable,OWL_ANS,emissible,2180
M60.9,XIII,XIII/M60.9.md,"Myosite, sans précision",false,false,true,false,true,0,codable,OWL_ANS,emissible,2456
M60.90,XIII,XIII/M60.90.md,"Myosite, sans précision - "" Sièges multiples """,false,false,true,false,false,0,codable,OWL_ANS,emissible,2187
M60.91,XIII,XIII/M60.91.md,"Myosite, sans précision - "" Région scapulaire """,false,true,true,false,false,0,codable,OWL_ANS,emissible,2474
M60.92,XIII,XIII/M60.92.md,"Myosite, sans précision - "" Bras """,false,true,true,false,false,0,codable,OWL_ANS,emissible,2289
M60.93,XIII,XIII/M60.93.md,"Myosite, sans précision - "" Avant-bras """,false,true,true,false,false,0,codable,OWL_ANS,emissible,2315
M60.94,XIII,XIII/M60.94.md,"Myosite, sans précision - "" Main """,false,true,true,false,false,0,codable,OWL_ANS,emissible,2333
M60.95,XIII,XIII/M60.95.md,"Myosite, sans précision - "" Région pelvienne et cuisse """,false,true,true,false,false,0,codable,OWL_ANS,emissible,2403
M60.96,XIII,XIII/M60.96.md,"Myosite, sans précision - "" Jambe """,false,true,true,false,false,0,codable,OWL_ANS,emissible,2302
M60.97,XIII,XIII/M60.97.md,"Myosite, sans précision - "" Cheville et pied """,false,true,true,false,false,0,codable,OWL_ANS,emissible,2409
M60.98,XIII,XIII/M60.98.md,"Myosite, sans précision - "" Autres """,false,true,true,false,false,0,codable,OWL_ANS,emissible,2331
M60.99,XIII,XIII/M60.99.md,"Myosite, sans précision - "" Siège non précisé """,false,false,true,false,false,0,codable,OWL_ANS,emissible,2188
M61.0,XIII,XIII/M61.0.md,Myosite ossifiante traumatique,false,false,true,false,true,0,codable,OWL_ANS,emissible,2252
M61.00,XIII,XIII/M61.00.md,"Myosite ossifiante traumatique - "" Sièges multiples """,false,false,true,false,false,0,codable,OWL_ANS,emissible,2194
M61.01,XIII,XIII/M61.01.md,"Myosite ossifiante traumatique - "" Région scapulaire """,false,true,true,false,false,0,codable,OWL_ANS,emissible,2481
M61.02,XIII,XIII/M61.02.md,"Myosite ossifiante traumatique - "" Bras """,false,true,true,false,false,0,codable,OWL_ANS,emissible,2296
M61.03,XIII,XIII/M61.03.md,"Myosite ossifiante traumatique - "" Avant-bras """,false,true,true,false,false,0,codable,OWL_ANS,emissible,2322
M61.04,XIII,XIII/M61.04.md,"Myosite ossifiante traumatique - "" Main """,false,true,true,false,false,0,codable,OWL_ANS,emissible,2340
M61.05,XIII,XIII/M61.05.md,"Myosite ossifiante traumatique - "" Région pelvienne et cuisse """,false,true,true,false,false,0,codable,OWL_ANS,emissible,2410
M61.06,XIII,XIII/M61.06.md,"Myosite ossifiante traumatique - "" Jambe """,false,true,true,false,false,0,codable,OWL_ANS,emissible,2309
M61.07,XIII,XIII/M61.07.md,"Myosite ossifiante traumatique - "" Cheville et pied """,false,true,true,false,false,0,codable,OWL_ANS,emissible,2416
M61.08,XIII,XIII/M61.08.md,"Myosite ossifiante traumatique - "" Autres """,false,true,true,false,false,0,codable,OWL_ANS,emissible,2338
M61.09,XIII,XIII/M61.09.md,"Myosite ossifiante traumatique - "" Siège non précisé """,false,false,true,false,false,0,codable,OWL_ANS,emissible,2195
M61.1,XIII,XIII/M61.1.md,Myosite ossifiante progressive,true,false,true,false,true,0,codable,OWL_ANS,emissible,2365
M61.10,XIII,XIII/M61.10.md,"Myosite ossifiante progressive - "" Sièges multiples """,true,false,true,false,false,0,codable,OWL_ANS,emissible,2310
M61.11,XIII,XIII/M61.11.md,"Myosite ossifiante progressive - "" Région scapulaire """,true,true,true,false,false,0,codable,OWL_ANS,emissible,2597
M61.12,XIII,XIII/M61.12.md,"Myosite ossifiante progressive - "" Bras """,true,true,true,false,false,0,codable,OWL_ANS,emissible,2412
M61.13,XIII,XIII/M61.13.md,"Myosite ossifiante progressive - "" Avant-bras """,true,true,true,false,false,0,codable,OWL_ANS,emissible,2438
M61.14,XIII,XIII/M61.14.md,"Myosite ossifiante progressive - "" Main """,true,true,true,false,false,0,codable,OWL_ANS,emissible,2456
M61.15,XIII,XIII/M61.15.md,"Myosite ossifiante progressive - "" Région pelvienne et cuisse """,true,true,true,false,false,0,codable,OWL_ANS,emissible,2526
M61.16,XIII,XIII/M61.16.md,"Myosite ossifiante progressive - "" Jambe """,true,true,true,false,false,0,codable,OWL_ANS,emissible,2425
M61.17,XIII,XIII/M61.17.md,"Myosite ossifiante progressive - "" Cheville et pied """,true,true,true,false,false,0,codable,OWL_ANS,emissible,2532
M61.18,XIII,XIII/M61.18.md,"Myosite ossifiante progressive - "" Autres """,true,true,true,false,false,0,codable,OWL_ANS,emissible,2454
M61.19,XIII,XIII/M61.19.md,"Myosite ossifiante progressive - "" Siège non précisé """,true,false,true,false,false,0,codable,OWL_ANS,emissible,2311
M61.2,XIII,XIII/M61.2.md,Calcification et ossification paralytiques de muscles,true,false,true,false,true,0,codable,OWL_ANS,emissible,2365
M61.20,XIII,XIII/M61.20.md,"Calcification et ossification paralytiques de muscles - "" Sièges multiples """,true,false,true,false,false,0,codable,OWL_ANS,emissible,2355
M61.21,XIII,XIII/M61.21.md,"Calcification et ossification paralytiques de muscles - "" Région scapulaire """,true,true,true,false,false,0,codable,OWL_ANS,emissible,2642
M61.22,XIII,XIII/M61.22.md,"Calcification et ossification paralytiques de muscles - "" Bras """,true,true,true,false,false,0,codable,OWL_ANS,emissible,2457
M61.23,XIII,XIII/M61.23.md,"Calcification et ossification paralytiques de muscles - "" Avant-bras """,true,true,true,false,false,0,codable,OWL_ANS,emissible,2483
M61.24,XIII,XIII/M61.24.md,"Calcification et ossification paralytiques de muscles - "" Main """,true,true,true,false,false,0,codable,OWL_ANS,emissible,2501
M61.25,XIII,XIII/M61.25.md,"Calcification et ossification paralytiques de muscles - "" Région pelvienne et cuisse """,true,true,true,false,false,0,codable,OWL_ANS,emissible,2571
M61.26,XIII,XIII/M61.26.md,"Calcification et ossification paralytiques de muscles - "" Jambe """,true,true,true,false,false,0,codable,OWL_ANS,emissible,2470
M61.27,XIII,XIII/M61.27.md,"Calcification et ossification paralytiques de muscles - "" Cheville et pied """,true,true,true,false,false,0,codable,OWL_ANS,emissible,2577
M61.28,XIII,XIII/M61.28.md,"Calcification et ossification paralytiques de muscles - "" Autres """,true,true,true,false,false,0,codable,OWL_ANS,emissible,2499
M61.29,XIII,XIII/M61.29.md,"Calcification et ossification paralytiques de muscles - "" Siège non précisé """,true,false,true,false,false,0,codable,OWL_ANS,emissible,2356
M61.3,XIII,XIII/M61.3.md,Calcification et ossification de muscles associées à des  brulures,true,false,true,false,true,0,codable,OWL_ANS,emissible,2355
M61.30,XIII,XIII/M61.30.md,"Calcification et ossification de muscles associées à des  brulures - "" Sièges multiples """,true,false,true,false,false,0,codable,OWL_ANS,emissible,2351
M61.31,XIII,XIII/M61.31.md,"Calcification et ossification de muscles associées à des  brulures - "" Région scapulaire """,true,true,true,false,false,0,codable,OWL_ANS,emissible,2638
M61.32,XIII,XIII/M61.32.md,"Calcification et ossification de muscles associées à des  brulures - "" Bras """,true,true,true,false,false,0,codable,OWL_ANS,emissible,2453
M61.33,XIII,XIII/M61.33.md,"Calcification et ossification de muscles associées à des  brulures - "" Avant-bras """,true,true,true,false,false,0,codable,OWL_ANS,emissible,2479
M61.34,XIII,XIII/M61.34.md,"Calcification et ossification de muscles associées à des  brulures - "" Main """,true,true,true,false,false,0,codable,OWL_ANS,emissible,2497
M61.35,XIII,XIII/M61.35.md,"Calcification et ossification de muscles associées à des  brulures - "" Région pelvienne et cuisse """,true,true,true,false,false,0,codable,OWL_ANS,emissible,2567
M61.36,XIII,XIII/M61.36.md,"Calcification et ossification de muscles associées à des  brulures - "" Jambe """,true,true,true,false,false,0,codable,OWL_ANS,emissible,2466
M61.37,XIII,XIII/M61.37.md,"Calcification et ossification de muscles associées à des  brulures - "" Cheville et pied """,true,true,true,false,false,0,codable,OWL_ANS,emissible,2573
M61.38,XIII,XIII/M61.38.md,"Calcification et ossification de muscles associées à des  brulures - "" Autres """,true,true,true,false,false,0,codable,OWL_ANS,emissible,2495
M61.39,XIII,XIII/M61.39.md,"Calcification et ossification de muscles associées à des  brulures - "" Siège non précisé """,true,false,true,false,false,0,codable,OWL_ANS,emissible,2352
M61.4,XIII,XIII/M61.4.md,Autres calcifications de muscles,false,false,true,false,true,0,codable,OWL_ANS,emissible,2331
M61.40,XIII,XIII/M61.40.md,"Autres calcifications de muscles - "" Sièges multiples """,false,false,true,false,false,0,codable,OWL_ANS,emissible,2314
M61.41,XIII,XIII/M61.41.md,"Autres calcifications de muscles - "" Région scapulaire """,false,true,true,false,false,0,codable,OWL_ANS,emissible,2601
M61.42,XIII,XIII/M61.42.md,"Autres calcifications de muscles - "" Bras """,false,true,true,false,false,0,codable,OWL_ANS,emissible,2416
M61.43,XIII,XIII/M61.43.md,"Autres calcifications de muscles - "" Avant-bras """,false,true,true,false,false,0,codable,OWL_ANS,emissible,2442
M61.44,XIII,XIII/M61.44.md,"Autres calcifications de muscles - "" Main """,false,true,true,false,false,0,codable,OWL_ANS,emissible,2460
M61.45,XIII,XIII/M61.45.md,"Autres calcifications de muscles - "" Région pelvienne et cuisse """,false,true,true,false,false,0,codable,OWL_ANS,emissible,2530
M61.46,XIII,XIII/M61.46.md,"Autres calcifications de muscles - "" Jambe """,false,true,true,false,false,0,codable,OWL_ANS,emissible,2429
M61.47,XIII,XIII/M61.47.md,"Autres calcifications de muscles - "" Cheville et pied """,false,true,true,false,false,0,codable,OWL_ANS,emissible,2536
M61.48,XIII,XIII/M61.48.md,"Autres calcifications de muscles - "" Autres """,false,true,true,false,false,0,codable,OWL_ANS,emissible,2458
M61.49,XIII,XIII/M61.49.md,"Autres calcifications de muscles - "" Siège non précisé """,false,false,true,false,false,0,codable,OWL_ANS,emissible,2315
M61.5,XIII,XIII/M61.5.md,Autres ossifications de muscles,false,false,true,false,true,0,codable,OWL_ANS,emissible,2239
M61.50,XIII,XIII/M61.50.md,"Autres ossifications de muscles - "" Sièges multiples """,false,false,true,false,false,0,codable,OWL_ANS,emissible,2195
M61.51,XIII,XIII/M61.51.md,"Autres ossifications de muscles - "" Région scapulaire """,false,true,true,false,false,0,codable,OWL_ANS,emissible,2482
M61.52,XIII,XIII/M61.52.md,"Autres ossifications de muscles - "" Bras """,false,true,true,false,false,0,codable,OWL_ANS,emissible,2297
M61.53,XIII,XIII/M61.53.md,"Autres ossifications de muscles - "" Avant-bras """,false,true,true,false,false,0,codable,OWL_ANS,emissible,2323
M61.54,XIII,XIII/M61.54.md,"Autres ossifications de muscles - "" Main """,false,true,true,false,false,0,codable,OWL_ANS,emissible,2341
M61.55,XIII,XIII/M61.55.md,"Autres ossifications de muscles - "" Région pelvienne et cuisse """,false,true,true,false,false,0,codable,OWL_ANS,emissible,2411
M61.56,XIII,XIII/M61.56.md,"Autres ossifications de muscles - "" Jambe """,false,true,true,false,false,0,codable,OWL_ANS,emissible,2310
M61.57,XIII,XIII/M61.57.md,"Autres ossifications de muscles - "" Cheville et pied """,false,true,true,false,false,0,codable,OWL_ANS,emissible,2417
M61.58,XIII,XIII/M61.58.md,"Autres ossifications de muscles - "" Autres """,false,true,true,false,false,0,codable,OWL_ANS,emissible,2339
M61.59,XIII,XIII/M61.59.md,"Autres ossifications de muscles - "" Siège non précisé """,false,false,true,false,false,0,codable,OWL_ANS,emissible,2196
M61.9,XIII,XIII/M61.9.md,"Calcification et ossification de muscles, sans précision",false,false,true,false,true,0,codable,OWL_ANS,emissible,2375
M61.90,XIII,XIII/M61.90.md,"Calcification et ossification de muscles, sans précision - "" Sièges multiples """,false,false,true,false,false,0,codable,OWL_ANS,emissible,2220
M61.91,XIII,XIII/M61.91.md,"Calcification et ossification de muscles, sans précision - "" Région scapulaire """,false,true,true,false,false,0,codable,OWL_ANS,emissible,2507
M61.92,XIII,XIII/M61.92.md,"Calcification et ossification de muscles, sans précision - "" Bras """,false,true,true,false,false,0,codable,OWL_ANS,emissible,2322
M61.93,XIII,XIII/M61.93.md,"Calcification et ossification de muscles, sans précision - "" Avant-bras """,false,true,true,false,false,0,codable,OWL_ANS,emissible,2348
M61.94,XIII,XIII/M61.94.md,"Calcification et ossification de muscles, sans précision - "" Main """,false,true,true,false,false,0,codable,OWL_ANS,emissible,2366
M61.95,XIII,XIII/M61.95.md,"Calcification et ossification de muscles, sans précision - "" Région pelvienne et cuisse """,false,true,true,false,false,0,codable,OWL_ANS,emissible,2436
M61.96,XIII,XIII/M61.96.md,"Calcification et ossification de muscles, sans précision - "" Jambe """,false,true,true,false,false,0,codable,OWL_ANS,emissible,2335
M61.97,XIII,XIII/M61.97.md,"Calcification et ossification de muscles, sans précision - "" Cheville et pied """,false,true,true,false,false,0,codable,OWL_ANS,emissible,2442
M61.98,XIII,XIII/M61.98.md,"Calcification et ossification de muscles, sans précision - "" Autres """,false,true,true,false,false,0,codable,OWL_ANS,emissible,2364
M61.99,XIII,XIII/M61.99.md,"Calcification et ossification de muscles, sans précision - "" Siège non précisé """,false,false,true,false,false,0,codable,OWL_ANS,emissible,2221
M62.0,XIII,XIII/M62.0.md,Diastasis musculaire,false,false,true,false,true,0,codable,OWL_ANS,emissible,2420
M62.00,XIII,XIII/M62.00.md,"Diastasis musculaire - "" Sièges multiples """,false,false,true,false,false,0,codable,OWL_ANS,emissible,2389
M62.01,XIII,XIII/M62.01.md,"Diastasis musculaire - "" Région scapulaire """,false,true,true,false,false,0,codable,OWL_ANS,emissible,2676
M62.02,XIII,XIII/M62.02.md,"Diastasis musculaire - "" Bras """,false,true,true,false,false,0,codable,OWL_ANS,emissible,2491
M62.03,XIII,XIII/M62.03.md,"Diastasis musculaire - "" Avant-bras """,false,true,true,false,false,0,codable,OWL_ANS,emissible,2517
M62.04,XIII,XIII/M62.04.md,"Diastasis musculaire - "" Main """,false,true,true,false,false,0,codable,OWL_ANS,emissible,2535
M62.05,XIII,XIII/M62.05.md,"Diastasis musculaire - "" Région pelvienne et cuisse """,false,true,true,false,false,0,codable,OWL_ANS,emissible,2605
M62.06,XIII,XIII/M62.06.md,"Diastasis musculaire - "" Jambe """,false,true,true,false,false,0,codable,OWL_ANS,emissible,2504
M62.07,XIII,XIII/M62.07.md,"Diastasis musculaire - "" Cheville et pied """,false,true,true,false,false,0,codable,OWL_ANS,emissible,2611
M62.08,XIII,XIII/M62.08.md,"Diastasis musculaire - "" Autres """,false,true,true,false,false,0,codable,OWL_ANS,emissible,2533
M62.09,XIII,XIII/M62.09.md,"Diastasis musculaire - "" Siège non précisé """,false,false,true,false,false,0,codable,OWL_ANS,emissible,2390
M62.1,XIII,XIII/M62.1.md,Autres déchirures musculaires (non traumatiques),false,false,true,false,true,0,codable,OWL_ANS,emissible,2760
M62.10,XIII,XIII/M62.10.md,"Autres déchirures musculaires (non traumatiques) - "" Sièges multiples """,false,false,true,false,false,0,codable,OWL_ANS,emissible,2550
M62.11,XIII,XIII/M62.11.md,"Autres déchirures musculaires (non traumatiques) - "" Région scapulaire """,false,true,true,false,false,0,codable,OWL_ANS,emissible,2837
M62.12,XIII,XIII/M62.12.md,"Autres déchirures musculaires (non traumatiques) - "" Bras """,false,true,true,false,false,0,codable,OWL_ANS,emissible,2652
M62.13,XIII,XIII/M62.13.md,"Autres déchirures musculaires (non traumatiques) - "" Avant-bras """,false,true,true,false,false,0,codable,OWL_ANS,emissible,2678
M62.14,XIII,XIII/M62.14.md,"Autres déchirures musculaires (non traumatiques) - "" Main """,false,true,true,false,false,0,codable,OWL_ANS,emissible,2696
M62.15,XIII,XIII/M62.15.md,"Autres déchirures musculaires (non traumatiques) - "" Région pelvienne et cuisse """,false,true,true,false,false,0,codable,OWL_ANS,emissible,2766
M62.16,XIII,XIII/M62.16.md,"Autres déchirures musculaires (non traumatiques) - "" Jambe """,false,true,true,false,false,0,codable,OWL_ANS,emissible,2665
M62.17,XIII,XIII/M62.17.md,"Autres déchirures musculaires (non traumatiques) - "" Cheville et pied """,false,true,true,false,false,0,codable,OWL_ANS,emissible,2772
M62.18,XIII,XIII/M62.18.md,"Autres déchirures musculaires (non traumatiques) - "" Autres """,false,true,true,false,false,0,codable,OWL_ANS,emissible,2694
M62.19,XIII,XIII/M62.19.md,"Autres déchirures musculaires (non traumatiques) - "" Siège non précisé """,false,false,true,false,false,0,codable,OWL_ANS,emissible,2551
M62.2,XIII,XIII/M62.2.md,Infarcissement ischémique musculaire,true,false,true,false,true,0,codable,OWL_ANS,emissible,2959
M62.20,XIII,XIII/M62.20.md,"Infarcissement ischémique musculaire - "" Sièges multiples """,true,false,true,false,false,0,codable,OWL_ANS,emissible,2679
M62.21,XIII,XIII/M62.21.md,"Infarcissement ischémique musculaire - "" Région scapulaire """,true,true,true,false,false,0,codable,OWL_ANS,emissible,2966
M62.22,XIII,XIII/M62.22.md,"Infarcissement ischémique musculaire - "" Bras """,true,true,true,false,false,0,codable,OWL_ANS,emissible,2781
M62.23,XIII,XIII/M62.23.md,"Infarcissement ischémique musculaire - "" Avant-bras """,true,true,true,false,false,0,codable,OWL_ANS,emissible,2807
M62.24,XIII,XIII/M62.24.md,"Infarcissement ischémique musculaire - "" Main """,true,true,true,false,false,0,codable,OWL_ANS,emissible,2825
M62.25,XIII,XIII/M62.25.md,"Infarcissement ischémique musculaire - "" Région pelvienne et cuisse """,true,true,true,false,false,0,codable,OWL_ANS,emissible,2895
M62.26,XIII,XIII/M62.26.md,"Infarcissement ischémique musculaire - "" Jambe """,true,true,true,false,false,0,codable,OWL_ANS,emissible,2794
M62.27,XIII,XIII/M62.27.md,"Infarcissement ischémique musculaire - "" Cheville et pied """,true,true,true,false,false,0,codable,OWL_ANS,emissible,2901
M62.28,XIII,XIII/M62.28.md,"Infarcissement ischémique musculaire - "" Autres """,true,true,true,false,false,0,codable,OWL_ANS,emissible,2823
M62.29,XIII,XIII/M62.29.md,"Infarcissement ischémique musculaire - "" Siège non précisé """,true,false,true,false,false,0,codable,OWL_ANS,emissible,2680
M62.3,XIII,XIII/M62.3.md,Syndrome d'immobilité (paraplégique),false,false,true,false,true,0,codable,OWL_ANS,emissible,2460
M62.30,XIII,XIII/M62.30.md,"Syndrome d'immobilité (paraplégique) - "" Sièges multiples """,false,false,true,false,false,0,codable,OWL_ANS,emissible,2405
M62.31,XIII,XIII/M62.31.md,"Syndrome d'immobilité (paraplégique) - "" Région scapulaire """,false,true,true,false,false,0,codable,OWL_ANS,emissible,2692
M62.32,XIII,XIII/M62.32.md,"Syndrome d'immobilité (paraplégique) - "" Bras """,false,true,true,false,false,0,codable,OWL_ANS,emissible,2507
M62.33,XIII,XIII/M62.33.md,"Syndrome d'immobilité (paraplégique) - "" Avant-bras """,false,true,true,false,false,0,codable,OWL_ANS,emissible,2533
M62.34,XIII,XIII/M62.34.md,"Syndrome d'immobilité (paraplégique) - "" Main """,false,true,true,false,false,0,codable,OWL_ANS,emissible,2551
M62.35,XIII,XIII/M62.35.md,"Syndrome d'immobilité (paraplégique) - "" Région pelvienne et cuisse """,false,true,true,false,false,0,codable,OWL_ANS,emissible,2621
M62.36,XIII,XIII/M62.36.md,"Syndrome d'immobilité (paraplégique) - "" Jambe """,false,true,true,false,false,0,codable,OWL_ANS,emissible,2520
M62.37,XIII,XIII/M62.37.md,"Syndrome d'immobilité (paraplégique) - "" Cheville et pied """,false,true,true,false,false,0,codable,OWL_ANS,emissible,2627
M62.38,XIII,XIII/M62.38.md,"Syndrome d'immobilité (paraplégique) - "" Autres """,false,true,true,false,false,0,codable,OWL_ANS,emissible,2549
M62.39,XIII,XIII/M62.39.md,"Syndrome d'immobilité (paraplégique) - "" Siège non précisé """,false,false,true,false,false,0,codable,OWL_ANS,emissible,2406
M62.4,XIII,XIII/M62.4.md,Contracture musculaire,false,false,true,false,true,0,codable,OWL_ANS,emissible,2717
M62.40,XIII,XIII/M62.40.md,"Contracture musculaire - "" Sièges multiples """,false,false,true,false,false,0,codable,OWL_ANS,emissible,2435
M62.41,XIII,XIII/M62.41.md,"Contracture musculaire - "" Région scapulaire """,false,true,true,false,false,0,codable,OWL_ANS,emissible,2722
M62.42,XIII,XIII/M62.42.md,"Contracture musculaire - "" Bras """,false,true,true,false,false,0,codable,OWL_ANS,emissible,2537
M62.43,XIII,XIII/M62.43.md,"Contracture musculaire - "" Avant-bras """,false,true,true,false,false,0,codable,OWL_ANS,emissible,2563
M62.44,XIII,XIII/M62.44.md,"Contracture musculaire - "" Main """,false,true,true,false,false,0,codable,OWL_ANS,emissible,2581
M62.45,XIII,XIII/M62.45.md,"Contracture musculaire - "" Région pelvienne et cuisse """,false,true,true,false,false,0,codable,OWL_ANS,emissible,2651
M62.46,XIII,XIII/M62.46.md,"Contracture musculaire - "" Jambe """,false,true,true,false,false,0,codable,OWL_ANS,emissible,2550
M62.47,XIII,XIII/M62.47.md,"Contracture musculaire - "" Cheville et pied """,false,true,true,false,false,0,codable,OWL_ANS,emissible,2657
M62.48,XIII,XIII/M62.48.md,"Contracture musculaire - "" Autres """,false,true,true,false,false,0,codable,OWL_ANS,emissible,2579
M62.49,XIII,XIII/M62.49.md,"Contracture musculaire - "" Siège non précisé """,false,false,true,false,false,0,codable,OWL_ANS,emissible,2436
M62.5,XIII,XIII/M62.5.md,"Atrophie et fonte musculaires, non classées ailleurs",true,false,true,false,true,0,codable,OWL_ANS,emissible,2890
M62.50,XIII,XIII/M62.50.md,"Atrophie et fonte musculaires, non classées ailleurs - "" Sièges multiples """,true,false,true,false,false,0,codable,OWL_ANS,emissible,2542
M62.51,XIII,XIII/M62.51.md,"Atrophie et fonte musculaires, non classées ailleurs - "" Région scapulaire """,true,true,true,false,false,0,codable,OWL_ANS,emissible,2829
M62.52,XIII,XIII/M62.52.md,"Atrophie et fonte musculaires, non classées ailleurs - "" Bras """,true,true,true,false,false,0,codable,OWL_ANS,emissible,2644
M62.53,XIII,XIII/M62.53.md,"Atrophie et fonte musculaires, non classées ailleurs - "" Avant-bras """,true,true,true,false,false,0,codable,OWL_ANS,emissible,2670
M62.54,XIII,XIII/M62.54.md,"Atrophie et fonte musculaires, non classées ailleurs - "" Main """,true,true,true,false,false,0,codable,OWL_ANS,emissible,2688
M62.55,XIII,XIII/M62.55.md,"Atrophie et fonte musculaires, non classées ailleurs - "" Région pelvienne et cuisse """,true,true,true,false,false,0,codable,OWL_ANS,emissible,2758
M62.56,XIII,XIII/M62.56.md,"Atrophie et fonte musculaires, non classées ailleurs - "" Jambe """,true,true,true,false,false,0,codable,OWL_ANS,emissible,2657
M62.57,XIII,XIII/M62.57.md,"Atrophie et fonte musculaires, non classées ailleurs - "" Cheville et pied """,true,true,true,false,false,0,codable,OWL_ANS,emissible,2764
M62.58,XIII,XIII/M62.58.md,"Atrophie et fonte musculaires, non classées ailleurs - "" Autres """,true,true,true,false,false,0,codable,OWL_ANS,emissible,2686
M62.59,XIII,XIII/M62.59.md,"Atrophie et fonte musculaires, non classées ailleurs - "" Siège non précisé """,true,false,true,false,false,0,codable,OWL_ANS,emissible,2543
M62.6,XIII,XIII/M62.6.md,Claquage musculaire,false,false,true,false,false,0,codable,OWL_ANS,emissible,2470
M62.60,XIII,XIII/M62.60.md,"Claquage musculaire - "" Sièges multiples """,false,false,true,false,false,0,codable,OWL_ANS,emissible,2479
M62.61,XIII,XIII/M62.61.md,"Claquage musculaire - "" Région scapulaire """,false,true,true,false,false,0,codable,OWL_ANS,emissible,2766
M62.62,XIII,XIII/M62.62.md,"Claquage musculaire - "" Bras """,false,true,true,false,false,0,codable,OWL_ANS,emissible,2581
M62.63,XIII,XIII/M62.63.md,"Claquage musculaire - "" Avant-bras """,false,true,true,false,false,0,codable,OWL_ANS,emissible,2607
M62.64,XIII,XIII/M62.64.md,"Claquage musculaire - "" Main """,false,true,true,false,false,0,codable,OWL_ANS,emissible,2625
M62.65,XIII,XIII/M62.65.md,"Claquage musculaire - "" Région pelvienne et cuisse """,false,true,true,false,false,0,codable,OWL_ANS,emissible,2695
M62.66,XIII,XIII/M62.66.md,"Claquage musculaire - "" Jambe """,false,true,true,false,false,0,codable,OWL_ANS,emissible,2594
M62.67,XIII,XIII/M62.67.md,"Claquage musculaire - "" Cheville et pied """,false,true,true,false,false,0,codable,OWL_ANS,emissible,2701
M62.68,XIII,XIII/M62.68.md,"Claquage musculaire - "" Autres """,false,true,true,false,false,0,codable,OWL_ANS,emissible,2623
M62.69,XIII,XIII/M62.69.md,"Claquage musculaire - "" Siège non précisé """,false,false,true,false,false,0,codable,OWL_ANS,emissible,2480
M62.8-00,XIII,XIII/M62.8-00.md,"Rhabdomyolyse - "" Sièges multiples """,false,false,true,false,false,0,codable,OWL_ANS,emissible,2386
M62.8-01,XIII,XIII/M62.8-01.md,"Rhabdomyolyse - "" Région scapulaire """,true,false,true,false,false,0,codable,OWL_ANS,emissible,2562
M62.8-02,XIII,XIII/M62.8-02.md,"Rhabdomyolyse - "" Bras """,true,false,true,false,false,0,codable,OWL_ANS,emissible,2460
M62.8-03,XIII,XIII/M62.8-03.md,"Rhabdomyolyse - "" Avant-bras """,true,false,true,false,false,0,codable,OWL_ANS,emissible,2477
M62.8-04,XIII,XIII/M62.8-04.md,"Rhabdomyolyse - "" Main """,true,false,true,false,false,0,codable,OWL_ANS,emissible,2484
M62.8-05,XIII,XIII/M62.8-05.md,"Rhabdomyolyse - "" Région pelvienne et cuisse """,true,false,true,false,false,0,codable,OWL_ANS,emissible,2531
M62.8-06,XIII,XIII/M62.8-06.md,"Rhabdomyolyse - "" Jambe """,true,false,true,false,false,0,codable,OWL_ANS,emissible,2468
M62.8-07,XIII,XIII/M62.8-07.md,"Rhabdomyolyse - "" Cheville et pied """,true,false,true,false,false,0,codable,OWL_ANS,emissible,2529
M62.8-08,XIII,XIII/M62.8-08.md,"Rhabdomyolyse - "" Autres """,true,false,true,false,false,0,codable,OWL_ANS,emissible,2486
M62.8-09,XIII,XIII/M62.8-09.md,"Rhabdomyolyse - "" Siège non précisé """,false,false,true,false,false,0,codable,OWL_ANS,emissible,2387
M62.8-80,XIII,XIII/M62.8-80.md,"Autres atteintes musculaires précisées, non classées ailleurs - "" Sièges multiples """,true,false,true,false,false,0,codable,OWL_ANS,emissible,2532
M62.8-81,XIII,XIII/M62.8-81.md,"Autres atteintes musculaires précisées, non classées ailleurs - "" Région scapulaire """,true,false,true,false,false,0,codable,OWL_ANS,emissible,2677
M62.8-82,XIII,XIII/M62.8-82.md,"Autres atteintes musculaires précisées, non classées ailleurs - "" Bras """,true,false,true,false,false,0,codable,OWL_ANS,emissible,2575
M62.8-83,XIII,XIII/M62.8-83.md,"Autres atteintes musculaires précisées, non classées ailleurs - "" Avant-bras """,true,false,true,false,false,0,codable,OWL_ANS,emissible,2592
M62.8-84,XIII,XIII/M62.8-84.md,"Autres atteintes musculaires précisées, non classées ailleurs - "" Main """,true,false,true,false,false,0,codable,OWL_ANS,emissible,2599
M62.8-85,XIII,XIII/M62.8-85.md,"Autres atteintes musculaires précisées, non classées ailleurs - "" Région pelvienne et cuisse """,true,false,true,false,false,0,codable,OWL_ANS,emissible,2646
M62.8-86,XIII,XIII/M62.8-86.md,"Autres atteintes musculaires précisées, non classées ailleurs - "" Jambe """,true,false,true,false,false,0,codable,OWL_ANS,emissible,2583
M62.8-87,XIII,XIII/M62.8-87.md,"Autres atteintes musculaires précisées, non classées ailleurs - "" Cheville et pied """,true,false,true,false,false,0,codable,OWL_ANS,emissible,2644
M62.8-88,XIII,XIII/M62.8-88.md,"Autres atteintes musculaires précisées, non classées ailleurs - "" Autres """,true,false,true,false,false,0,codable,OWL_ANS,emissible,2601
M62.8-89,XIII,XIII/M62.8-89.md,"Autres atteintes musculaires précisées, non classées ailleurs - "" Siège non précisé """,true,false,true,false,false,0,codable,OWL_ANS,emissible,2533
M62.80,XIII,XIII/M62.80.md,Autres atteintes musculaires précisées - Sièges multiples,false,false,true,false,false,0,codable,ATIH,emissible,2403
M62.81,XIII,XIII/M62.81.md,Autres atteintes musculaires précisées - Région scapulaire,false,false,true,false,false,0,codable,ATIH,emissible,2404
M62.82,XIII,XIII/M62.82.md,Autres atteintes musculaires précisées - Bras,false,false,true,false,false,0,codable,ATIH,emissible,2391
M62.83,XIII,XIII/M62.83.md,Autres atteintes musculaires précisées - Avant-bras,false,false,true,false,false,0,codable,ATIH,emissible,2397
M62.84,XIII,XIII/M62.84.md,Autres atteintes musculaires précisées - Main,false,false,true,false,false,0,codable,ATIH,emissible,2391
M62.85,XIII,XIII/M62.85.md,Autres atteintes musculaires précisées - Région pelvienne et cuisse,false,false,true,false,false,0,codable,ATIH,emissible,2413
M62.86,XIII,XIII/M62.86.md,Autres atteintes musculaires précisées - Jambe,false,false,true,false,false,0,codable,ATIH,emissible,2392
M62.87,XIII,XIII/M62.87.md,Autres atteintes musculaires précisées - Cheville et pied,false,false,true,false,false,0,codable,ATIH,emissible,2403
M62.88,XIII,XIII/M62.88.md,Autres atteintes musculaires précisées - Autres localisations,false,false,true,false,false,0,codable,ATIH,emissible,2407
M62.89,XIII,XIII/M62.89.md,Autres atteintes musculaires précisées - Siège non précisé,false,false,true,false,false,0,codable,ATIH,emissible,2404
M62.9,XIII,XIII/M62.9.md,"Atteinte musculaire, sans précision",false,false,true,false,true,1,interdit_dp_dr,OWL_ANS,emissible,2577
M62.90,XIII,XIII/M62.90.md,"Atteinte musculaire, sans précision - "" Sièges multiples """,false,false,true,false,false,1,interdit_dp_dr,OWL_ANS,emissible,2406
M62.91,XIII,XIII/M62.91.md,"Atteinte musculaire, sans précision - "" Région scapulaire """,false,true,true,false,false,1,interdit_dp_dr,OWL_ANS,emissible,2693
M62.92,XIII,XIII/M62.92.md,"Atteinte musculaire, sans précision - "" Bras """,false,true,true,false,false,1,interdit_dp_dr,OWL_ANS,emissible,2508
M62.93,XIII,XIII/M62.93.md,"Atteinte musculaire, sans précision - "" Avant-bras """,false,true,true,false,false,1,interdit_dp_dr,OWL_ANS,emissible,2534
M62.94,XIII,XIII/M62.94.md,"Atteinte musculaire, sans précision - "" Main """,false,true,true,false,false,1,interdit_dp_dr,OWL_ANS,emissible,2552
M62.95,XIII,XIII/M62.95.md,"Atteinte musculaire, sans précision - "" Région pelvienne et cuisse """,false,true,true,false,false,1,interdit_dp_dr,OWL_ANS,emissible,2622
M62.96,XIII,XIII/M62.96.md,"Atteinte musculaire, sans précision - "" Jambe """,false,true,true,false,false,1,interdit_dp_dr,OWL_ANS,emissible,2521
M62.97,XIII,XIII/M62.97.md,"Atteinte musculaire, sans précision - "" Cheville et pied """,false,true,true,false,false,1,interdit_dp_dr,OWL_ANS,emissible,2628
M62.98,XIII,XIII/M62.98.md,"Atteinte musculaire, sans précision - "" Autres """,false,true,true,false,false,1,interdit_dp_dr,OWL_ANS,emissible,2550
M62.99,XIII,XIII/M62.99.md,"Atteinte musculaire, sans précision - "" Siège non précisé """,false,false,true,false,false,1,interdit_dp_dr,OWL_ANS,emissible,2407
M63.0,XIII,XIII/M63.0.md,Myosite au cours de maladies bactériennes classées ailleurs,true,false,true,false,true,0,codable,OWL_ANS,emissible,2595
M63.00,XIII,XIII/M63.00.md,"Myosite au cours de maladies bactériennes classées ailleurs - "" Sièges multiples """,true,false,true,false,false,,inconnu_atih,OWL_ANS,emissible,2528
M63.01,XIII,XIII/M63.01.md,"Myosite au cours de maladies bactériennes classées ailleurs - "" Région scapulaire """,true,false,true,false,false,,inconnu_atih,OWL_ANS,emissible,2673
M63.02,XIII,XIII/M63.02.md,"Myosite au cours de maladies bactériennes classées ailleurs - "" Bras """,true,false,true,false,false,,inconnu_atih,OWL_ANS,emissible,2571
M63.03,XIII,XIII/M63.03.md,"Myosite au cours de maladies bactériennes classées ailleurs - "" Avant-bras """,true,false,true,false,false,,inconnu_atih,OWL_ANS,emissible,2588
M63.04,XIII,XIII/M63.04.md,"Myosite au cours de maladies bactériennes classées ailleurs - "" Main """,true,false,true,false,false,,inconnu_atih,OWL_ANS,emissible,2595
M63.05,XIII,XIII/M63.05.md,"Myosite au cours de maladies bactériennes classées ailleurs - "" Région pelvienne et cuisse """,true,false,true,false,false,,inconnu_atih,OWL_ANS,emissible,2642
M63.06,XIII,XIII/M63.06.md,"Myosite au cours de maladies bactériennes classées ailleurs - "" Jambe """,true,false,true,false,false,,inconnu_atih,OWL_ANS,emissible,2579
M63.07,XIII,XIII/M63.07.md,"Myosite au cours de maladies bactériennes classées ailleurs - "" Cheville et pied """,true,false,true,false,false,,inconnu_atih,OWL_ANS,emissible,2640
M63.08,XIII,XIII/M63.08.md,"Myosite au cours de maladies bactériennes classées ailleurs - "" Autres """,true,false,true,false,false,,inconnu_atih,OWL_ANS,emissible,2597
M63.09,XIII,XIII/M63.09.md,"Myosite au cours de maladies bactériennes classées ailleurs - "" Siège non précisé """,true,false,true,false,false,,inconnu_atih,OWL_ANS,emissible,2529
M63.1,XIII,XIII/M63.1.md,Myosite au cours d'infections parasitaires et à protozoaires classées ailleurs,true,false,true,false,true,0,codable,OWL_ANS,emissible,2640
M63.10,XIII,XIII/M63.10.md,"Myosite au cours d'infections parasitaires et à protozoaires classées ailleurs - "" Sièges multiples """,true,false,true,false,false,,inconnu_atih,OWL_ANS,emissible,2591
M63.11,XIII,XIII/M63.11.md,"Myosite au cours d'infections parasitaires et à protozoaires classées ailleurs - "" Région scapulaire """,true,false,true,false,false,,inconnu_atih,OWL_ANS,emissible,2736
M63.12,XIII,XIII/M63.12.md,"Myosite au cours d'infections parasitaires et à protozoaires classées ailleurs - "" Bras """,true,false,true,false,false,,inconnu_atih,OWL_ANS,emissible,2634
M63.13,XIII,XIII/M63.13.md,"Myosite au cours d'infections parasitaires et à protozoaires classées ailleurs - "" Avant-bras """,true,false,true,false,false,,inconnu_atih,OWL_ANS,emissible,2651
M63.14,XIII,XIII/M63.14.md,"Myosite au cours d'infections parasitaires et à protozoaires classées ailleurs - "" Main """,true,false,true,false,false,,inconnu_atih,OWL_ANS,emissible,2658
M63.15,XIII,XIII/M63.15.md,"Myosite au cours d'infections parasitaires et à protozoaires classées ailleurs - "" Région pelvienne et cuisse """,true,false,true,false,false,,inconnu_atih,OWL_ANS,emissible,2705
M63.16,XIII,XIII/M63.16.md,"Myosite au cours d'infections parasitaires et à protozoaires classées ailleurs - "" Jambe """,true,false,true,false,false,,inconnu_atih,OWL_ANS,emissible,2642
M63.17,XIII,XIII/M63.17.md,"Myosite au cours d'infections parasitaires et à protozoaires classées ailleurs - "" Cheville et pied """,true,false,true,false,false,,inconnu_atih,OWL_ANS,emissible,2703
M63.18,XIII,XIII/M63.18.md,"Myosite au cours d'infections parasitaires et à protozoaires classées ailleurs - "" Autres """,true,false,true,false,false,,inconnu_atih,OWL_ANS,emissible,2660
M63.19,XIII,XIII/M63.19.md,"Myosite au cours d'infections parasitaires et à protozoaires classées ailleurs - "" Siège non précisé """,true,false,true,false,false,,inconnu_atih,OWL_ANS,emissible,2592
M63.2,XIII,XIII/M63.2.md,Myosite au cours d'autres maladies infectieuses classées ailleurs,true,false,true,false,true,0,codable,OWL_ANS,emissible,2526
M63.20,XIII,XIII/M63.20.md,"Myosite au cours d'autres maladies infectieuses classées ailleurs - "" Sièges multiples """,true,false,true,false,false,,inconnu_atih,OWL_ANS,emissible,2483
M63.21,XIII,XIII/M63.21.md,"Myosite au cours d'autres maladies infectieuses classées ailleurs - "" Région scapulaire """,true,false,true,false,false,,inconnu_atih,OWL_ANS,emissible,2628
M63.22,XIII,XIII/M63.22.md,"Myosite au cours d'autres maladies infectieuses classées ailleurs - "" Bras """,true,false,true,false,false,,inconnu_atih,OWL_ANS,emissible,2526
M63.23,XIII,XIII/M63.23.md,"Myosite au cours d'autres maladies infectieuses classées ailleurs - "" Avant-bras """,true,false,true,false,false,,inconnu_atih,OWL_ANS,emissible,2543
M63.24,XIII,XIII/M63.24.md,"Myosite au cours d'autres maladies infectieuses classées ailleurs - "" Main """,true,false,true,false,false,,inconnu_atih,OWL_ANS,emissible,2550
M63.25,XIII,XIII/M63.25.md,"Myosite au cours d'autres maladies infectieuses classées ailleurs - "" Région pelvienne et cuisse """,true,false,true,false,false,,inconnu_atih,OWL_ANS,emissible,2597
M63.26,XIII,XIII/M63.26.md,"Myosite au cours d'autres maladies infectieuses classées ailleurs - "" Jambe """,true,false,true,false,false,,inconnu_atih,OWL_ANS,emissible,2534
M63.27,XIII,XIII/M63.27.md,"Myosite au cours d'autres maladies infectieuses classées ailleurs - "" Cheville et pied """,true,false,true,false,false,,inconnu_atih,OWL_ANS,emissible,2595
M63.28,XIII,XIII/M63.28.md,"Myosite au cours d'autres maladies infectieuses classées ailleurs - "" Autres """,true,false,true,false,false,,inconnu_atih,OWL_ANS,emissible,2552
M63.29,XIII,XIII/M63.29.md,"Myosite au cours d'autres maladies infectieuses classées ailleurs - "" Siège non précisé """,true,false,true,false,false,,inconnu_atih,OWL_ANS,emissible,2484
M63.3,XIII,XIII/M63.3.md,Myosite au cours de sarcoïdose ,false,false,true,false,true,0,codable,OWL_ANS,emissible,2376
M63.30,XIII,XIII/M63.30.md,"Myosite au cours de sarcoïdose (D86.8)   - "" Sièges multiples """,false,false,true,false,false,,inconnu_atih,OWL_ANS,emissible,2342
M63.31,XIII,XIII/M63.31.md,"Myosite au cours de sarcoïdose (D86.8)   - "" Région scapulaire """,true,false,true,false,false,,inconnu_atih,OWL_ANS,emissible,2518
M63.32,XIII,XIII/M63.32.md,"Myosite au cours de sarcoïdose (D86.8)   - "" Bras """,true,false,true,false,false,,inconnu_atih,OWL_ANS,emissible,2416
M63.33,XIII,XIII/M63.33.md,"Myosite au cours de sarcoïdose (D86.8)   - "" Avant-bras """,true,false,true,false,false,,inconnu_atih,OWL_ANS,emissible,2433
M63.34,XIII,XIII/M63.34.md,"Myosite au cours de sarcoïdose (D86.8)   - "" Main """,true,false,true,false,false,,inconnu_atih,OWL_ANS,emissible,2440
M63.35,XIII,XIII/M63.35.md,"Myosite au cours de sarcoïdose (D86.8)   - "" Région pelvienne et cuisse """,true,false,true,false,false,,inconnu_atih,OWL_ANS,emissible,2487
M63.36,XIII,XIII/M63.36.md,"Myosite au cours de sarcoïdose (D86.8)   - "" Jambe """,true,false,true,false,false,,inconnu_atih,OWL_ANS,emissible,2424
M63.37,XIII,XIII/M63.37.md,"Myosite au cours de sarcoïdose (D86.8)   - "" Cheville et pied """,true,false,true,false,false,,inconnu_atih,OWL_ANS,emissible,2485
M63.38,XIII,XIII/M63.38.md,"Myosite au cours de sarcoïdose (D86.8)   - "" Autres """,true,false,true,false,false,,inconnu_atih,OWL_ANS,emissible,2442
M63.39,XIII,XIII/M63.39.md,"Myosite au cours de sarcoïdose (D86.8)   - "" Siège non précisé """,false,false,true,false,false,,inconnu_atih,OWL_ANS,emissible,2343
M63.8,XIII,XIII/M63.8.md,Autres atteintes musculaires au cours de maladies classées ailleurs,false,false,true,false,true,0,codable,OWL_ANS,emissible,2728
M63.80,XIII,XIII/M63.80.md,"Autres atteintes musculaires au cours de maladies classées ailleurs - "" Sièges multiples """,false,false,true,false,false,,inconnu_atih,OWL_ANS,emissible,2369
M63.81,XIII,XIII/M63.81.md,"Autres atteintes musculaires au cours de maladies classées ailleurs - "" Région scapulaire """,true,false,true,false,false,,inconnu_atih,OWL_ANS,emissible,2545
M63.82,XIII,XIII/M63.82.md,"Autres atteintes musculaires au cours de maladies classées ailleurs - "" Bras """,true,false,true,false,false,,inconnu_atih,OWL_ANS,emissible,2443
M63.83,XIII,XIII/M63.83.md,"Autres atteintes musculaires au cours de maladies classées ailleurs - "" Avant-bras """,true,false,true,false,false,,inconnu_atih,OWL_ANS,emissible,2460
M63.84,XIII,XIII/M63.84.md,"Autres atteintes musculaires au cours de maladies classées ailleurs - "" Main """,true,false,true,false,false,,inconnu_atih,OWL_ANS,emissible,2467
M63.85,XIII,XIII/M63.85.md,"Autres atteintes musculaires au cours de maladies classées ailleurs - "" Région pelvienne et cuisse """,true,false,true,false,false,,inconnu_atih,OWL_ANS,emissible,2514
M63.86,XIII,XIII/M63.86.md,"Autres atteintes musculaires au cours de maladies classées ailleurs - "" Jambe """,true,false,true,false,false,,inconnu_atih,OWL_ANS,emissible,2451
M63.87,XIII,XIII/M63.87.md,"Autres atteintes musculaires au cours de maladies classées ailleurs - "" Cheville et pied """,true,false,true,false,false,,inconnu_atih,OWL_ANS,emissible,2512
M63.88,XIII,XIII/M63.88.md,"Autres atteintes musculaires au cours de maladies classées ailleurs - "" Autres """,true,false,true,false,false,,inconnu_atih,OWL_ANS,emissible,2469
M63.89,XIII,XIII/M63.89.md,"Autres atteintes musculaires au cours de maladies classées ailleurs - "" Siège non précisé """,false,false,true,false,false,,inconnu_atih,OWL_ANS,emissible,2370
M65.0,XIII,XIII/M65.0.md,Abcès de la gaine du tendon,false,false,true,false,true,0,codable,OWL_ANS,emissible,2222
M65.00,XIII,XIII/M65.00.md,"Abcès de la gaine du tendon - "" Sièges multiples """,false,false,true,false,false,0,codable,OWL_ANS,emissible,2181
M65.01,XIII,XIII/M65.01.md,"Abcès de la gaine du tendon - "" Région scapulaire """,false,true,true,false,false,0,codable,OWL_ANS,emissible,2468
M65.02,XIII,XIII/M65.02.md,"Abcès de la gaine du tendon - "" Bras """,false,true,true,false,false,0,codable,OWL_ANS,emissible,2283
M65.03,XIII,XIII/M65.03.md,"Abcès de la gaine du tendon - "" Avant-bras """,false,true,true,false,false,0,codable,OWL_ANS,emissible,2309
M65.04,XIII,XIII/M65.04.md,"Abcès de la gaine du tendon - "" Main """,false,true,true,false,false,0,codable,OWL_ANS,emissible,2327
M65.05,XIII,XIII/M65.05.md,"Abcès de la gaine du tendon - "" Région pelvienne et cuisse """,false,true,true,false,false,0,codable,OWL_ANS,emissible,2397
M65.06,XIII,XIII/M65.06.md,"Abcès de la gaine du tendon - "" Jambe """,false,true,true,false,false,0,codable,OWL_ANS,emissible,2296
M65.07,XIII,XIII/M65.07.md,"Abcès de la gaine du tendon - "" Cheville et pied """,false,true,true,false,false,0,codable,OWL_ANS,emissible,2403
M65.08,XIII,XIII/M65.08.md,"Abcès de la gaine du tendon - "" Autres """,false,true,true,false,false,0,codable,OWL_ANS,emissible,2325
M65.09,XIII,XIII/M65.09.md,"Abcès de la gaine du tendon - "" Siège non précisé """,false,false,true,false,false,0,codable,OWL_ANS,emissible,2182
M65.1,XIII,XIII/M65.1.md,Autres (téno)synovites infectieuses,false,false,true,false,true,0,codable,OWL_ANS,emissible,2550
M65.10,XIII,XIII/M65.10.md,"Autres (téno)synovites infectieuses - "" Sièges multiples """,false,false,true,false,false,0,codable,OWL_ANS,emissible,2189
M65.11,XIII,XIII/M65.11.md,"Autres (téno)synovites infectieuses - "" Région scapulaire """,false,true,true,false,false,0,codable,OWL_ANS,emissible,2476
M65.12,XIII,XIII/M65.12.md,"Autres (téno)synovites infectieuses - "" Bras """,false,true,true,false,false,0,codable,OWL_ANS,emissible,2291
M65.13,XIII,XIII/M65.13.md,"Autres (téno)synovites infectieuses - "" Avant-bras """,false,true,true,false,false,0,codable,OWL_ANS,emissible,2317
M65.14,XIII,XIII/M65.14.md,"Autres (téno)synovites infectieuses - "" Main """,false,true,true,false,false,0,codable,OWL_ANS,emissible,2335
M65.15,XIII,XIII/M65.15.md,"Autres (téno)synovites infectieuses - "" Région pelvienne et cuisse """,false,true,true,false,false,0,codable,OWL_ANS,emissible,2405
M65.16,XIII,XIII/M65.16.md,"Autres (téno)synovites infectieuses - "" Jambe """,false,true,true,false,false,0,codable,OWL_ANS,emissible,2304
M65.17,XIII,XIII/M65.17.md,"Autres (téno)synovites infectieuses - "" Cheville et pied """,false,true,true,false,false,0,codable,OWL_ANS,emissible,2411
M65.18,XIII,XIII/M65.18.md,"Autres (téno)synovites infectieuses - "" Autres """,false,true,true,false,false,0,codable,OWL_ANS,emissible,2333
M65.19,XIII,XIII/M65.19.md,"Autres (téno)synovites infectieuses - "" Siège non précisé """,false,false,true,false,false,0,codable,OWL_ANS,emissible,2190
M65.2,XIII,XIII/M65.2.md,Tendinite calcifiante,false,false,true,false,true,0,codable,OWL_ANS,emissible,2313
M65.20,XIII,XIII/M65.20.md,"Tendinite calcifiante - "" Sièges multiples """,false,false,true,false,false,0,codable,OWL_ANS,emissible,2221
M65.21,XIII,XIII/M65.21.md,"Tendinite calcifiante - "" Région scapulaire """,false,true,true,false,false,,inconnu_atih,OWL_ANS,emissible,2493
M65.22,XIII,XIII/M65.22.md,"Tendinite calcifiante - "" Bras """,false,true,true,false,false,0,codable,OWL_ANS,emissible,2323
M65.23,XIII,XIII/M65.23.md,"Tendinite calcifiante - "" Avant-bras """,false,true,true,false,false,0,codable,OWL_ANS,emissible,2349
M65.24,XIII,XIII/M65.24.md,"Tendinite calcifiante - "" Main """,false,true,true,false,false,0,codable,OWL_ANS,emissible,2367
M65.25,XIII,XIII/M65.25.md,"Tendinite calcifiante - "" Région pelvienne et cuisse """,false,true,true,false,false,0,codable,OWL_ANS,emissible,2437
M65.26,XIII,XIII/M65.26.md,"Tendinite calcifiante - "" Jambe """,false,true,true,false,false,0,codable,OWL_ANS,emissible,2336
M65.27,XIII,XIII/M65.27.md,"Tendinite calcifiante - "" Cheville et pied """,false,true,true,false,false,0,codable,OWL_ANS,emissible,2443
M65.28,XIII,XIII/M65.28.md,"Tendinite calcifiante - "" Autres """,false,true,true,false,false,0,codable,OWL_ANS,emissible,2365
M65.29,XIII,XIII/M65.29.md,"Tendinite calcifiante - "" Siège non précisé """,false,false,true,false,false,0,codable,OWL_ANS,emissible,2222
M65.3,XIII,XIII/M65.3.md,Doigt « à ressort »,true,false,true,false,true,0,codable,OWL_ANS,emissible,2295
M65.30,XIII,XIII/M65.30.md,"Doigt « à ressort » - "" Sièges multiples """,true,false,true,false,false,3,supprime,OWL_ANS,emissible,2272
M65.31,XIII,XIII/M65.31.md,"Doigt « à ressort » - "" Région scapulaire """,true,true,true,false,false,,inconnu_atih,OWL_ANS,emissible,2551
M65.32,XIII,XIII/M65.32.md,"Doigt « à ressort » - "" Bras """,true,true,true,false,false,,inconnu_atih,OWL_ANS,emissible,2366
M65.33,XIII,XIII/M65.33.md,"Doigt « à ressort » - "" Avant-bras """,true,true,true,false,false,,inconnu_atih,OWL_ANS,emissible,2392
M65.34,XIII,XIII/M65.34.md,"Doigt « à ressort » - "" Main """,true,true,true,false,false,0,codable,OWL_ANS,emissible,2425
M65.35,XIII,XIII/M65.35.md,"Doigt « à ressort » - "" Région pelvienne et cuisse """,true,true,true,false,false,,inconnu_atih,OWL_ANS,emissible,2480
M65.36,XIII,XIII/M65.36.md,"Doigt « à ressort » - "" Jambe """,true,true,true,false,false,,inconnu_atih,OWL_ANS,emissible,2379
M65.37,XIII,XIII/M65.37.md,"Doigt « à ressort » - "" Cheville et pied """,true,true,true,false,false,,inconnu_atih,OWL_ANS,emissible,2486
M65.38,XIII,XIII/M65.38.md,"Doigt « à ressort » - "" Autres """,true,true,true,false,false,,inconnu_atih,OWL_ANS,emissible,2408
M65.39,XIII,XIII/M65.39.md,"Doigt « à ressort » - "" Siège non précisé """,true,false,true,false,false,,inconnu_atih,OWL_ANS,emissible,2265
M65.4,XIII,XIII/M65.4.md,Ténosynovite chronique sténosante du pouce [de Quervain],false,false,true,false,true,0,codable,OWL_ANS,emissible,2324
M65.40,XIII,XIII/M65.40.md,"Ténosynovite chronique sténosante du pouce [de Quervain] - "" Sièges multiples """,false,false,true,false,false,3,supprime,OWL_ANS,emissible,2203
M65.41,XIII,XIII/M65.41.md,"Ténosynovite chronique sténosante du pouce [de Quervain] - "" Région scapulaire """,false,true,true,false,false,,inconnu_atih,OWL_ANS,emissible,2482
M65.42,XIII,XIII/M65.42.md,"Ténosynovite chronique sténosante du pouce [de Quervain] - "" Bras """,false,true,true,false,false,,inconnu_atih,OWL_ANS,emissible,2297
M65.43,XIII,XIII/M65.43.md,"Ténosynovite chronique sténosante du pouce [de Quervain] - "" Avant-bras """,false,true,true,false,false,,inconnu_atih,OWL_ANS,emissible,2323
M65.44,XIII,XIII/M65.44.md,"Ténosynovite chronique sténosante du pouce [de Quervain] - "" Main """,false,true,true,false,false,0,codable,OWL_ANS,emissible,2356
M65.45,XIII,XIII/M65.45.md,"Ténosynovite chronique sténosante du pouce [de Quervain] - "" Région pelvienne et cuisse """,false,true,true,false,false,,inconnu_atih,OWL_ANS,emissible,2411
M65.46,XIII,XIII/M65.46.md,"Ténosynovite chronique sténosante du pouce [de Quervain] - "" Jambe """,false,true,true,false,false,,inconnu_atih,OWL_ANS,emissible,2310
M65.47,XIII,XIII/M65.47.md,"Ténosynovite chronique sténosante du pouce [de Quervain] - "" Cheville et pied """,false,true,true,false,false,,inconnu_atih,OWL_ANS,emissible,2417
M65.48,XIII,XIII/M65.48.md,"Ténosynovite chronique sténosante du pouce [de Quervain] - "" Autres """,false,true,true,false,false,,inconnu_atih,OWL_ANS,emissible,2339
M65.49,XIII,XIII/M65.49.md,"Ténosynovite chronique sténosante du pouce [de Quervain] - "" Siège non précisé """,false,false,true,false,false,,inconnu_atih,OWL_ANS,emissible,2196
M65.8,XIII,XIII/M65.8.md,Autres synovites et ténosynovites,true,false,true,false,true,0,codable,OWL_ANS,emissible,2565
M65.80,XIII,XIII/M65.80.md,"Autres synovites et ténosynovites - "" Sièges multiples """,true,false,true,false,false,0,codable,OWL_ANS,emissible,2282
M65.81,XIII,XIII/M65.81.md,"Autres synovites et ténosynovites - "" Région scapulaire """,true,true,true,false,false,0,codable,OWL_ANS,emissible,2569
M65.82,XIII,XIII/M65.82.md,"Autres synovites et ténosynovites - "" Bras """,true,true,true,false,false,0,codable,OWL_ANS,emissible,2384
M65.83,XIII,XIII/M65.83.md,"Autres synovites et ténosynovites - "" Avant-bras """,true,true,true,false,false,0,codable,OWL_ANS,emissible,2410
M65.84,XIII,XIII/M65.84.md,"Autres synovites et ténosynovites - "" Main """,true,true,true,false,false,0,codable,OWL_ANS,emissible,2428
M65.85,XIII,XIII/M65.85.md,"Autres synovites et ténosynovites - "" Région pelvienne et cuisse """,true,true,true,false,false,0,codable,OWL_ANS,emissible,2498
M65.86,XIII,XIII/M65.86.md,"Autres synovites et ténosynovites - "" Jambe """,true,true,true,false,false,0,codable,OWL_ANS,emissible,2397
M65.87,XIII,XIII/M65.87.md,"Autres synovites et ténosynovites - "" Cheville et pied """,true,true,true,false,false,0,codable,OWL_ANS,emissible,2504
M65.88,XIII,XIII/M65.88.md,"Autres synovites et ténosynovites - "" Autres """,true,true,true,false,false,0,codable,OWL_ANS,emissible,2426
M65.89,XIII,XIII/M65.89.md,"Autres synovites et ténosynovites - "" Siège non précisé """,true,false,true,false,false,0,codable,OWL_ANS,emissible,2283
M65.9,XIII,XIII/M65.9.md,"Synovite et ténosynovite, sans précision",false,false,true,false,true,0,codable,OWL_ANS,emissible,2485
M65.90,XIII,XIII/M65.90.md,"Synovite et ténosynovite, sans précision - "" Sièges multiples """,false,false,true,false,false,0,codable,OWL_ANS,emissible,2194
M65.91,XIII,XIII/M65.91.md,"Synovite et ténosynovite, sans précision - "" Région scapulaire """,false,true,true,false,false,0,codable,OWL_ANS,emissible,2481
M65.92,XIII,XIII/M65.92.md,"Synovite et ténosynovite, sans précision - "" Bras """,false,true,true,false,false,0,codable,OWL_ANS,emissible,2296
M65.93,XIII,XIII/M65.93.md,"Synovite et ténosynovite, sans précision - "" Avant-bras """,false,true,true,false,false,0,codable,OWL_ANS,emissible,2322
M65.94,XIII,XIII/M65.94.md,"Synovite et ténosynovite, sans précision - "" Main """,false,true,true,false,false,0,codable,OWL_ANS,emissible,2340
M65.95,XIII,XIII/M65.95.md,"Synovite et ténosynovite, sans précision - "" Région pelvienne et cuisse """,false,true,true,false,false,0,codable,OWL_ANS,emissible,2410
M65.96,XIII,XIII/M65.96.md,"Synovite et ténosynovite, sans précision - "" Jambe """,false,true,true,false,false,0,codable,OWL_ANS,emissible,2309
M65.97,XIII,XIII/M65.97.md,"Synovite et ténosynovite, sans précision - "" Cheville et pied """,false,true,true,false,false,0,codable,OWL_ANS,emissible,2416
M65.98,XIII,XIII/M65.98.md,"Synovite et ténosynovite, sans précision - "" Autres """,false,true,true,false,false,0,codable,OWL_ANS,emissible,2338
M65.99,XIII,XIII/M65.99.md,"Synovite et ténosynovite, sans précision - "" Siège non précisé """,false,false,true,false,false,0,codable,OWL_ANS,emissible,2195
M66.0,XIII,XIII/M66.0.md,Déchirure d'un kyste poplité,true,false,true,false,true,0,codable,OWL_ANS,emissible,2303
M66.00,XIII,XIII/M66.00.md,"Déchirure d'un kyste poplité - "" Sièges multiples """,true,false,true,false,false,3,supprime,OWL_ANS,emissible,2277
M66.01,XIII,XIII/M66.01.md,"Déchirure d'un kyste poplité - "" Région scapulaire """,true,true,true,false,false,,inconnu_atih,OWL_ANS,emissible,2556
M66.02,XIII,XIII/M66.02.md,"Déchirure d'un kyste poplité - "" Bras """,true,true,true,false,false,,inconnu_atih,OWL_ANS,emissible,2371
M66.03,XIII,XIII/M66.03.md,"Déchirure d'un kyste poplité - "" Avant-bras """,true,true,true,false,false,,inconnu_atih,OWL_ANS,emissible,2397
M66.04,XIII,XIII/M66.04.md,"Déchirure d'un kyste poplité - "" Main """,true,true,true,false,false,,inconnu_atih,OWL_ANS,emissible,2415
M66.05,XIII,XIII/M66.05.md,"Déchirure d'un kyste poplité - "" Région pelvienne et cuisse """,true,true,true,false,false,,inconnu_atih,OWL_ANS,emissible,2485
M66.06,XIII,XIII/M66.06.md,"Déchirure d'un kyste poplité - "" Jambe """,true,true,true,false,false,0,codable,OWL_ANS,emissible,2399
M66.07,XIII,XIII/M66.07.md,"Déchirure d'un kyste poplité - "" Cheville et pied """,true,true,true,false,false,,inconnu_atih,OWL_ANS,emissible,2491
M66.08,XIII,XIII/M66.08.md,"Déchirure d'un kyste poplité - "" Autres """,true,true,true,false,false,,inconnu_atih,OWL_ANS,emissible,2413
M66.09,XIII,XIII/M66.09.md,"Déchirure d'un kyste poplité - "" Siège non précisé """,true,false,true,false,false,,inconnu_atih,OWL_ANS,emissible,2270
M66.1,XIII,XIII/M66.1.md,Déchirure de la synoviale,true,false,true,false,true,0,codable,OWL_ANS,emissible,2474
M66.10,XIII,XIII/M66.10.md,"Déchirure de la synoviale - "" Sièges multiples """,true,false,true,false,false,0,codable,OWL_ANS,emissible,2361
M66.11,XIII,XIII/M66.11.md,"Déchirure de la synoviale - "" Région scapulaire """,true,true,true,false,false,0,codable,OWL_ANS,emissible,2648
M66.12,XIII,XIII/M66.12.md,"Déchirure de la synoviale - "" Bras """,true,true,true,false,false,0,codable,OWL_ANS,emissible,2463
M66.13,XIII,XIII/M66.13.md,"Déchirure de la synoviale - "" Avant-bras """,true,true,true,false,true,0,codable,OWL_ANS,emissible,2586
M66.14,XIII,XIII/M66.14.md,"Déchirure de la synoviale - "" Main """,true,true,true,false,true,0,codable,OWL_ANS,emissible,2604
M66.15,XIII,XIII/M66.15.md,"Déchirure de la synoviale - "" Région pelvienne et cuisse """,true,true,true,false,false,0,codable,OWL_ANS,emissible,2577
M66.16,XIII,XIII/M66.16.md,"Déchirure de la synoviale - "" Jambe """,true,true,true,false,false,,inconnu_atih,OWL_ANS,emissible,2461
M66.17,XIII,XIII/M66.17.md,"Déchirure de la synoviale - "" Cheville et pied """,true,true,true,false,true,0,codable,OWL_ANS,emissible,2683
M66.18,XIII,XIII/M66.18.md,"Déchirure de la synoviale - "" Autres """,true,true,true,false,false,0,codable,OWL_ANS,emissible,2505
M66.19,XIII,XIII/M66.19.md,"Déchirure de la synoviale - "" Siège non précisé """,true,false,true,false,false,0,codable,OWL_ANS,emissible,2362
M66.2,XIII,XIII/M66.2.md,Déchirure spontanée des tendons extenseurs,true,false,true,false,false,0,codable,OWL_ANS,emissible,2250
M66.20,XIII,XIII/M66.20.md,"Déchirure spontanée des tendons extenseurs - "" Sièges multiples """,true,false,true,false,false,0,codable,OWL_ANS,emissible,2298
M66.21,XIII,XIII/M66.21.md,"Déchirure spontanée des tendons extenseurs - "" Région scapulaire """,true,true,true,false,false,0,codable,OWL_ANS,emissible,2585
M66.22,XIII,XIII/M66.22.md,"Déchirure spontanée des tendons extenseurs - "" Bras """,true,true,true,false,false,0,codable,OWL_ANS,emissible,2400
M66.23,XIII,XIII/M66.23.md,"Déchirure spontanée des tendons extenseurs - "" Avant-bras """,true,true,true,false,false,0,codable,OWL_ANS,emissible,2426
M66.24,XIII,XIII/M66.24.md,"Déchirure spontanée des tendons extenseurs - "" Main """,true,true,true,false,true,0,codable,OWL_ANS,emissible,2538
M66.25,XIII,XIII/M66.25.md,"Déchirure spontanée des tendons extenseurs - "" Région pelvienne et cuisse """,true,true,true,false,false,0,codable,OWL_ANS,emissible,2514
M66.26,XIII,XIII/M66.26.md,"Déchirure spontanée des tendons extenseurs - "" Jambe """,true,true,true,false,false,0,codable,OWL_ANS,emissible,2413
M66.27,XIII,XIII/M66.27.md,"Déchirure spontanée des tendons extenseurs - "" Cheville et pied """,true,true,true,false,false,0,codable,OWL_ANS,emissible,2520
M66.28,XIII,XIII/M66.28.md,"Déchirure spontanée des tendons extenseurs - "" Autres """,true,true,true,false,false,0,codable,OWL_ANS,emissible,2442
M66.29,XIII,XIII/M66.29.md,"Déchirure spontanée des tendons extenseurs - "" Siège non précisé """,true,false,true,false,false,0,codable,OWL_ANS,emissible,2299
M66.3,XIII,XIII/M66.3.md,Déchirure spontanée des tendons fléchisseurs,true,false,true,false,false,0,codable,OWL_ANS,emissible,2252
M66.30,XIII,XIII/M66.30.md,"Déchirure spontanée des tendons fléchisseurs - "" Sièges multiples """,true,false,true,false,false,0,codable,OWL_ANS,emissible,2300
M66.31,XIII,XIII/M66.31.md,"Déchirure spontanée des tendons fléchisseurs - "" Région scapulaire """,true,true,true,false,false,0,codable,OWL_ANS,emissible,2587
M66.32,XIII,XIII/M66.32.md,"Déchirure spontanée des tendons fléchisseurs - "" Bras """,true,true,true,false,false,0,codable,OWL_ANS,emissible,2402
M66.33,XIII,XIII/M66.33.md,"Déchirure spontanée des tendons fléchisseurs - "" Avant-bras """,true,true,true,false,false,0,codable,OWL_ANS,emissible,2428
M66.34,XIII,XIII/M66.34.md,"Déchirure spontanée des tendons fléchisseurs - "" Main """,true,true,true,false,true,0,codable,OWL_ANS,emissible,2542
M66.35,XIII,XIII/M66.35.md,"Déchirure spontanée des tendons fléchisseurs - "" Région pelvienne et cuisse """,true,true,true,false,false,0,codable,OWL_ANS,emissible,2516
M66.36,XIII,XIII/M66.36.md,"Déchirure spontanée des tendons fléchisseurs - "" Jambe """,true,true,true,false,false,0,codable,OWL_ANS,emissible,2415
M66.37,XIII,XIII/M66.37.md,"Déchirure spontanée des tendons fléchisseurs - "" Cheville et pied """,true,true,true,false,false,0,codable,OWL_ANS,emissible,2522
M66.38,XIII,XIII/M66.38.md,"Déchirure spontanée des tendons fléchisseurs - "" Autres """,true,true,true,false,false,0,codable,OWL_ANS,emissible,2444
M66.39,XIII,XIII/M66.39.md,"Déchirure spontanée des tendons fléchisseurs - "" Siège non précisé """,true,false,true,false,false,0,codable,OWL_ANS,emissible,2301
M66.4,XIII,XIII/M66.4.md,Déchirure spontanée d'autres tendons,true,false,true,false,true,0,codable,OWL_ANS,emissible,2427
M66.40,XIII,XIII/M66.40.md,"Déchirure spontanée d'autres tendons - "" Sièges multiples """,true,false,true,false,false,0,codable,OWL_ANS,emissible,2292
M66.41,XIII,XIII/M66.41.md,"Déchirure spontanée d'autres tendons - "" Région scapulaire """,true,true,true,false,false,0,codable,OWL_ANS,emissible,2579
M66.42,XIII,XIII/M66.42.md,"Déchirure spontanée d'autres tendons - "" Bras """,true,true,true,false,false,0,codable,OWL_ANS,emissible,2394
M66.43,XIII,XIII/M66.43.md,"Déchirure spontanée d'autres tendons - "" Avant-bras """,true,true,true,false,false,0,codable,OWL_ANS,emissible,2420
M66.44,XIII,XIII/M66.44.md,"Déchirure spontanée d'autres tendons - "" Main """,true,true,true,false,false,0,codable,OWL_ANS,emissible,2438
M66.45,XIII,XIII/M66.45.md,"Déchirure spontanée d'autres tendons - "" Région pelvienne et cuisse """,true,true,true,false,false,0,codable,OWL_ANS,emissible,2508
M66.46,XIII,XIII/M66.46.md,"Déchirure spontanée d'autres tendons - "" Jambe """,true,true,true,false,false,0,codable,OWL_ANS,emissible,2407
M66.47,XIII,XIII/M66.47.md,"Déchirure spontanée d'autres tendons - "" Cheville et pied """,true,true,true,false,true,0,codable,OWL_ANS,emissible,2594
M66.48,XIII,XIII/M66.48.md,"Déchirure spontanée d'autres tendons - "" Autres """,true,true,true,false,false,0,codable,OWL_ANS,emissible,2436
M66.49,XIII,XIII/M66.49.md,"Déchirure spontanée d'autres tendons - "" Siège non précisé """,true,false,true,false,false,0,codable,OWL_ANS,emissible,2293
M66.5,XIII,XIII/M66.5.md,"Déchirure spontanée d'un tendon, sans précision",true,false,true,false,true,0,codable,OWL_ANS,emissible,2457
M66.50,XIII,XIII/M66.50.md,"Déchirure spontanée d'un tendon, sans précision - "" Sièges multiples """,true,false,true,false,false,0,codable,OWL_ANS,emissible,2377
M66.51,XIII,XIII/M66.51.md,"Déchirure spontanée d'un tendon, sans précision - "" Région scapulaire """,true,true,true,false,false,0,codable,OWL_ANS,emissible,2664
M66.52,XIII,XIII/M66.52.md,"Déchirure spontanée d'un tendon, sans précision - "" Bras """,true,true,true,false,true,0,codable,OWL_ANS,emissible,2564
M66.53,XIII,XIII/M66.53.md,"Déchirure spontanée d'un tendon, sans précision - "" Avant-bras """,true,true,true,false,true,0,codable,OWL_ANS,emissible,2648
M66.54,XIII,XIII/M66.54.md,"Déchirure spontanée d'un tendon, sans précision - "" Main """,true,true,true,false,false,0,codable,OWL_ANS,emissible,2523
M66.55,XIII,XIII/M66.55.md,"Déchirure spontanée d'un tendon, sans précision - "" Région pelvienne et cuisse """,true,true,true,false,false,0,codable,OWL_ANS,emissible,2593
M66.56,XIII,XIII/M66.56.md,"Déchirure spontanée d'un tendon, sans précision - "" Jambe """,true,true,true,false,true,0,codable,OWL_ANS,emissible,2575
M66.57,XIII,XIII/M66.57.md,"Déchirure spontanée d'un tendon, sans précision - "" Cheville et pied """,true,true,true,false,false,0,codable,OWL_ANS,emissible,2599
M66.58,XIII,XIII/M66.58.md,"Déchirure spontanée d'un tendon, sans précision - "" Autres """,true,true,true,false,false,0,codable,OWL_ANS,emissible,2521
M66.59,XIII,XIII/M66.59.md,"Déchirure spontanée d'un tendon, sans précision - "" Siège non précisé """,true,false,true,false,false,0,codable,OWL_ANS,emissible,2378
M67.0,XIII,XIII/M67.0.md,Brièveté du tendon d'Achille (acquise),false,false,true,false,true,0,codable,OWL_ANS,emissible,2103
M67.00,XIII,XIII/M67.00.md,"Brièveté du tendon d'Achille (acquise) - "" Sièges multiples """,false,false,true,false,false,,inconnu_atih,OWL_ANS,emissible,2037
M67.01,XIII,XIII/M67.01.md,"Brièveté du tendon d'Achille (acquise) - "" Région scapulaire """,true,false,true,false,false,,inconnu_atih,OWL_ANS,emissible,2213
M67.02,XIII,XIII/M67.02.md,"Brièveté du tendon d'Achille (acquise) - "" Bras """,true,false,true,false,false,,inconnu_atih,OWL_ANS,emissible,2111
M67.03,XIII,XIII/M67.03.md,"Brièveté du tendon d'Achille (acquise) - "" Avant-bras """,true,false,true,false,false,,inconnu_atih,OWL_ANS,emissible,2128
M67.04,XIII,XIII/M67.04.md,"Brièveté du tendon d'Achille (acquise) - "" Main """,true,false,true,false,false,,inconnu_atih,OWL_ANS,emissible,2135
M67.05,XIII,XIII/M67.05.md,"Brièveté du tendon d'Achille (acquise) - "" Région pelvienne et cuisse """,true,false,true,false,false,,inconnu_atih,OWL_ANS,emissible,2182
M67.06,XIII,XIII/M67.06.md,"Brièveté du tendon d'Achille (acquise) - "" Jambe """,true,false,true,false,false,,inconnu_atih,OWL_ANS,emissible,2119
M67.07,XIII,XIII/M67.07.md,"Brièveté du tendon d'Achille (acquise) - "" Cheville et pied """,true,false,true,false,false,,inconnu_atih,OWL_ANS,emissible,2180
M67.08,XIII,XIII/M67.08.md,"Brièveté du tendon d'Achille (acquise) - "" Autres """,true,false,true,false,false,,inconnu_atih,OWL_ANS,emissible,2137
M67.09,XIII,XIII/M67.09.md,"Brièveté du tendon d'Achille (acquise) - "" Siège non précisé """,false,false,true,false,false,,inconnu_atih,OWL_ANS,emissible,2038
M67.1,XIII,XIII/M67.1.md,Autres rétractions tendineuses (gaine),false,false,true,false,true,0,codable,OWL_ANS,emissible,2694
M67.10,XIII,XIII/M67.10.md,"Autres rétractions tendineuses (gaine) - "" Sièges multiples """,false,false,true,false,false,,inconnu_atih,OWL_ANS,emissible,2072
M67.11,XIII,XIII/M67.11.md,"Autres rétractions tendineuses (gaine) - "" Région scapulaire """,true,false,true,false,false,,inconnu_atih,OWL_ANS,emissible,2248
M67.12,XIII,XIII/M67.12.md,"Autres rétractions tendineuses (gaine) - "" Bras """,true,false,true,false,false,,inconnu_atih,OWL_ANS,emissible,2146
M67.13,XIII,XIII/M67.13.md,"Autres rétractions tendineuses (gaine) - "" Avant-bras """,true,false,true,false,false,,inconnu_atih,OWL_ANS,emissible,2163
M67.14,XIII,XIII/M67.14.md,"Autres rétractions tendineuses (gaine) - "" Main """,true,false,true,false,false,,inconnu_atih,OWL_ANS,emissible,2170
M67.15,XIII,XIII/M67.15.md,"Autres rétractions tendineuses (gaine) - "" Région pelvienne et cuisse """,true,false,true,false,false,,inconnu_atih,OWL_ANS,emissible,2217
M67.16,XIII,XIII/M67.16.md,"Autres rétractions tendineuses (gaine) - "" Jambe """,true,false,true,false,false,,inconnu_atih,OWL_ANS,emissible,2154
M67.17,XIII,XIII/M67.17.md,"Autres rétractions tendineuses (gaine) - "" Cheville et pied """,true,false,true,false,false,,inconnu_atih,OWL_ANS,emissible,2215
M67.18,XIII,XIII/M67.18.md,"Autres rétractions tendineuses (gaine) - "" Autres """,true,false,true,false,false,,inconnu_atih,OWL_ANS,emissible,2172
M67.19,XIII,XIII/M67.19.md,"Autres rétractions tendineuses (gaine) - "" Siège non précisé """,false,false,true,false,false,,inconnu_atih,OWL_ANS,emissible,2073
M67.2,XIII,XIII/M67.2.md,"Hypertrophie synoviale, non classée ailleurs",false,false,true,false,false,0,codable,OWL_ANS,emissible,2095
M67.20,XIII,XIII/M67.20.md,"Hypertrophie synoviale, non classée ailleurs - "" Sièges multiples """,false,false,true,false,false,,inconnu_atih,OWL_ANS,emissible,2089
M67.21,XIII,XIII/M67.21.md,"Hypertrophie synoviale, non classée ailleurs - "" Région scapulaire """,true,false,true,false,false,,inconnu_atih,OWL_ANS,emissible,2265
M67.22,XIII,XIII/M67.22.md,"Hypertrophie synoviale, non classée ailleurs - "" Bras """,true,false,true,false,false,,inconnu_atih,OWL_ANS,emissible,2163
M67.23,XIII,XIII/M67.23.md,"Hypertrophie synoviale, non classée ailleurs - "" Avant-bras """,true,false,true,false,false,,inconnu_atih,OWL_ANS,emissible,2180
M67.24,XIII,XIII/M67.24.md,"Hypertrophie synoviale, non classée ailleurs - "" Main """,true,false,true,false,false,,inconnu_atih,OWL_ANS,emissible,2187
M67.25,XIII,XIII/M67.25.md,"Hypertrophie synoviale, non classée ailleurs - "" Région pelvienne et cuisse """,true,false,true,false,false,,inconnu_atih,OWL_ANS,emissible,2234
M67.26,XIII,XIII/M67.26.md,"Hypertrophie synoviale, non classée ailleurs - "" Jambe """,true,false,true,false,false,,inconnu_atih,OWL_ANS,emissible,2171
M67.27,XIII,XIII/M67.27.md,"Hypertrophie synoviale, non classée ailleurs - "" Cheville et pied """,true,false,true,false,false,,inconnu_atih,OWL_ANS,emissible,2232
M67.28,XIII,XIII/M67.28.md,"Hypertrophie synoviale, non classée ailleurs - "" Autres """,true,false,true,false,false,,inconnu_atih,OWL_ANS,emissible,2189
M67.29,XIII,XIII/M67.29.md,"Hypertrophie synoviale, non classée ailleurs - "" Siège non précisé """,false,false,true,false,false,,inconnu_atih,OWL_ANS,emissible,2090
M67.3,XIII,XIII/M67.3.md,Synovite transitoire,true,false,true,false,true,0,codable,OWL_ANS,emissible,2211
M67.30,XIII,XIII/M67.30.md,"Synovite transitoire - "" Sièges multiples """,true,false,true,false,false,,inconnu_atih,OWL_ANS,emissible,2147
M67.31,XIII,XIII/M67.31.md,"Synovite transitoire - "" Région scapulaire """,true,false,true,false,false,,inconnu_atih,OWL_ANS,emissible,2292
M67.32,XIII,XIII/M67.32.md,"Synovite transitoire - "" Bras """,true,false,true,false,false,,inconnu_atih,OWL_ANS,emissible,2190
M67.33,XIII,XIII/M67.33.md,"Synovite transitoire - "" Avant-bras """,true,false,true,false,false,,inconnu_atih,OWL_ANS,emissible,2207
M67.34,XIII,XIII/M67.34.md,"Synovite transitoire - "" Main """,true,false,true,false,false,,inconnu_atih,OWL_ANS,emissible,2214
M67.35,XIII,XIII/M67.35.md,"Synovite transitoire - "" Région pelvienne et cuisse """,true,false,true,false,false,,inconnu_atih,OWL_ANS,emissible,2261
M67.36,XIII,XIII/M67.36.md,"Synovite transitoire - "" Jambe """,true,false,true,false,false,,inconnu_atih,OWL_ANS,emissible,2198
M67.37,XIII,XIII/M67.37.md,"Synovite transitoire - "" Cheville et pied """,true,false,true,false,false,,inconnu_atih,OWL_ANS,emissible,2259
M67.38,XIII,XIII/M67.38.md,"Synovite transitoire - "" Autres """,true,false,true,false,false,,inconnu_atih,OWL_ANS,emissible,2216
M67.39,XIII,XIII/M67.39.md,"Synovite transitoire - "" Siège non précisé """,true,false,true,false,false,,inconnu_atih,OWL_ANS,emissible,2148
M67.4,XIII,XIII/M67.4.md,Kyste,true,false,true,false,true,0,codable,OWL_ANS,emissible,2287
M67.40,XIII,XIII/M67.40.md,"Kyste - "" Sièges multiples """,true,false,true,false,false,,inconnu_atih,OWL_ANS,emissible,2216
M67.41,XIII,XIII/M67.41.md,"Kyste - "" Région scapulaire """,true,false,true,false,false,,inconnu_atih,OWL_ANS,emissible,2361
M67.42,XIII,XIII/M67.42.md,"Kyste - "" Bras """,true,false,true,false,false,,inconnu_atih,OWL_ANS,emissible,2259
M67.43,XIII,XIII/M67.43.md,"Kyste - "" Avant-bras """,true,false,true,false,false,,inconnu_atih,OWL_ANS,emissible,2276
M67.44,XIII,XIII/M67.44.md,"Kyste - "" Main """,true,false,true,false,false,,inconnu_atih,OWL_ANS,emissible,2283
M67.45,XIII,XIII/M67.45.md,"Kyste - "" Région pelvienne et cuisse """,true,false,true,false,false,,inconnu_atih,OWL_ANS,emissible,2330
M67.46,XIII,XIII/M67.46.md,"Kyste - "" Jambe """,true,false,true,false,false,,inconnu_atih,OWL_ANS,emissible,2267
M67.47,XIII,XIII/M67.47.md,"Kyste - "" Cheville et pied """,true,false,true,false,false,,inconnu_atih,OWL_ANS,emissible,2328
M67.48,XIII,XIII/M67.48.md,"Kyste - "" Autres """,true,false,true,false,false,,inconnu_atih,OWL_ANS,emissible,2285
M67.49,XIII,XIII/M67.49.md,"Kyste - "" Siège non précisé """,true,false,true,false,false,,inconnu_atih,OWL_ANS,emissible,2217
M67.8,XIII,XIII/M67.8.md,Autres atteintes précisées de la synoviale et du tendon,false,false,true,false,true,0,codable,OWL_ANS,emissible,2524
M67.80,XIII,XIII/M67.80.md,"Autres atteintes précisées de la synoviale et du tendon - "" Sièges multiples """,false,false,true,false,false,,inconnu_atih,OWL_ANS,emissible,2054
M67.81,XIII,XIII/M67.81.md,"Autres atteintes précisées de la synoviale et du tendon - "" Région scapulaire """,true,false,true,false,false,,inconnu_atih,OWL_ANS,emissible,2230
M67.82,XIII,XIII/M67.82.md,"Autres atteintes précisées de la synoviale et du tendon - "" Bras """,true,false,true,false,false,,inconnu_atih,OWL_ANS,emissible,2128
M67.83,XIII,XIII/M67.83.md,"Autres atteintes précisées de la synoviale et du tendon - "" Avant-bras """,true,false,true,false,false,,inconnu_atih,OWL_ANS,emissible,2145
M67.84,XIII,XIII/M67.84.md,"Autres atteintes précisées de la synoviale et du tendon - "" Main """,true,false,true,false,false,,inconnu_atih,OWL_ANS,emissible,2152
M67.85,XIII,XIII/M67.85.md,"Autres atteintes précisées de la synoviale et du tendon - "" Région pelvienne et cuisse """,true,false,true,false,false,,inconnu_atih,OWL_ANS,emissible,2199
M67.86,XIII,XIII/M67.86.md,"Autres atteintes précisées de la synoviale et du tendon - "" Jambe """,true,false,true,false,false,,inconnu_atih,OWL_ANS,emissible,2136
M67.87,XIII,XIII/M67.87.md,"Autres atteintes précisées de la synoviale et du tendon - "" Cheville et pied """,true,false,true,false,false,,inconnu_atih,OWL_ANS,emissible,2197
M67.88,XIII,XIII/M67.88.md,"Autres atteintes précisées de la synoviale et du tendon - "" Autres """,true,false,true,false,false,,inconnu_atih,OWL_ANS,emissible,2154
M67.89,XIII,XIII/M67.89.md,"Autres atteintes précisées de la synoviale et du tendon - "" Siège non précisé """,false,false,true,false,false,,inconnu_atih,OWL_ANS,emissible,2055
M67.9,XIII,XIII/M67.9.md,"Atteinte de la synoviale et du tendon, sans précision",false,false,true,false,true,0,codable,OWL_ANS,emissible,2194
M67.90,XIII,XIII/M67.90.md,"Atteinte de la synoviale et du tendon, sans précision - "" Sièges multiples """,false,false,true,false,false,,inconnu_atih,OWL_ANS,emissible,2052
M67.91,XIII,XIII/M67.91.md,"Atteinte de la synoviale et du tendon, sans précision - "" Région scapulaire """,true,false,true,false,false,,inconnu_atih,OWL_ANS,emissible,2228
M67.92,XIII,XIII/M67.92.md,"Atteinte de la synoviale et du tendon, sans précision - "" Bras """,true,false,true,false,false,,inconnu_atih,OWL_ANS,emissible,2126
M67.93,XIII,XIII/M67.93.md,"Atteinte de la synoviale et du tendon, sans précision - "" Avant-bras """,true,false,true,false,false,,inconnu_atih,OWL_ANS,emissible,2143
M67.94,XIII,XIII/M67.94.md,"Atteinte de la synoviale et du tendon, sans précision - "" Main """,true,false,true,false,false,,inconnu_atih,OWL_ANS,emissible,2150
M67.95,XIII,XIII/M67.95.md,"Atteinte de la synoviale et du tendon, sans précision - "" Région pelvienne et cuisse """,true,false,true,false,false,,inconnu_atih,OWL_ANS,emissible,2197
M67.96,XIII,XIII/M67.96.md,"Atteinte de la synoviale et du tendon, sans précision - "" Jambe """,true,false,true,false,false,,inconnu_atih,OWL_ANS,emissible,2134
M67.97,XIII,XIII/M67.97.md,"Atteinte de la synoviale et du tendon, sans précision - "" Cheville et pied """,true,false,true,false,false,,inconnu_atih,OWL_ANS,emissible,2195
M67.98,XIII,XIII/M67.98.md,"Atteinte de la synoviale et du tendon, sans précision - "" Autres """,true,false,true,false,false,,inconnu_atih,OWL_ANS,emissible,2152
M67.99,XIII,XIII/M67.99.md,"Atteinte de la synoviale et du tendon, sans précision - "" Siège non précisé """,false,false,true,false,false,,inconnu_atih,OWL_ANS,emissible,2053
M68.0,XIII,XIII/M68.0.md,Synovite et ténosynovite au cours de maladies bactériennes classées ailleurs,true,false,true,false,true,0,codable,OWL_ANS,emissible,2189
M68.00,XIII,XIII/M68.00.md,"Synovite et ténosynovite au cours de maladies bactériennes classées ailleurs - "" Sièges multiples """,true,false,true,false,false,,inconnu_atih,OWL_ANS,emissible,2075
M68.01,XIII,XIII/M68.01.md,"Synovite et ténosynovite au cours de maladies bactériennes classées ailleurs - "" Région scapulaire """,true,false,true,false,false,,inconnu_atih,OWL_ANS,emissible,2220
M68.02,XIII,XIII/M68.02.md,"Synovite et ténosynovite au cours de maladies bactériennes classées ailleurs - "" Bras """,true,false,true,false,false,,inconnu_atih,OWL_ANS,emissible,2118
M68.03,XIII,XIII/M68.03.md,"Synovite et ténosynovite au cours de maladies bactériennes classées ailleurs - "" Avant-bras """,true,false,true,false,false,,inconnu_atih,OWL_ANS,emissible,2135
M68.04,XIII,XIII/M68.04.md,"Synovite et ténosynovite au cours de maladies bactériennes classées ailleurs - "" Main """,true,false,true,false,false,,inconnu_atih,OWL_ANS,emissible,2142
M68.05,XIII,XIII/M68.05.md,"Synovite et ténosynovite au cours de maladies bactériennes classées ailleurs - "" Région pelvienne et cuisse """,true,false,true,false,false,,inconnu_atih,OWL_ANS,emissible,2189
M68.06,XIII,XIII/M68.06.md,"Synovite et ténosynovite au cours de maladies bactériennes classées ailleurs - "" Jambe """,true,false,true,false,false,,inconnu_atih,OWL_ANS,emissible,2126
M68.07,XIII,XIII/M68.07.md,"Synovite et ténosynovite au cours de maladies bactériennes classées ailleurs - "" Cheville et pied """,true,false,true,false,false,,inconnu_atih,OWL_ANS,emissible,2187
M68.08,XIII,XIII/M68.08.md,"Synovite et ténosynovite au cours de maladies bactériennes classées ailleurs - "" Autres """,true,false,true,false,false,,inconnu_atih,OWL_ANS,emissible,2144
M68.09,XIII,XIII/M68.09.md,"Synovite et ténosynovite au cours de maladies bactériennes classées ailleurs - "" Siège non précisé """,true,false,true,false,false,,inconnu_atih,OWL_ANS,emissible,2076
M68.8,XIII,XIII/M68.8.md,Autres atteintes de la synoviale et du tendon au cours de maladies classées ailleurs,false,false,true,false,true,0,codable,OWL_ANS,emissible,2176
M68.80,XIII,XIII/M68.80.md,"Autres atteintes de la synoviale et du tendon au cours de maladies classées ailleurs - "" Sièges multiples """,false,false,true,false,false,,inconnu_atih,OWL_ANS,emissible,1904
M68.81,XIII,XIII/M68.81.md,"Autres atteintes de la synoviale et du tendon au cours de maladies classées ailleurs - "" Région scapulaire """,true,false,true,false,false,,inconnu_atih,OWL_ANS,emissible,2080
M68.82,XIII,XIII/M68.82.md,"Autres atteintes de la synoviale et du tendon au cours de maladies classées ailleurs - "" Bras """,true,false,true,false,false,,inconnu_atih,OWL_ANS,emissible,1978
M68.83,XIII,XIII/M68.83.md,"Autres atteintes de la synoviale et du tendon au cours de maladies classées ailleurs - "" Avant-bras """,true,false,true,false,false,,inconnu_atih,OWL_ANS,emissible,1995
M68.84,XIII,XIII/M68.84.md,"Autres atteintes de la synoviale et du tendon au cours de maladies classées ailleurs - "" Main """,true,false,true,false,false,,inconnu_atih,OWL_ANS,emissible,2002
M68.85,XIII,XIII/M68.85.md,"Autres atteintes de la synoviale et du tendon au cours de maladies classées ailleurs - "" Région pelvienne et cuisse """,true,false,true,false,false,,inconnu_atih,OWL_ANS,emissible,2049
M68.86,XIII,XIII/M68.86.md,"Autres atteintes de la synoviale et du tendon au cours de maladies classées ailleurs - "" Jambe """,true,false,true,false,false,,inconnu_atih,OWL_ANS,emissible,1986
M68.87,XIII,XIII/M68.87.md,"Autres atteintes de la synoviale et du tendon au cours de maladies classées ailleurs - "" Cheville et pied """,true,false,true,false,false,,inconnu_atih,OWL_ANS,emissible,2047
M68.88,XIII,XIII/M68.88.md,"Autres atteintes de la synoviale et du tendon au cours de maladies classées ailleurs - "" Autres """,true,false,true,false,false,,inconnu_atih,OWL_ANS,emissible,2004
M68.89,XIII,XIII/M68.89.md,"Autres atteintes de la synoviale et du tendon au cours de maladies classées ailleurs - "" Siège non précisé """,false,false,true,false,false,,inconnu_atih,OWL_ANS,emissible,1905
M70.0,XIII,XIII/M70.0.md,Synovite sèche de la main et du poignet,true,false,true,false,true,0,codable,OWL_ANS,emissible,2198
M70.00,XIII,XIII/M70.00.md,"Synovite sèche de la main et du poignet - "" Sièges multiples """,true,false,true,false,false,0,codable,OWL_ANS,emissible,2189
M70.01,XIII,XIII/M70.01.md,"Synovite sèche de la main et du poignet - "" Région scapulaire """,true,true,true,false,false,,inconnu_atih,OWL_ANS,emissible,2461
M70.02,XIII,XIII/M70.02.md,"Synovite sèche de la main et du poignet - "" Bras """,true,true,true,false,false,,inconnu_atih,OWL_ANS,emissible,2276
M70.03,XIII,XIII/M70.03.md,"Synovite sèche de la main et du poignet - "" Avant-bras """,true,true,true,false,false,0,codable,OWL_ANS,emissible,2317
M70.04,XIII,XIII/M70.04.md,"Synovite sèche de la main et du poignet - "" Main """,true,true,true,false,false,0,codable,OWL_ANS,emissible,2335
M70.05,XIII,XIII/M70.05.md,"Synovite sèche de la main et du poignet - "" Région pelvienne et cuisse """,true,true,true,false,false,,inconnu_atih,OWL_ANS,emissible,2390
M70.06,XIII,XIII/M70.06.md,"Synovite sèche de la main et du poignet - "" Jambe """,true,true,true,false,false,,inconnu_atih,OWL_ANS,emissible,2289
M70.07,XIII,XIII/M70.07.md,"Synovite sèche de la main et du poignet - "" Cheville et pied """,true,true,true,false,false,,inconnu_atih,OWL_ANS,emissible,2396
M70.08,XIII,XIII/M70.08.md,"Synovite sèche de la main et du poignet - "" Autres """,true,true,true,false,false,,inconnu_atih,OWL_ANS,emissible,2318
M70.09,XIII,XIII/M70.09.md,"Synovite sèche de la main et du poignet - "" Siège non précisé """,true,false,true,false,false,0,codable,OWL_ANS,emissible,2190
M70.1,XIII,XIII/M70.1.md,Bursite de la main,true,false,true,false,true,0,codable,OWL_ANS,emissible,2221
M70.10,XIII,XIII/M70.10.md,"Bursite de la main - "" Sièges multiples """,true,false,true,false,false,3,supprime,OWL_ANS,emissible,2161
M70.11,XIII,XIII/M70.11.md,"Bursite de la main - "" Région scapulaire """,true,true,true,false,false,,inconnu_atih,OWL_ANS,emissible,2440
M70.12,XIII,XIII/M70.12.md,"Bursite de la main - "" Bras """,true,true,true,false,false,,inconnu_atih,OWL_ANS,emissible,2255
M70.13,XIII,XIII/M70.13.md,"Bursite de la main - "" Avant-bras """,true,true,true,false,false,,inconnu_atih,OWL_ANS,emissible,2281
M70.14,XIII,XIII/M70.14.md,"Bursite de la main - "" Main """,true,true,true,false,false,0,codable,OWL_ANS,emissible,2314
M70.15,XIII,XIII/M70.15.md,"Bursite de la main - "" Région pelvienne et cuisse """,true,true,true,false,false,,inconnu_atih,OWL_ANS,emissible,2369
M70.16,XIII,XIII/M70.16.md,"Bursite de la main - "" Jambe """,true,true,true,false,false,,inconnu_atih,OWL_ANS,emissible,2268
M70.17,XIII,XIII/M70.17.md,"Bursite de la main - "" Cheville et pied """,true,true,true,false,false,,inconnu_atih,OWL_ANS,emissible,2375
M70.18,XIII,XIII/M70.18.md,"Bursite de la main - "" Autres """,true,true,true,false,false,,inconnu_atih,OWL_ANS,emissible,2297
M70.19,XIII,XIII/M70.19.md,"Bursite de la main - "" Siège non précisé """,true,false,true,false,false,,inconnu_atih,OWL_ANS,emissible,2154
M70.2,XIII,XIII/M70.2.md,Bursite olécrânienne,true,false,true,false,true,0,codable,OWL_ANS,emissible,2254
M70.20,XIII,XIII/M70.20.md,"Bursite olécrânienne - "" Sièges multiples """,true,false,true,false,false,3,supprime,OWL_ANS,emissible,2163
M70.21,XIII,XIII/M70.21.md,"Bursite olécrânienne - "" Région scapulaire """,true,true,true,false,false,,inconnu_atih,OWL_ANS,emissible,2442
M70.22,XIII,XIII/M70.22.md,"Bursite olécrânienne - "" Bras """,true,true,true,false,false,0,codable,OWL_ANS,emissible,2272
M70.23,XIII,XIII/M70.23.md,"Bursite olécrânienne - "" Avant-bras """,true,true,true,false,false,,inconnu_atih,OWL_ANS,emissible,2283
M70.24,XIII,XIII/M70.24.md,"Bursite olécrânienne - "" Main """,true,true,true,false,false,,inconnu_atih,OWL_ANS,emissible,2301
M70.25,XIII,XIII/M70.25.md,"Bursite olécrânienne - "" Région pelvienne et cuisse """,true,true,true,false,false,,inconnu_atih,OWL_ANS,emissible,2371
M70.26,XIII,XIII/M70.26.md,"Bursite olécrânienne - "" Jambe """,true,true,true,false,false,,inconnu_atih,OWL_ANS,emissible,2270
M70.27,XIII,XIII/M70.27.md,"Bursite olécrânienne - "" Cheville et pied """,true,true,true,false,false,,inconnu_atih,OWL_ANS,emissible,2377
M70.28,XIII,XIII/M70.28.md,"Bursite olécrânienne - "" Autres """,true,true,true,false,false,,inconnu_atih,OWL_ANS,emissible,2299
M70.29,XIII,XIII/M70.29.md,"Bursite olécrânienne - "" Siège non précisé """,true,false,true,false,false,,inconnu_atih,OWL_ANS,emissible,2156
M70.3,XIII,XIII/M70.3.md,Autres bursites du coude,true,false,true,false,true,0,codable,OWL_ANS,emissible,2263
M70.30,XIII,XIII/M70.30.md,"Autres bursites du coude - "" Sièges multiples """,true,false,true,false,false,3,supprime,OWL_ANS,emissible,2167
M70.31,XIII,XIII/M70.31.md,"Autres bursites du coude - "" Région scapulaire """,true,true,true,false,false,,inconnu_atih,OWL_ANS,emissible,2446
M70.32,XIII,XIII/M70.32.md,"Autres bursites du coude - "" Bras """,true,true,true,false,false,0,codable,OWL_ANS,emissible,2276
M70.33,XIII,XIII/M70.33.md,"Autres bursites du coude - "" Avant-bras """,true,true,true,false,false,,inconnu_atih,OWL_ANS,emissible,2287
M70.34,XIII,XIII/M70.34.md,"Autres bursites du coude - "" Main """,true,true,true,false,false,,inconnu_atih,OWL_ANS,emissible,2305
M70.35,XIII,XIII/M70.35.md,"Autres bursites du coude - "" Région pelvienne et cuisse """,true,true,true,false,false,,inconnu_atih,OWL_ANS,emissible,2375
M70.36,XIII,XIII/M70.36.md,"Autres bursites du coude - "" Jambe """,true,true,true,false,false,,inconnu_atih,OWL_ANS,emissible,2274
M70.37,XIII,XIII/M70.37.md,"Autres bursites du coude - "" Cheville et pied """,true,true,true,false,false,,inconnu_atih,OWL_ANS,emissible,2381
M70.38,XIII,XIII/M70.38.md,"Autres bursites du coude - "" Autres """,true,true,true,false,false,,inconnu_atih,OWL_ANS,emissible,2303
M70.39,XIII,XIII/M70.39.md,"Autres bursites du coude - "" Siège non précisé """,true,false,true,false,false,,inconnu_atih,OWL_ANS,emissible,2160
M70.4,XIII,XIII/M70.4.md,Bursite prépatellaire,true,false,true,false,true,0,codable,OWL_ANS,emissible,2211
M70.40,XIII,XIII/M70.40.md,"Bursite prépatellaire - "" Sièges multiples """,true,false,true,false,false,3,supprime,OWL_ANS,emissible,2164
M70.41,XIII,XIII/M70.41.md,"Bursite prépatellaire - "" Région scapulaire """,true,true,true,false,false,,inconnu_atih,OWL_ANS,emissible,2443
M70.42,XIII,XIII/M70.42.md,"Bursite prépatellaire - "" Bras """,true,true,true,false,false,,inconnu_atih,OWL_ANS,emissible,2258
M70.43,XIII,XIII/M70.43.md,"Bursite prépatellaire - "" Avant-bras """,true,true,true,false,false,,inconnu_atih,OWL_ANS,emissible,2284
M70.44,XIII,XIII/M70.44.md,"Bursite prépatellaire - "" Main """,true,true,true,false,false,,inconnu_atih,OWL_ANS,emissible,2302
M70.45,XIII,XIII/M70.45.md,"Bursite prépatellaire - "" Région pelvienne et cuisse """,true,true,true,false,false,,inconnu_atih,OWL_ANS,emissible,2372
M70.46,XIII,XIII/M70.46.md,"Bursite prépatellaire - "" Jambe """,true,true,true,false,false,0,codable,OWL_ANS,emissible,2286
M70.47,XIII,XIII/M70.47.md,"Bursite prépatellaire - "" Cheville et pied """,true,true,true,false,false,,inconnu_atih,OWL_ANS,emissible,2378
M70.48,XIII,XIII/M70.48.md,"Bursite prépatellaire - "" Autres """,true,true,true,false,false,,inconnu_atih,OWL_ANS,emissible,2300
M70.49,XIII,XIII/M70.49.md,"Bursite prépatellaire - "" Siège non précisé """,true,false,true,false,false,,inconnu_atih,OWL_ANS,emissible,2157
M70.5,XIII,XIII/M70.5.md,Autres bursites du genou,true,false,true,false,true,0,codable,OWL_ANS,emissible,2309
M70.50,XIII,XIII/M70.50.md,"Autres bursites du genou - "" Sièges multiples """,true,false,true,false,false,3,supprime,OWL_ANS,emissible,2167
M70.51,XIII,XIII/M70.51.md,"Autres bursites du genou - "" Région scapulaire """,true,true,true,false,false,,inconnu_atih,OWL_ANS,emissible,2446
M70.52,XIII,XIII/M70.52.md,"Autres bursites du genou - "" Bras """,true,true,true,false,false,,inconnu_atih,OWL_ANS,emissible,2261
M70.53,XIII,XIII/M70.53.md,"Autres bursites du genou - "" Avant-bras """,true,true,true,false,false,,inconnu_atih,OWL_ANS,emissible,2287
M70.54,XIII,XIII/M70.54.md,"Autres bursites du genou - "" Main """,true,true,true,false,false,,inconnu_atih,OWL_ANS,emissible,2305
M70.55,XIII,XIII/M70.55.md,"Autres bursites du genou - "" Région pelvienne et cuisse """,true,true,true,false,false,,inconnu_atih,OWL_ANS,emissible,2375
M70.56,XIII,XIII/M70.56.md,"Autres bursites du genou - "" Jambe """,true,true,true,false,false,0,codable,OWL_ANS,emissible,2289
M70.57,XIII,XIII/M70.57.md,"Autres bursites du genou - "" Cheville et pied """,true,true,true,false,false,,inconnu_atih,OWL_ANS,emissible,2381
M70.58,XIII,XIII/M70.58.md,"Autres bursites du genou - "" Autres """,true,true,true,false,false,,inconnu_atih,OWL_ANS,emissible,2303
M70.59,XIII,XIII/M70.59.md,"Autres bursites du genou - "" Siège non précisé """,true,false,true,false,false,,inconnu_atih,OWL_ANS,emissible,2160
M70.6,XIII,XIII/M70.6.md,Bursite trochantérienne,true,false,true,false,true,0,codable,OWL_ANS,emissible,2268
M70.60,XIII,XIII/M70.60.md,"Bursite trochantérienne - "" Sièges multiples """,true,false,true,false,false,3,supprime,OWL_ANS,emissible,2196
M70.61,XIII,XIII/M70.61.md,"Bursite trochantérienne - "" Région scapulaire """,true,true,true,false,false,,inconnu_atih,OWL_ANS,emissible,2475
M70.62,XIII,XIII/M70.62.md,"Bursite trochantérienne - "" Bras """,true,true,true,false,false,,inconnu_atih,OWL_ANS,emissible,2290
M70.63,XIII,XIII/M70.63.md,"Bursite trochantérienne - "" Avant-bras """,true,true,true,false,false,,inconnu_atih,OWL_ANS,emissible,2316
M70.64,XIII,XIII/M70.64.md,"Bursite trochantérienne - "" Main """,true,true,true,false,false,,inconnu_atih,OWL_ANS,emissible,2334
M70.65,XIII,XIII/M70.65.md,"Bursite trochantérienne - "" Région pelvienne et cuisse """,true,true,true,false,false,0,codable,OWL_ANS,emissible,2419
M70.66,XIII,XIII/M70.66.md,"Bursite trochantérienne - "" Jambe """,true,true,true,false,false,,inconnu_atih,OWL_ANS,emissible,2303
M70.67,XIII,XIII/M70.67.md,"Bursite trochantérienne - "" Cheville et pied """,true,true,true,false,false,,inconnu_atih,OWL_ANS,emissible,2410
M70.68,XIII,XIII/M70.68.md,"Bursite trochantérienne - "" Autres """,true,true,true,false,false,,inconnu_atih,OWL_ANS,emissible,2332
M70.69,XIII,XIII/M70.69.md,"Bursite trochantérienne - "" Siège non précisé """,true,false,true,false,false,,inconnu_atih,OWL_ANS,emissible,2189
M70.7,XIII,XIII/M70.7.md,Autres bursites de la hanche,true,false,true,false,true,0,codable,OWL_ANS,emissible,2283
M70.70,XIII,XIII/M70.70.md,"Autres bursites de la hanche - "" Sièges multiples """,true,false,true,false,false,3,supprime,OWL_ANS,emissible,2192
M70.71,XIII,XIII/M70.71.md,"Autres bursites de la hanche - "" Région scapulaire """,true,true,true,false,false,,inconnu_atih,OWL_ANS,emissible,2471
M70.72,XIII,XIII/M70.72.md,"Autres bursites de la hanche - "" Bras """,true,true,true,false,false,,inconnu_atih,OWL_ANS,emissible,2286
M70.73,XIII,XIII/M70.73.md,"Autres bursites de la hanche - "" Avant-bras """,true,true,true,false,false,,inconnu_atih,OWL_ANS,emissible,2312
M70.74,XIII,XIII/M70.74.md,"Autres bursites de la hanche - "" Main """,true,true,true,false,false,,inconnu_atih,OWL_ANS,emissible,2330
M70.75,XIII,XIII/M70.75.md,"Autres bursites de la hanche - "" Région pelvienne et cuisse """,true,true,true,false,false,0,codable,OWL_ANS,emissible,2415
M70.76,XIII,XIII/M70.76.md,"Autres bursites de la hanche - "" Jambe """,true,true,true,false,false,,inconnu_atih,OWL_ANS,emissible,2299
M70.77,XIII,XIII/M70.77.md,"Autres bursites de la hanche - "" Cheville et pied """,true,true,true,false,false,,inconnu_atih,OWL_ANS,emissible,2406
M70.78,XIII,XIII/M70.78.md,"Autres bursites de la hanche - "" Autres """,true,true,true,false,false,,inconnu_atih,OWL_ANS,emissible,2328
M70.79,XIII,XIII/M70.79.md,"Autres bursites de la hanche - "" Siège non précisé """,true,false,true,false,false,,inconnu_atih,OWL_ANS,emissible,2185
M70.8,XIII,XIII/M70.8.md,Autres affections des tissus mous par sollicitation excessive,true,false,true,false,true,0,codable,OWL_ANS,emissible,2569
M70.80,XIII,XIII/M70.80.md,"Autres affections des tissus mous par sollicitation excessive - "" Sièges multiples """,true,false,true,false,false,0,codable,OWL_ANS,emissible,2211
M70.81,XIII,XIII/M70.81.md,"Autres affections des tissus mous par sollicitation excessive - "" Région scapulaire """,true,true,true,false,false,,inconnu_atih,OWL_ANS,emissible,2483
M70.82,XIII,XIII/M70.82.md,"Autres affections des tissus mous par sollicitation excessive - "" Bras """,true,true,true,false,false,,inconnu_atih,OWL_ANS,emissible,2298
M70.83,XIII,XIII/M70.83.md,"Autres affections des tissus mous par sollicitation excessive - "" Avant-bras """,true,true,true,false,false,0,codable,OWL_ANS,emissible,2339
M70.84,XIII,XIII/M70.84.md,"Autres affections des tissus mous par sollicitation excessive - "" Main """,true,true,true,false,false,,inconnu_atih,OWL_ANS,emissible,2342
M70.85,XIII,XIII/M70.85.md,"Autres affections des tissus mous par sollicitation excessive - "" Région pelvienne et cuisse """,true,true,true,false,false,,inconnu_atih,OWL_ANS,emissible,2412
M70.86,XIII,XIII/M70.86.md,"Autres affections des tissus mous par sollicitation excessive - "" Jambe """,true,true,true,false,false,,inconnu_atih,OWL_ANS,emissible,2311
M70.87,XIII,XIII/M70.87.md,"Autres affections des tissus mous par sollicitation excessive - "" Cheville et pied """,true,true,true,false,false,0,codable,OWL_ANS,emissible,2433
M70.88,XIII,XIII/M70.88.md,"Autres affections des tissus mous par sollicitation excessive - "" Autres """,true,true,true,false,false,0,codable,OWL_ANS,emissible,2355
M70.89,XIII,XIII/M70.89.md,"Autres affections des tissus mous par sollicitation excessive - "" Siège non précisé """,true,false,true,false,false,0,codable,OWL_ANS,emissible,2212
M70.9,XIII,XIII/M70.9.md,"Affection des tissus mous par sollicitation excessive, sans  précision",true,false,true,false,true,0,codable,OWL_ANS,emissible,2249
M70.90,XIII,XIII/M70.90.md,"Affection des tissus mous par sollicitation excessive, sans  précision - "" Sièges multiples """,true,false,true,false,false,0,codable,OWL_ANS,emissible,2220
M70.91,XIII,XIII/M70.91.md,"Affection des tissus mous par sollicitation excessive, sans  précision - "" Région scapulaire """,true,true,true,false,false,3,supprime,OWL_ANS,emissible,2500
M70.92,XIII,XIII/M70.92.md,"Affection des tissus mous par sollicitation excessive, sans  précision - "" Bras """,true,true,true,false,false,0,codable,OWL_ANS,emissible,2322
M70.93,XIII,XIII/M70.93.md,"Affection des tissus mous par sollicitation excessive, sans  précision - "" Avant-bras """,true,true,true,false,false,0,codable,OWL_ANS,emissible,2348
M70.94,XIII,XIII/M70.94.md,"Affection des tissus mous par sollicitation excessive, sans  précision - "" Main """,true,true,true,false,false,0,codable,OWL_ANS,emissible,2366
M70.95,XIII,XIII/M70.95.md,"Affection des tissus mous par sollicitation excessive, sans  précision - "" Région pelvienne et cuisse """,true,true,true,false,false,0,codable,OWL_ANS,emissible,2436
M70.96,XIII,XIII/M70.96.md,"Affection des tissus mous par sollicitation excessive, sans  précision - "" Jambe """,true,true,true,false,false,0,codable,OWL_ANS,emissible,2335
M70.97,XIII,XIII/M70.97.md,"Affection des tissus mous par sollicitation excessive, sans  précision - "" Cheville et pied """,true,true,true,false,false,0,codable,OWL_ANS,emissible,2442
M70.98,XIII,XIII/M70.98.md,"Affection des tissus mous par sollicitation excessive, sans  précision - "" Autres """,true,true,true,false,false,0,codable,OWL_ANS,emissible,2364
M70.99,XIII,XIII/M70.99.md,"Affection des tissus mous par sollicitation excessive, sans  précision - "" Siège non précisé """,true,false,true,false,false,0,codable,OWL_ANS,emissible,2221
M71.0,XIII,XIII/M71.0.md,Abcès des bourses séreuses,false,false,true,false,true,0,codable,OWL_ANS,emissible,2033
M71.00,XIII,XIII/M71.00.md,"Abcès des bourses séreuses - "" Sièges multiples """,false,false,true,false,false,0,codable,OWL_ANS,emissible,2007
M71.01,XIII,XIII/M71.01.md,"Abcès des bourses séreuses - "" Région scapulaire """,false,true,true,false,false,0,codable,OWL_ANS,emissible,2294
M71.02,XIII,XIII/M71.02.md,"Abcès des bourses séreuses - "" Bras """,false,true,true,false,false,0,codable,OWL_ANS,emissible,2109
M71.03,XIII,XIII/M71.03.md,"Abcès des bourses séreuses - "" Avant-bras """,false,true,true,false,false,0,codable,OWL_ANS,emissible,2135
M71.04,XIII,XIII/M71.04.md,"Abcès des bourses séreuses - "" Main """,false,true,true,false,false,0,codable,OWL_ANS,emissible,2153
M71.05,XIII,XIII/M71.05.md,"Abcès des bourses séreuses - "" Région pelvienne et cuisse """,false,true,true,false,false,0,codable,OWL_ANS,emissible,2223
M71.06,XIII,XIII/M71.06.md,"Abcès des bourses séreuses - "" Jambe """,false,true,true,false,false,0,codable,OWL_ANS,emissible,2122
M71.07,XIII,XIII/M71.07.md,"Abcès des bourses séreuses - "" Cheville et pied """,false,true,true,false,false,0,codable,OWL_ANS,emissible,2229
M71.08,XIII,XIII/M71.08.md,"Abcès des bourses séreuses - "" Autres """,false,true,true,false,false,0,codable,OWL_ANS,emissible,2151
M71.09,XIII,XIII/M71.09.md,"Abcès des bourses séreuses - "" Siège non précisé """,false,false,true,false,false,0,codable,OWL_ANS,emissible,2008
M71.1,XIII,XIII/M71.1.md,Autres bursites infectieuses,false,false,true,false,true,0,codable,OWL_ANS,emissible,2186
M71.10,XIII,XIII/M71.10.md,"Autres bursites infectieuses - "" Sièges multiples """,false,false,true,false,false,0,codable,OWL_ANS,emissible,2009
M71.11,XIII,XIII/M71.11.md,"Autres bursites infectieuses - "" Région scapulaire """,false,true,true,false,false,0,codable,OWL_ANS,emissible,2296
M71.12,XIII,XIII/M71.12.md,"Autres bursites infectieuses - "" Bras """,false,true,true,false,true,0,codable,OWL_ANS,emissible,2181
M71.13,XIII,XIII/M71.13.md,"Autres bursites infectieuses - "" Avant-bras """,false,true,true,false,false,0,codable,OWL_ANS,emissible,2137
M71.14,XIII,XIII/M71.14.md,"Autres bursites infectieuses - "" Main """,false,true,true,false,false,0,codable,OWL_ANS,emissible,2155
M71.15,XIII,XIII/M71.15.md,"Autres bursites infectieuses - "" Région pelvienne et cuisse """,false,true,true,false,false,0,codable,OWL_ANS,emissible,2225
M71.16,XIII,XIII/M71.16.md,"Autres bursites infectieuses - "" Jambe """,false,true,true,false,false,0,codable,OWL_ANS,emissible,2124
M71.17,XIII,XIII/M71.17.md,"Autres bursites infectieuses - "" Cheville et pied """,false,true,true,false,false,0,codable,OWL_ANS,emissible,2231
M71.18,XIII,XIII/M71.18.md,"Autres bursites infectieuses - "" Autres """,false,true,true,false,false,0,codable,OWL_ANS,emissible,2153
M71.19,XIII,XIII/M71.19.md,"Autres bursites infectieuses - "" Siège non précisé """,false,false,true,false,false,0,codable,OWL_ANS,emissible,2010
M71.2,XIII,XIII/M71.2.md,Kyste synovial poplité [Baker],false,false,true,false,true,0,codable,OWL_ANS,emissible,2128
M71.20,XIII,XIII/M71.20.md,"Kyste synovial poplité [Baker] - "" Sièges multiples """,false,false,true,false,false,3,supprime,OWL_ANS,emissible,2029
M71.21,XIII,XIII/M71.21.md,"Kyste synovial poplité [Baker] - "" Région scapulaire """,false,true,true,false,false,,inconnu_atih,OWL_ANS,emissible,2308
M71.22,XIII,XIII/M71.22.md,"Kyste synovial poplité [Baker] - "" Bras """,false,true,true,false,false,,inconnu_atih,OWL_ANS,emissible,2123
M71.23,XIII,XIII/M71.23.md,"Kyste synovial poplité [Baker] - "" Avant-bras """,false,true,true,false,false,,inconnu_atih,OWL_ANS,emissible,2149
M71.24,XIII,XIII/M71.24.md,"Kyste synovial poplité [Baker] - "" Main """,false,true,true,false,false,,inconnu_atih,OWL_ANS,emissible,2167
M71.25,XIII,XIII/M71.25.md,"Kyste synovial poplité [Baker] - "" Région pelvienne et cuisse """,false,true,true,false,false,,inconnu_atih,OWL_ANS,emissible,2237
M71.26,XIII,XIII/M71.26.md,"Kyste synovial poplité [Baker] - "" Jambe """,false,true,true,false,false,0,codable,OWL_ANS,emissible,2151
M71.27,XIII,XIII/M71.27.md,"Kyste synovial poplité [Baker] - "" Cheville et pied """,false,true,true,false,false,,inconnu_atih,OWL_ANS,emissible,2243
M71.28,XIII,XIII/M71.28.md,"Kyste synovial poplité [Baker] - "" Autres """,false,true,true,false,false,,inconnu_atih,OWL_ANS,emissible,2165
M71.29,XIII,XIII/M71.29.md,"Kyste synovial poplité [Baker] - "" Siège non précisé """,false,false,true,false,false,,inconnu_atih,OWL_ANS,emissible,2022
M71.3,XIII,XIII/M71.3.md,Autres kystes des bourses séreuses,true,false,true,false,true,0,codable,OWL_ANS,emissible,2348
M71.30,XIII,XIII/M71.30.md,"Autres kystes des bourses séreuses - "" Sièges multiples """,true,false,true,false,false,0,codable,OWL_ANS,emissible,2157
M71.31,XIII,XIII/M71.31.md,"Autres kystes des bourses séreuses - "" Région scapulaire """,true,true,true,false,false,0,codable,OWL_ANS,emissible,2444
M71.32,XIII,XIII/M71.32.md,"Autres kystes des bourses séreuses - "" Bras """,true,true,true,false,false,0,codable,OWL_ANS,emissible,2259
M71.33,XIII,XIII/M71.33.md,"Autres kystes des bourses séreuses - "" Avant-bras """,true,true,true,false,true,0,codable,OWL_ANS,emissible,2359
M71.34,XIII,XIII/M71.34.md,"Autres kystes des bourses séreuses - "" Main """,true,true,true,false,true,0,codable,OWL_ANS,emissible,2377
M71.35,XIII,XIII/M71.35.md,"Autres kystes des bourses séreuses - "" Région pelvienne et cuisse """,true,true,true,false,true,0,codable,OWL_ANS,emissible,2449
M71.36,XIII,XIII/M71.36.md,"Autres kystes des bourses séreuses - "" Jambe """,true,true,true,false,false,,inconnu_atih,OWL_ANS,emissible,2257
M71.37,XIII,XIII/M71.37.md,"Autres kystes des bourses séreuses - "" Cheville et pied """,true,true,true,false,true,0,codable,OWL_ANS,emissible,2468
M71.38,XIII,XIII/M71.38.md,"Autres kystes des bourses séreuses - "" Autres """,true,true,true,false,false,0,codable,OWL_ANS,emissible,2301
M71.39,XIII,XIII/M71.39.md,"Autres kystes des bourses séreuses - "" Siège non précisé """,true,false,true,false,false,0,codable,OWL_ANS,emissible,2158
M71.4,XIII,XIII/M71.4.md,Dépôts calciques dans une bourse séreuse,false,false,true,false,true,0,codable,OWL_ANS,emissible,2091
M71.40,XIII,XIII/M71.40.md,"Dépôts calciques dans une bourse séreuse - "" Sièges multiples """,false,false,true,false,false,0,codable,OWL_ANS,emissible,2036
M71.41,XIII,XIII/M71.41.md,"Dépôts calciques dans une bourse séreuse - "" Région scapulaire """,false,true,true,false,false,,inconnu_atih,OWL_ANS,emissible,2308
M71.42,XIII,XIII/M71.42.md,"Dépôts calciques dans une bourse séreuse - "" Bras """,false,true,true,false,true,0,codable,OWL_ANS,emissible,2206
M71.43,XIII,XIII/M71.43.md,"Dépôts calciques dans une bourse séreuse - "" Avant-bras """,false,true,true,false,false,0,codable,OWL_ANS,emissible,2164
M71.44,XIII,XIII/M71.44.md,"Dépôts calciques dans une bourse séreuse - "" Main """,false,true,true,false,false,0,codable,OWL_ANS,emissible,2182
M71.45,XIII,XIII/M71.45.md,"Dépôts calciques dans une bourse séreuse - "" Région pelvienne et cuisse """,false,true,true,false,true,0,codable,OWL_ANS,emissible,2324
M71.46,XIII,XIII/M71.46.md,"Dépôts calciques dans une bourse séreuse - "" Jambe """,false,true,true,false,true,0,codable,OWL_ANS,emissible,2219
M71.47,XIII,XIII/M71.47.md,"Dépôts calciques dans une bourse séreuse - "" Cheville et pied """,false,true,true,false,true,0,codable,OWL_ANS,emissible,2343
M71.48,XIII,XIII/M71.48.md,"Dépôts calciques dans une bourse séreuse - "" Autres """,false,true,true,false,false,0,codable,OWL_ANS,emissible,2180
M71.49,XIII,XIII/M71.49.md,"Dépôts calciques dans une bourse séreuse - "" Siège non précisé """,false,false,true,false,false,0,codable,OWL_ANS,emissible,2037
M71.5,XIII,XIII/M71.5.md,"Autres bursites, non classées ailleurs",false,false,true,false,true,0,codable,OWL_ANS,emissible,2249
M71.50,XIII,XIII/M71.50.md,"Autres bursites, non classées ailleurs - "" Sièges multiples """,false,false,true,false,false,0,codable,OWL_ANS,emissible,2136
M71.51,XIII,XIII/M71.51.md,"Autres bursites, non classées ailleurs - "" Région scapulaire """,false,true,true,false,false,,inconnu_atih,OWL_ANS,emissible,2408
M71.52,XIII,XIII/M71.52.md,"Autres bursites, non classées ailleurs - "" Bras """,false,true,true,false,false,0,codable,OWL_ANS,emissible,2238
M71.53,XIII,XIII/M71.53.md,"Autres bursites, non classées ailleurs - "" Avant-bras """,false,true,true,false,false,0,codable,OWL_ANS,emissible,2264
M71.54,XIII,XIII/M71.54.md,"Autres bursites, non classées ailleurs - "" Main """,false,true,true,false,false,0,codable,OWL_ANS,emissible,2282
M71.55,XIII,XIII/M71.55.md,"Autres bursites, non classées ailleurs - "" Région pelvienne et cuisse """,false,true,true,false,false,0,codable,OWL_ANS,emissible,2352
M71.56,XIII,XIII/M71.56.md,"Autres bursites, non classées ailleurs - "" Jambe """,false,true,true,false,false,0,codable,OWL_ANS,emissible,2251
M71.57,XIII,XIII/M71.57.md,"Autres bursites, non classées ailleurs - "" Cheville et pied """,false,true,true,false,false,0,codable,OWL_ANS,emissible,2358
M71.58,XIII,XIII/M71.58.md,"Autres bursites, non classées ailleurs - "" Autres """,false,true,true,false,false,0,codable,OWL_ANS,emissible,2280
M71.59,XIII,XIII/M71.59.md,"Autres bursites, non classées ailleurs - "" Siège non précisé """,false,false,true,false,false,0,codable,OWL_ANS,emissible,2137
M71.8,XIII,XIII/M71.8.md,Autres bursopathies précisées,false,false,true,false,false,0,codable,OWL_ANS,emissible,2277
M71.80,XIII,XIII/M71.80.md,"Autres bursopathies précisées - "" Sièges multiples """,false,false,true,false,false,0,codable,OWL_ANS,emissible,2010
M71.81,XIII,XIII/M71.81.md,"Autres bursopathies précisées - "" Région scapulaire """,false,true,true,false,false,,inconnu_atih,OWL_ANS,emissible,2282
M71.82,XIII,XIII/M71.82.md,"Autres bursopathies précisées - "" Bras """,false,true,true,false,false,0,codable,OWL_ANS,emissible,2112
M71.83,XIII,XIII/M71.83.md,"Autres bursopathies précisées - "" Avant-bras """,false,true,true,false,false,0,codable,OWL_ANS,emissible,2138
M71.84,XIII,XIII/M71.84.md,"Autres bursopathies précisées - "" Main """,false,true,true,false,false,0,codable,OWL_ANS,emissible,2156
M71.85,XIII,XIII/M71.85.md,"Autres bursopathies précisées - "" Région pelvienne et cuisse """,false,true,true,false,false,0,codable,OWL_ANS,emissible,2226
M71.86,XIII,XIII/M71.86.md,"Autres bursopathies précisées - "" Jambe """,false,true,true,false,false,0,codable,OWL_ANS,emissible,2125
M71.87,XIII,XIII/M71.87.md,"Autres bursopathies précisées - "" Cheville et pied """,false,true,true,false,false,0,codable,OWL_ANS,emissible,2232
M71.88,XIII,XIII/M71.88.md,"Autres bursopathies précisées - "" Autres """,false,true,true,false,false,0,codable,OWL_ANS,emissible,2154
M71.89,XIII,XIII/M71.89.md,"Autres bursopathies précisées - "" Siège non précisé """,false,false,true,false,false,0,codable,OWL_ANS,emissible,2011
M71.9,XIII,XIII/M71.9.md,"Bursopathie, sans précision",true,false,true,false,true,0,codable,OWL_ANS,emissible,2077
M71.90,XIII,XIII/M71.90.md,"Bursopathie, sans précision - "" Sièges multiples """,true,false,true,false,false,0,codable,OWL_ANS,emissible,2098
M71.91,XIII,XIII/M71.91.md,"Bursopathie, sans précision - "" Région scapulaire """,true,true,true,false,false,,inconnu_atih,OWL_ANS,emissible,2370
M71.92,XIII,XIII/M71.92.md,"Bursopathie, sans précision - "" Bras """,true,true,true,false,false,0,codable,OWL_ANS,emissible,2200
M71.93,XIII,XIII/M71.93.md,"Bursopathie, sans précision - "" Avant-bras """,true,true,true,false,false,0,codable,OWL_ANS,emissible,2226
M71.94,XIII,XIII/M71.94.md,"Bursopathie, sans précision - "" Main """,true,true,true,false,false,0,codable,OWL_ANS,emissible,2244
M71.95,XIII,XIII/M71.95.md,"Bursopathie, sans précision - "" Région pelvienne et cuisse """,true,true,true,false,false,0,codable,OWL_ANS,emissible,2314
M71.96,XIII,XIII/M71.96.md,"Bursopathie, sans précision - "" Jambe """,true,true,true,false,false,0,codable,OWL_ANS,emissible,2213
M71.97,XIII,XIII/M71.97.md,"Bursopathie, sans précision - "" Cheville et pied """,true,true,true,false,true,0,codable,OWL_ANS,emissible,2400
M71.98,XIII,XIII/M71.98.md,"Bursopathie, sans précision - "" Autres """,true,true,true,false,false,0,codable,OWL_ANS,emissible,2242
M71.99,XIII,XIII/M71.99.md,"Bursopathie, sans précision - "" Siège non précisé """,true,false,true,false,false,0,codable,OWL_ANS,emissible,2099
M72.0,XIII,XIII/M72.0.md,Fibromatose de l'aponévrose palmaire [Dupuytren],false,false,true,false,true,0,codable,OWL_ANS,emissible,2172
M72.00,XIII,XIII/M72.00.md,"Fibromatose de l'aponévrose palmaire [Dupuytren] - "" Sièges multiples """,false,false,true,false,false,3,supprime,OWL_ANS,emissible,1975
M72.01,XIII,XIII/M72.01.md,"Fibromatose de l'aponévrose palmaire [Dupuytren] - "" Région scapulaire """,false,true,true,false,false,,inconnu_atih,OWL_ANS,emissible,2254
M72.02,XIII,XIII/M72.02.md,"Fibromatose de l'aponévrose palmaire [Dupuytren] - "" Bras """,false,true,true,false,false,,inconnu_atih,OWL_ANS,emissible,2069
M72.03,XIII,XIII/M72.03.md,"Fibromatose de l'aponévrose palmaire [Dupuytren] - "" Avant-bras """,false,true,true,false,false,,inconnu_atih,OWL_ANS,emissible,2095
M72.04,XIII,XIII/M72.04.md,"Fibromatose de l'aponévrose palmaire [Dupuytren] - "" Main """,false,true,true,false,false,0,codable,OWL_ANS,emissible,2128
M72.05,XIII,XIII/M72.05.md,"Fibromatose de l'aponévrose palmaire [Dupuytren] - "" Région pelvienne et cuisse """,false,true,true,false,false,,inconnu_atih,OWL_ANS,emissible,2183
M72.06,XIII,XIII/M72.06.md,"Fibromatose de l'aponévrose palmaire [Dupuytren] - "" Jambe """,false,true,true,false,false,,inconnu_atih,OWL_ANS,emissible,2082
M72.07,XIII,XIII/M72.07.md,"Fibromatose de l'aponévrose palmaire [Dupuytren] - "" Cheville et pied """,false,true,true,false,false,,inconnu_atih,OWL_ANS,emissible,2189
M72.08,XIII,XIII/M72.08.md,"Fibromatose de l'aponévrose palmaire [Dupuytren] - "" Autres """,false,true,true,false,false,,inconnu_atih,OWL_ANS,emissible,2111
M72.09,XIII,XIII/M72.09.md,"Fibromatose de l'aponévrose palmaire [Dupuytren] - "" Siège non précisé """,false,false,true,false,false,,inconnu_atih,OWL_ANS,emissible,1968
M72.1,XIII,XIII/M72.1.md,Coussinet des phalanges,false,false,true,false,true,0,codable,OWL_ANS,emissible,2006
M72.10,XIII,XIII/M72.10.md,"Coussinet des phalanges - "" Sièges multiples """,false,false,true,false,false,3,supprime,OWL_ANS,emissible,1950
M72.11,XIII,XIII/M72.11.md,"Coussinet des phalanges - "" Région scapulaire """,false,true,true,false,false,,inconnu_atih,OWL_ANS,emissible,2229
M72.12,XIII,XIII/M72.12.md,"Coussinet des phalanges - "" Bras """,false,true,true,false,false,,inconnu_atih,OWL_ANS,emissible,2044
M72.13,XIII,XIII/M72.13.md,"Coussinet des phalanges - "" Avant-bras """,false,true,true,false,false,,inconnu_atih,OWL_ANS,emissible,2070
M72.14,XIII,XIII/M72.14.md,"Coussinet des phalanges - "" Main """,false,true,true,false,false,0,codable,OWL_ANS,emissible,2103
M72.15,XIII,XIII/M72.15.md,"Coussinet des phalanges - "" Région pelvienne et cuisse """,false,true,true,false,false,,inconnu_atih,OWL_ANS,emissible,2158
M72.16,XIII,XIII/M72.16.md,"Coussinet des phalanges - "" Jambe """,false,true,true,false,false,,inconnu_atih,OWL_ANS,emissible,2057
M72.17,XIII,XIII/M72.17.md,"Coussinet des phalanges - "" Cheville et pied """,false,true,true,false,false,,inconnu_atih,OWL_ANS,emissible,2164
M72.18,XIII,XIII/M72.18.md,"Coussinet des phalanges - "" Autres """,false,true,true,false,false,,inconnu_atih,OWL_ANS,emissible,2086
M72.19,XIII,XIII/M72.19.md,"Coussinet des phalanges - "" Siège non précisé """,false,false,true,false,false,,inconnu_atih,OWL_ANS,emissible,1943
M72.2,XIII,XIII/M72.2.md,Fibromatose de l'aponévrose plantaire,true,false,true,false,true,0,codable,OWL_ANS,emissible,2102
M72.20,XIII,XIII/M72.20.md,"Fibromatose de l'aponévrose plantaire - "" Sièges multiples """,true,false,true,false,false,3,supprime,OWL_ANS,emissible,2061
M72.21,XIII,XIII/M72.21.md,"Fibromatose de l'aponévrose plantaire - "" Région scapulaire """,true,true,true,false,false,,inconnu_atih,OWL_ANS,emissible,2340
M72.22,XIII,XIII/M72.22.md,"Fibromatose de l'aponévrose plantaire - "" Bras """,true,true,true,false,false,,inconnu_atih,OWL_ANS,emissible,2155
M72.23,XIII,XIII/M72.23.md,"Fibromatose de l'aponévrose plantaire - "" Avant-bras """,true,true,true,false,false,,inconnu_atih,OWL_ANS,emissible,2181
M72.24,XIII,XIII/M72.24.md,"Fibromatose de l'aponévrose plantaire - "" Main """,true,true,true,false,false,,inconnu_atih,OWL_ANS,emissible,2199
M72.25,XIII,XIII/M72.25.md,"Fibromatose de l'aponévrose plantaire - "" Région pelvienne et cuisse """,true,true,true,false,false,,inconnu_atih,OWL_ANS,emissible,2269
M72.26,XIII,XIII/M72.26.md,"Fibromatose de l'aponévrose plantaire - "" Jambe """,true,true,true,false,false,,inconnu_atih,OWL_ANS,emissible,2168
M72.27,XIII,XIII/M72.27.md,"Fibromatose de l'aponévrose plantaire - "" Cheville et pied """,true,true,true,false,false,0,codable,OWL_ANS,emissible,2290
M72.28,XIII,XIII/M72.28.md,"Fibromatose de l'aponévrose plantaire - "" Autres """,true,true,true,false,false,,inconnu_atih,OWL_ANS,emissible,2197
M72.29,XIII,XIII/M72.29.md,"Fibromatose de l'aponévrose plantaire - "" Siège non précisé """,true,false,true,false,false,,inconnu_atih,OWL_ANS,emissible,2054
M72.4,XIII,XIII/M72.4.md,Fibromatose pseudosarcomateuse,true,false,true,false,true,0,codable,OWL_ANS,emissible,2116
M72.40,XIII,XIII/M72.40.md,"Fibromatose pseudosarcomateuse - "" Sièges multiples """,true,false,true,false,false,0,codable,OWL_ANS,emissible,2061
M72.41,XIII,XIII/M72.41.md,"Fibromatose pseudosarcomateuse - "" Région scapulaire """,true,true,true,false,false,0,codable,OWL_ANS,emissible,2348
M72.42,XIII,XIII/M72.42.md,"Fibromatose pseudosarcomateuse - "" Bras """,true,true,true,false,false,0,codable,OWL_ANS,emissible,2163
M72.43,XIII,XIII/M72.43.md,"Fibromatose pseudosarcomateuse - "" Avant-bras """,true,true,true,false,false,0,codable,OWL_ANS,emissible,2189
M72.44,XIII,XIII/M72.44.md,"Fibromatose pseudosarcomateuse - "" Main """,true,true,true,false,false,0,codable,OWL_ANS,emissible,2207
M72.45,XIII,XIII/M72.45.md,"Fibromatose pseudosarcomateuse - "" Région pelvienne et cuisse """,true,true,true,false,false,0,codable,OWL_ANS,emissible,2277
M72.46,XIII,XIII/M72.46.md,"Fibromatose pseudosarcomateuse - "" Jambe """,true,true,true,false,false,0,codable,OWL_ANS,emissible,2176
M72.47,XIII,XIII/M72.47.md,"Fibromatose pseudosarcomateuse - "" Cheville et pied """,true,true,true,false,false,0,codable,OWL_ANS,emissible,2283
M72.48,XIII,XIII/M72.48.md,"Fibromatose pseudosarcomateuse - "" Autres """,true,true,true,false,false,0,codable,OWL_ANS,emissible,2205
M72.49,XIII,XIII/M72.49.md,"Fibromatose pseudosarcomateuse - "" Siège non précisé """,true,false,true,false,false,0,codable,OWL_ANS,emissible,2062
M72.6,XIII,XIII/M72.6.md,Fasciite nécrosante,false,false,true,false,true,0,codable,OWL_ANS,emissible,2238
M72.60,XIII,XIII/M72.60.md,"Fasciite nécrosante - "" Sièges multiples """,false,false,true,false,false,0,codable,OWL_ANS,emissible,1953
M72.61,XIII,XIII/M72.61.md,"Fasciite nécrosante - "" Région scapulaire """,true,false,true,false,false,0,codable,OWL_ANS,emissible,2129
M72.62,XIII,XIII/M72.62.md,"Fasciite nécrosante - "" Bras """,true,false,true,false,false,0,codable,OWL_ANS,emissible,2027
M72.63,XIII,XIII/M72.63.md,"Fasciite nécrosante - "" Avant-bras """,true,false,true,false,false,0,codable,OWL_ANS,emissible,2044
M72.64,XIII,XIII/M72.64.md,"Fasciite nécrosante - "" Main """,true,false,true,false,false,0,codable,OWL_ANS,emissible,2051
M72.65,XIII,XIII/M72.65.md,"Fasciite nécrosante - "" Région pelvienne et cuisse """,true,false,true,false,false,0,codable,OWL_ANS,emissible,2098
M72.66,XIII,XIII/M72.66.md,"Fasciite nécrosante - "" Jambe """,true,false,true,false,false,0,codable,OWL_ANS,emissible,2035
M72.67,XIII,XIII/M72.67.md,"Fasciite nécrosante - "" Cheville et pied """,true,false,true,false,false,0,codable,OWL_ANS,emissible,2096
M72.68,XIII,XIII/M72.68.md,"Fasciite nécrosante - "" Autres """,true,false,true,false,false,0,codable,OWL_ANS,emissible,2053
M72.69,XIII,XIII/M72.69.md,"Fasciite nécrosante - "" Siège non précisé """,false,false,true,false,false,0,codable,OWL_ANS,emissible,1954
M72.8,XIII,XIII/M72.8.md,Autres affections fibroblastiques,true,false,true,false,true,0,codable,OWL_ANS,emissible,2683
M72.80,XIII,XIII/M72.80.md,"Autres affections fibroblastiques - "" Sièges multiples """,true,false,true,false,true,0,codable,OWL_ANS,emissible,2273
M72.81,XIII,XIII/M72.81.md,"Autres affections fibroblastiques - "" Région scapulaire """,true,true,true,false,false,0,codable,OWL_ANS,emissible,2492
M72.82,XIII,XIII/M72.82.md,"Autres affections fibroblastiques - "" Bras """,true,true,true,false,false,0,codable,OWL_ANS,emissible,2307
M72.83,XIII,XIII/M72.83.md,"Autres affections fibroblastiques - "" Avant-bras """,true,true,true,false,false,0,codable,OWL_ANS,emissible,2333
M72.84,XIII,XIII/M72.84.md,"Autres affections fibroblastiques - "" Main """,true,true,true,false,false,0,codable,OWL_ANS,emissible,2351
M72.85,XIII,XIII/M72.85.md,"Autres affections fibroblastiques - "" Région pelvienne et cuisse """,true,true,true,false,false,0,codable,OWL_ANS,emissible,2421
M72.86,XIII,XIII/M72.86.md,"Autres affections fibroblastiques - "" Jambe """,true,true,true,false,false,0,codable,OWL_ANS,emissible,2320
M72.87,XIII,XIII/M72.87.md,"Autres affections fibroblastiques - "" Cheville et pied """,true,true,true,false,false,0,codable,OWL_ANS,emissible,2427
M72.88,XIII,XIII/M72.88.md,"Autres affections fibroblastiques - "" Autres """,true,true,true,false,false,0,codable,OWL_ANS,emissible,2349
M72.89,XIII,XIII/M72.89.md,"Autres affections fibroblastiques - "" Siège non précisé """,true,false,true,false,false,0,codable,OWL_ANS,emissible,2206
M72.9,XIII,XIII/M72.9.md,"Affection fibroblastique, sans précision",true,false,true,false,true,0,codable,OWL_ANS,emissible,2155
M72.90,XIII,XIII/M72.90.md,"Affection fibroblastique, sans précision - "" Sièges multiples """,true,false,true,false,false,0,codable,OWL_ANS,emissible,2081
M72.91,XIII,XIII/M72.91.md,"Affection fibroblastique, sans précision - "" Région scapulaire """,true,true,true,false,false,0,codable,OWL_ANS,emissible,2368
M72.92,XIII,XIII/M72.92.md,"Affection fibroblastique, sans précision - "" Bras """,true,true,true,false,false,0,codable,OWL_ANS,emissible,2183
M72.93,XIII,XIII/M72.93.md,"Affection fibroblastique, sans précision - "" Avant-bras """,true,true,true,false,false,0,codable,OWL_ANS,emissible,2209
M72.94,XIII,XIII/M72.94.md,"Affection fibroblastique, sans précision - "" Main """,true,true,true,false,false,0,codable,OWL_ANS,emissible,2227
M72.95,XIII,XIII/M72.95.md,"Affection fibroblastique, sans précision - "" Région pelvienne et cuisse """,true,true,true,false,false,0,codable,OWL_ANS,emissible,2297
M72.96,XIII,XIII/M72.96.md,"Affection fibroblastique, sans précision - "" Jambe """,true,true,true,false,false,0,codable,OWL_ANS,emissible,2196
M72.97,XIII,XIII/M72.97.md,"Affection fibroblastique, sans précision - "" Cheville et pied """,true,true,true,false,false,0,codable,OWL_ANS,emissible,2303
M72.98,XIII,XIII/M72.98.md,"Affection fibroblastique, sans précision - "" Autres """,true,true,true,false,false,0,codable,OWL_ANS,emissible,2225
M72.99,XIII,XIII/M72.99.md,"Affection fibroblastique, sans précision - "" Siège non précisé """,true,false,true,false,false,0,codable,OWL_ANS,emissible,2082
M73.0,XIII,XIII/M73.0.md,Bursite gonococcique ,false,false,true,false,false,0,codable,OWL_ANS,emissible,1802
M73.00,XIII,XIII/M73.00.md,"Bursite gonococcique (A54.4)   - "" Sièges multiples """,false,false,true,false,false,0,codable,OWL_ANS,emissible,1859
M73.01,XIII,XIII/M73.01.md,"Bursite gonococcique (A54.4)   - "" Région scapulaire """,false,true,true,false,false,0,codable,OWL_ANS,emissible,2146
M73.02,XIII,XIII/M73.02.md,"Bursite gonococcique (A54.4)   - "" Bras """,false,true,true,false,false,0,codable,OWL_ANS,emissible,1961
M73.03,XIII,XIII/M73.03.md,"Bursite gonococcique (A54.4)   - "" Avant-bras """,false,true,true,false,false,0,codable,OWL_ANS,emissible,1987
M73.04,XIII,XIII/M73.04.md,"Bursite gonococcique (A54.4)   - "" Main """,false,true,true,false,false,0,codable,OWL_ANS,emissible,2005
M73.05,XIII,XIII/M73.05.md,"Bursite gonococcique (A54.4)   - "" Région pelvienne et cuisse """,false,true,true,false,false,0,codable,OWL_ANS,emissible,2075
M73.06,XIII,XIII/M73.06.md,"Bursite gonococcique (A54.4)   - "" Jambe """,false,true,true,false,false,0,codable,OWL_ANS,emissible,1974
M73.07,XIII,XIII/M73.07.md,"Bursite gonococcique (A54.4)   - "" Cheville et pied """,false,true,true,false,false,0,codable,OWL_ANS,emissible,2081
M73.08,XIII,XIII/M73.08.md,"Bursite gonococcique (A54.4)   - "" Autres """,false,true,true,false,false,0,codable,OWL_ANS,emissible,2003
M73.09,XIII,XIII/M73.09.md,"Bursite gonococcique (A54.4)   - "" Siège non précisé """,false,false,true,false,false,0,codable,OWL_ANS,emissible,1860
M73.1,XIII,XIII/M73.1.md,Bursite syphilitique ,false,false,true,false,false,0,codable,OWL_ANS,emissible,1802
M73.10,XIII,XIII/M73.10.md,"Bursite syphilitique (A52.7)   - "" Sièges multiples """,false,false,true,false,false,0,codable,OWL_ANS,emissible,1859
M73.11,XIII,XIII/M73.11.md,"Bursite syphilitique (A52.7)   - "" Région scapulaire """,false,true,true,false,false,0,codable,OWL_ANS,emissible,2146
M73.12,XIII,XIII/M73.12.md,"Bursite syphilitique (A52.7)   - "" Bras """,false,true,true,false,false,0,codable,OWL_ANS,emissible,1961
M73.13,XIII,XIII/M73.13.md,"Bursite syphilitique (A52.7)   - "" Avant-bras """,false,true,true,false,false,0,codable,OWL_ANS,emissible,1987
M73.14,XIII,XIII/M73.14.md,"Bursite syphilitique (A52.7)   - "" Main """,false,true,true,false,false,0,codable,OWL_ANS,emissible,2005
M73.15,XIII,XIII/M73.15.md,"Bursite syphilitique (A52.7)   - "" Région pelvienne et cuisse """,false,true,true,false,false,0,codable,OWL_ANS,emissible,2075
M73.16,XIII,XIII/M73.16.md,"Bursite syphilitique (A52.7)   - "" Jambe """,false,true,true,false,false,0,codable,OWL_ANS,emissible,1974
M73.17,XIII,XIII/M73.17.md,"Bursite syphilitique (A52.7)   - "" Cheville et pied """,false,true,true,false,false,0,codable,OWL_ANS,emissible,2081
M73.18,XIII,XIII/M73.18.md,"Bursite syphilitique (A52.7)   - "" Autres """,false,true,true,false,false,0,codable,OWL_ANS,emissible,2003
M73.19,XIII,XIII/M73.19.md,"Bursite syphilitique (A52.7)   - "" Siège non précisé """,false,false,true,false,false,0,codable,OWL_ANS,emissible,1860
M73.8,XIII,XIII/M73.8.md,Autres affections des tissus mous au cours d'autres  maladies classées ailleurs,false,false,true,false,true,0,codable,OWL_ANS,emissible,2130
M73.80,XIII,XIII/M73.80.md,"Autres affections des tissus mous au cours d'autres  maladies classées ailleurs - "" Sièges multiples """,false,false,true,false,false,0,codable,OWL_ANS,emissible,1908
M73.81,XIII,XIII/M73.81.md,"Autres affections des tissus mous au cours d'autres  maladies classées ailleurs - "" Région scapulaire """,false,true,true,false,false,0,codable,OWL_ANS,emissible,2195
M73.82,XIII,XIII/M73.82.md,"Autres affections des tissus mous au cours d'autres  maladies classées ailleurs - "" Bras """,false,true,true,false,false,0,codable,OWL_ANS,emissible,2010
M73.83,XIII,XIII/M73.83.md,"Autres affections des tissus mous au cours d'autres  maladies classées ailleurs - "" Avant-bras """,false,true,true,false,false,0,codable,OWL_ANS,emissible,2036
M73.84,XIII,XIII/M73.84.md,"Autres affections des tissus mous au cours d'autres  maladies classées ailleurs - "" Main """,false,true,true,false,false,0,codable,OWL_ANS,emissible,2054
M73.85,XIII,XIII/M73.85.md,"Autres affections des tissus mous au cours d'autres  maladies classées ailleurs - "" Région pelvienne et cuisse """,false,true,true,false,false,0,codable,OWL_ANS,emissible,2124
M73.86,XIII,XIII/M73.86.md,"Autres affections des tissus mous au cours d'autres  maladies classées ailleurs - "" Jambe """,false,true,true,false,false,0,codable,OWL_ANS,emissible,2023
M73.87,XIII,XIII/M73.87.md,"Autres affections des tissus mous au cours d'autres  maladies classées ailleurs - "" Cheville et pied """,false,true,true,false,false,0,codable,OWL_ANS,emissible,2130
M73.88,XIII,XIII/M73.88.md,"Autres affections des tissus mous au cours d'autres  maladies classées ailleurs - "" Autres """,false,true,true,false,false,0,codable,OWL_ANS,emissible,2052
M73.89,XIII,XIII/M73.89.md,"Autres affections des tissus mous au cours d'autres  maladies classées ailleurs - "" Siège non précisé """,false,false,true,false,false,0,codable,OWL_ANS,emissible,1909
M75.0,XIII,XIII/M75.0.md,Capsulite rétractile de l'épaule,true,false,true,false,true,0,codable,OWL_ANS,emissible,2364
M75.1,XIII,XIII/M75.1.md,Syndrome de la coiffe des rotateurs,true,false,true,false,true,0,codable,OWL_ANS,emissible,2504
M75.10,XIII,XIII/M75.10.md,"Syndrome de la coiffe des rotateurs - "" Sièges multiples """,true,false,true,false,false,,inconnu_atih,OWL_ANS,emissible,2153
M75.11,XIII,XIII/M75.11.md,"Syndrome de la coiffe des rotateurs - "" Région scapulaire """,true,false,true,false,false,,inconnu_atih,OWL_ANS,emissible,2298
M75.12,XIII,XIII/M75.12.md,"Syndrome de la coiffe des rotateurs - "" Bras """,true,false,true,false,false,,inconnu_atih,OWL_ANS,emissible,2196
M75.13,XIII,XIII/M75.13.md,"Syndrome de la coiffe des rotateurs - "" Avant-bras """,true,false,true,false,false,,inconnu_atih,OWL_ANS,emissible,2213
M75.14,XIII,XIII/M75.14.md,"Syndrome de la coiffe des rotateurs - "" Main """,true,false,true,false,false,,inconnu_atih,OWL_ANS,emissible,2220
M75.15,XIII,XIII/M75.15.md,"Syndrome de la coiffe des rotateurs - "" Région pelvienne et cuisse """,true,false,true,false,false,,inconnu_atih,OWL_ANS,emissible,2267
M75.16,XIII,XIII/M75.16.md,"Syndrome de la coiffe des rotateurs - "" Jambe """,true,false,true,false,false,,inconnu_atih,OWL_ANS,emissible,2204
M75.17,XIII,XIII/M75.17.md,"Syndrome de la coiffe des rotateurs - "" Cheville et pied """,true,false,true,false,false,,inconnu_atih,OWL_ANS,emissible,2265
M75.18,XIII,XIII/M75.18.md,"Syndrome de la coiffe des rotateurs - "" Autres """,true,false,true,false,false,,inconnu_atih,OWL_ANS,emissible,2222
M75.19,XIII,XIII/M75.19.md,"Syndrome de la coiffe des rotateurs - "" Siège non précisé """,true,false,true,false,false,,inconnu_atih,OWL_ANS,emissible,2154
M75.2,XIII,XIII/M75.2.md,Tendinite du biceps,false,false,true,false,false,0,codable,OWL_ANS,emissible,1897
M75.20,XIII,XIII/M75.20.md,"Tendinite du biceps - "" Sièges multiples """,false,false,true,false,false,,inconnu_atih,OWL_ANS,emissible,1930
M75.21,XIII,XIII/M75.21.md,"Tendinite du biceps - "" Région scapulaire """,true,false,true,false,false,,inconnu_atih,OWL_ANS,emissible,2106
M75.22,XIII,XIII/M75.22.md,"Tendinite du biceps - "" Bras """,true,false,true,false,false,,inconnu_atih,OWL_ANS,emissible,2004
M75.23,XIII,XIII/M75.23.md,"Tendinite du biceps - "" Avant-bras """,true,false,true,false,false,,inconnu_atih,OWL_ANS,emissible,2021
M75.24,XIII,XIII/M75.24.md,"Tendinite du biceps - "" Main """,true,false,true,false,false,,inconnu_atih,OWL_ANS,emissible,2028
M75.25,XIII,XIII/M75.25.md,"Tendinite du biceps - "" Région pelvienne et cuisse """,true,false,true,false,false,,inconnu_atih,OWL_ANS,emissible,2075
M75.26,XIII,XIII/M75.26.md,"Tendinite du biceps - "" Jambe """,true,false,true,false,false,,inconnu_atih,OWL_ANS,emissible,2012
M75.27,XIII,XIII/M75.27.md,"Tendinite du biceps - "" Cheville et pied """,true,false,true,false,false,,inconnu_atih,OWL_ANS,emissible,2073
M75.28,XIII,XIII/M75.28.md,"Tendinite du biceps - "" Autres """,true,false,true,false,false,,inconnu_atih,OWL_ANS,emissible,2030
M75.29,XIII,XIII/M75.29.md,"Tendinite du biceps - "" Siège non précisé """,false,false,true,false,false,,inconnu_atih,OWL_ANS,emissible,1931
M75.3,XIII,XIII/M75.3.md,Tendinite calcifiante de l'épaule,true,false,true,false,true,0,codable,OWL_ANS,emissible,2125
M75.30,XIII,XIII/M75.30.md,"Tendinite calcifiante de l'épaule - "" Sièges multiples """,true,false,true,false,false,,inconnu_atih,OWL_ANS,emissible,2054
M75.31,XIII,XIII/M75.31.md,"Tendinite calcifiante de l'épaule - "" Région scapulaire """,true,false,true,false,false,,inconnu_atih,OWL_ANS,emissible,2199
M75.32,XIII,XIII/M75.32.md,"Tendinite calcifiante de l'épaule - "" Bras """,true,false,true,false,false,,inconnu_atih,OWL_ANS,emissible,2097
M75.33,XIII,XIII/M75.33.md,"Tendinite calcifiante de l'épaule - "" Avant-bras """,true,false,true,false,false,,inconnu_atih,OWL_ANS,emissible,2114
M75.34,XIII,XIII/M75.34.md,"Tendinite calcifiante de l'épaule - "" Main """,true,false,true,false,false,,inconnu_atih,OWL_ANS,emissible,2121
M75.35,XIII,XIII/M75.35.md,"Tendinite calcifiante de l'épaule - "" Région pelvienne et cuisse """,true,false,true,false,false,,inconnu_atih,OWL_ANS,emissible,2168
M75.36,XIII,XIII/M75.36.md,"Tendinite calcifiante de l'épaule - "" Jambe """,true,false,true,false,false,,inconnu_atih,OWL_ANS,emissible,2105
M75.37,XIII,XIII/M75.37.md,"Tendinite calcifiante de l'épaule - "" Cheville et pied """,true,false,true,false,false,,inconnu_atih,OWL_ANS,emissible,2166
M75.38,XIII,XIII/M75.38.md,"Tendinite calcifiante de l'épaule - "" Autres """,true,false,true,false,false,,inconnu_atih,OWL_ANS,emissible,2123
M75.39,XIII,XIII/M75.39.md,"Tendinite calcifiante de l'épaule - "" Siège non précisé """,true,false,true,false,false,,inconnu_atih,OWL_ANS,emissible,2055
M75.4,XIII,XIII/M75.4.md,Syndrome d'accrochage de l'épaule,false,false,true,false,true,0,codable,OWL_ANS,emissible,2012
M75.40,XIII,XIII/M75.40.md,"Syndrome d'accrochage de l'épaule - "" Sièges multiples """,false,false,true,false,false,,inconnu_atih,OWL_ANS,emissible,1944
M75.41,XIII,XIII/M75.41.md,"Syndrome d'accrochage de l'épaule - "" Région scapulaire """,true,false,true,false,false,,inconnu_atih,OWL_ANS,emissible,2120
M75.42,XIII,XIII/M75.42.md,"Syndrome d'accrochage de l'épaule - "" Bras """,true,false,true,false,false,,inconnu_atih,OWL_ANS,emissible,2018
M75.43,XIII,XIII/M75.43.md,"Syndrome d'accrochage de l'épaule - "" Avant-bras """,true,false,true,false,false,,inconnu_atih,OWL_ANS,emissible,2035
M75.44,XIII,XIII/M75.44.md,"Syndrome d'accrochage de l'épaule - "" Main """,true,false,true,false,false,,inconnu_atih,OWL_ANS,emissible,2042
M75.45,XIII,XIII/M75.45.md,"Syndrome d'accrochage de l'épaule - "" Région pelvienne et cuisse """,true,false,true,false,false,,inconnu_atih,OWL_ANS,emissible,2089
M75.46,XIII,XIII/M75.46.md,"Syndrome d'accrochage de l'épaule - "" Jambe """,true,false,true,false,false,,inconnu_atih,OWL_ANS,emissible,2026
M75.47,XIII,XIII/M75.47.md,"Syndrome d'accrochage de l'épaule - "" Cheville et pied """,true,false,true,false,false,,inconnu_atih,OWL_ANS,emissible,2087
M75.48,XIII,XIII/M75.48.md,"Syndrome d'accrochage de l'épaule - "" Autres """,true,false,true,false,false,,inconnu_atih,OWL_ANS,emissible,2044
M75.49,XIII,XIII/M75.49.md,"Syndrome d'accrochage de l'épaule - "" Siège non précisé """,false,false,true,false,false,,inconnu_atih,OWL_ANS,emissible,1945
M75.5,XIII,XIII/M75.5.md,Bursite de l'épaule,false,false,true,false,true,0,codable,OWL_ANS,emissible,2099
M75.50,XIII,XIII/M75.50.md,"Bursite de l'épaule - "" Sièges multiples """,false,false,true,false,false,,inconnu_atih,OWL_ANS,emissible,1930
M75.51,XIII,XIII/M75.51.md,"Bursite de l'épaule - "" Région scapulaire """,true,false,true,false,false,,inconnu_atih,OWL_ANS,emissible,2106
M75.52,XIII,XIII/M75.52.md,"Bursite de l'épaule - "" Bras """,true,false,true,false,false,,inconnu_atih,OWL_ANS,emissible,2004
M75.53,XIII,XIII/M75.53.md,"Bursite de l'épaule - "" Avant-bras """,true,false,true,false,false,,inconnu_atih,OWL_ANS,emissible,2021
M75.54,XIII,XIII/M75.54.md,"Bursite de l'épaule - "" Main """,true,false,true,false,false,,inconnu_atih,OWL_ANS,emissible,2028
M75.55,XIII,XIII/M75.55.md,"Bursite de l'épaule - "" Région pelvienne et cuisse """,true,false,true,false,false,,inconnu_atih,OWL_ANS,emissible,2075
M75.56,XIII,XIII/M75.56.md,"Bursite de l'épaule - "" Jambe """,true,false,true,false,false,,inconnu_atih,OWL_ANS,emissible,2012
M75.57,XIII,XIII/M75.57.md,"Bursite de l'épaule - "" Cheville et pied """,true,false,true,false,false,,inconnu_atih,OWL_ANS,emissible,2073
M75.58,XIII,XIII/M75.58.md,"Bursite de l'épaule - "" Autres """,true,false,true,false,false,,inconnu_atih,OWL_ANS,emissible,2030
M75.59,XIII,XIII/M75.59.md,"Bursite de l'épaule - "" Siège non précisé """,false,false,true,false,false,,inconnu_atih,OWL_ANS,emissible,1931
M75.6,XIII,XIII/M75.6.md,Lésion du labrum [bourrelet glénoïdien] dans l'atteinte dégénérative de l'articulation de l'épaule,false,false,true,false,false,0,codable,OWL_ANS,emissible,1303
M75.8,XIII,XIII/M75.8.md,Autres lésions de l'épaule,false,false,true,false,true,0,codable,OWL_ANS,emissible,2559
M75.80,XIII,XIII/M75.80.md,"Autres lésions de l'épaule - "" Sièges multiples """,false,false,true,false,false,,inconnu_atih,OWL_ANS,emissible,1937
M75.81,XIII,XIII/M75.81.md,"Autres lésions de l'épaule - "" Région scapulaire """,true,false,true,false,false,,inconnu_atih,OWL_ANS,emissible,2113
M75.82,XIII,XIII/M75.82.md,"Autres lésions de l'épaule - "" Bras """,true,false,true,false,false,,inconnu_atih,OWL_ANS,emissible,2011
M75.83,XIII,XIII/M75.83.md,"Autres lésions de l'épaule - "" Avant-bras """,true,false,true,false,false,,inconnu_atih,OWL_ANS,emissible,2028
M75.84,XIII,XIII/M75.84.md,"Autres lésions de l'épaule - "" Main """,true,false,true,false,false,,inconnu_atih,OWL_ANS,emissible,2035
M75.85,XIII,XIII/M75.85.md,"Autres lésions de l'épaule - "" Région pelvienne et cuisse """,true,false,true,false,false,,inconnu_atih,OWL_ANS,emissible,2082
M75.86,XIII,XIII/M75.86.md,"Autres lésions de l'épaule - "" Jambe """,true,false,true,false,false,,inconnu_atih,OWL_ANS,emissible,2019
M75.87,XIII,XIII/M75.87.md,"Autres lésions de l'épaule - "" Cheville et pied """,true,false,true,false,false,,inconnu_atih,OWL_ANS,emissible,2080
M75.88,XIII,XIII/M75.88.md,"Autres lésions de l'épaule - "" Autres """,true,false,true,false,false,,inconnu_atih,OWL_ANS,emissible,2037
M75.89,XIII,XIII/M75.89.md,"Autres lésions de l'épaule - "" Siège non précisé """,false,false,true,false,false,,inconnu_atih,OWL_ANS,emissible,1938
M75.9,XIII,XIII/M75.9.md,"Lésion de l'épaule, sans précision",false,false,true,false,true,0,codable,OWL_ANS,emissible,1950
M75.90,XIII,XIII/M75.90.md,"Lésion de l'épaule, sans précision - "" Sièges multiples """,false,false,true,false,false,,inconnu_atih,OWL_ANS,emissible,1945
M75.91,XIII,XIII/M75.91.md,"Lésion de l'épaule, sans précision - "" Région scapulaire """,true,false,true,false,false,,inconnu_atih,OWL_ANS,emissible,2121
M75.92,XIII,XIII/M75.92.md,"Lésion de l'épaule, sans précision - "" Bras """,true,false,true,false,false,,inconnu_atih,OWL_ANS,emissible,2019
M75.93,XIII,XIII/M75.93.md,"Lésion de l'épaule, sans précision - "" Avant-bras """,true,false,true,false,false,,inconnu_atih,OWL_ANS,emissible,2036
M75.94,XIII,XIII/M75.94.md,"Lésion de l'épaule, sans précision - "" Main """,true,false,true,false,false,,inconnu_atih,OWL_ANS,emissible,2043
M75.95,XIII,XIII/M75.95.md,"Lésion de l'épaule, sans précision - "" Région pelvienne et cuisse """,true,false,true,false,false,,inconnu_atih,OWL_ANS,emissible,2090
M75.96,XIII,XIII/M75.96.md,"Lésion de l'épaule, sans précision - "" Jambe """,true,false,true,false,false,,inconnu_atih,OWL_ANS,emissible,2027
M75.97,XIII,XIII/M75.97.md,"Lésion de l'épaule, sans précision - "" Cheville et pied """,true,false,true,false,false,,inconnu_atih,OWL_ANS,emissible,2088
M75.98,XIII,XIII/M75.98.md,"Lésion de l'épaule, sans précision - "" Autres """,true,false,true,false,false,,inconnu_atih,OWL_ANS,emissible,2045
M75.99,XIII,XIII/M75.99.md,"Lésion de l'épaule, sans précision - "" Siège non précisé """,false,false,true,false,false,,inconnu_atih,OWL_ANS,emissible,1946
M76.0,XIII,XIII/M76.0.md,Tendinite de la région fessière,false,false,true,false,true,0,codable,OWL_ANS,emissible,2114
M76.00,XIII,XIII/M76.00.md,"Tendinite de la région fessière - "" Sièges multiples """,false,false,true,false,false,3,supprime,OWL_ANS,emissible,1965
M76.01,XIII,XIII/M76.01.md,"Tendinite de la région fessière - "" Région scapulaire """,false,true,true,false,false,,inconnu_atih,OWL_ANS,emissible,2244
M76.02,XIII,XIII/M76.02.md,"Tendinite de la région fessière - "" Bras """,false,true,true,false,false,,inconnu_atih,OWL_ANS,emissible,2059
M76.03,XIII,XIII/M76.03.md,"Tendinite de la région fessière - "" Avant-bras """,false,true,true,false,false,,inconnu_atih,OWL_ANS,emissible,2085
M76.04,XIII,XIII/M76.04.md,"Tendinite de la région fessière - "" Main """,false,true,true,false,false,,inconnu_atih,OWL_ANS,emissible,2103
M76.05,XIII,XIII/M76.05.md,"Tendinite de la région fessière - "" Région pelvienne et cuisse """,false,true,true,false,false,0,codable,OWL_ANS,emissible,2188
M76.06,XIII,XIII/M76.06.md,"Tendinite de la région fessière - "" Jambe """,false,true,true,false,false,,inconnu_atih,OWL_ANS,emissible,2072
M76.07,XIII,XIII/M76.07.md,"Tendinite de la région fessière - "" Cheville et pied """,false,true,true,false,false,,inconnu_atih,OWL_ANS,emissible,2179
M76.08,XIII,XIII/M76.08.md,"Tendinite de la région fessière - "" Autres """,false,true,true,false,false,,inconnu_atih,OWL_ANS,emissible,2101
M76.09,XIII,XIII/M76.09.md,"Tendinite de la région fessière - "" Siège non précisé """,false,false,true,false,false,,inconnu_atih,OWL_ANS,emissible,1958
M76.1,XIII,XIII/M76.1.md,Tendinite du psoas,false,false,true,false,true,0,codable,OWL_ANS,emissible,2005
M76.10,XIII,XIII/M76.10.md,"Tendinite du psoas - "" Sièges multiples """,false,false,true,false,false,3,supprime,OWL_ANS,emissible,1952
M76.11,XIII,XIII/M76.11.md,"Tendinite du psoas - "" Région scapulaire """,false,true,true,false,false,,inconnu_atih,OWL_ANS,emissible,2231
M76.12,XIII,XIII/M76.12.md,"Tendinite du psoas - "" Bras """,false,true,true,false,false,,inconnu_atih,OWL_ANS,emissible,2046
M76.13,XIII,XIII/M76.13.md,"Tendinite du psoas - "" Avant-bras """,false,true,true,false,false,,inconnu_atih,OWL_ANS,emissible,2072
M76.14,XIII,XIII/M76.14.md,"Tendinite du psoas - "" Main """,false,true,true,false,false,,inconnu_atih,OWL_ANS,emissible,2090
M76.15,XIII,XIII/M76.15.md,"Tendinite du psoas - "" Région pelvienne et cuisse """,false,true,true,false,false,0,codable,OWL_ANS,emissible,2175
M76.16,XIII,XIII/M76.16.md,"Tendinite du psoas - "" Jambe """,false,true,true,false,false,,inconnu_atih,OWL_ANS,emissible,2059
M76.17,XIII,XIII/M76.17.md,"Tendinite du psoas - "" Cheville et pied """,false,true,true,false,false,,inconnu_atih,OWL_ANS,emissible,2166
M76.18,XIII,XIII/M76.18.md,"Tendinite du psoas - "" Autres """,false,true,true,false,false,,inconnu_atih,OWL_ANS,emissible,2088
M76.19,XIII,XIII/M76.19.md,"Tendinite du psoas - "" Siège non précisé """,false,false,true,false,false,,inconnu_atih,OWL_ANS,emissible,1945
M76.2,XIII,XIII/M76.2.md,Exostose de la crête iliaque,false,false,true,false,true,0,codable,OWL_ANS,emissible,1992
M76.20,XIII,XIII/M76.20.md,"Exostose de la crête iliaque - "" Sièges multiples """,false,false,true,false,false,3,supprime,OWL_ANS,emissible,1962
M76.21,XIII,XIII/M76.21.md,"Exostose de la crête iliaque - "" Région scapulaire """,false,true,true,false,false,,inconnu_atih,OWL_ANS,emissible,2241
M76.22,XIII,XIII/M76.22.md,"Exostose de la crête iliaque - "" Bras """,false,true,true,false,false,,inconnu_atih,OWL_ANS,emissible,2056
M76.23,XIII,XIII/M76.23.md,"Exostose de la crête iliaque - "" Avant-bras """,false,true,true,false,false,,inconnu_atih,OWL_ANS,emissible,2082
M76.24,XIII,XIII/M76.24.md,"Exostose de la crête iliaque - "" Main """,false,true,true,false,false,,inconnu_atih,OWL_ANS,emissible,2100
M76.25,XIII,XIII/M76.25.md,"Exostose de la crête iliaque - "" Région pelvienne et cuisse """,false,true,true,false,false,0,codable,OWL_ANS,emissible,2185
M76.26,XIII,XIII/M76.26.md,"Exostose de la crête iliaque - "" Jambe """,false,true,true,false,false,,inconnu_atih,OWL_ANS,emissible,2069
M76.27,XIII,XIII/M76.27.md,"Exostose de la crête iliaque - "" Cheville et pied """,false,true,true,false,false,,inconnu_atih,OWL_ANS,emissible,2176
M76.28,XIII,XIII/M76.28.md,"Exostose de la crête iliaque - "" Autres """,false,true,true,false,false,,inconnu_atih,OWL_ANS,emissible,2098
M76.29,XIII,XIII/M76.29.md,"Exostose de la crête iliaque - "" Siège non précisé """,false,false,true,false,false,,inconnu_atih,OWL_ANS,emissible,1955
M76.3,XIII,XIII/M76.3.md,Syndrome de la bandelette de Maissiat [iliotibiale],false,false,true,false,true,0,codable,OWL_ANS,emissible,2080
M76.30,XIII,XIII/M76.30.md,"Syndrome de la bandelette de Maissiat [iliotibiale] - "" Sièges multiples """,false,false,true,false,false,3,supprime,OWL_ANS,emissible,1985
M76.31,XIII,XIII/M76.31.md,"Syndrome de la bandelette de Maissiat [iliotibiale] - "" Région scapulaire """,false,true,true,false,false,,inconnu_atih,OWL_ANS,emissible,2264
M76.32,XIII,XIII/M76.32.md,"Syndrome de la bandelette de Maissiat [iliotibiale] - "" Bras """,false,true,true,false,false,,inconnu_atih,OWL_ANS,emissible,2079
M76.33,XIII,XIII/M76.33.md,"Syndrome de la bandelette de Maissiat [iliotibiale] - "" Avant-bras """,false,true,true,false,false,,inconnu_atih,OWL_ANS,emissible,2105
M76.34,XIII,XIII/M76.34.md,"Syndrome de la bandelette de Maissiat [iliotibiale] - "" Main """,false,true,true,false,false,,inconnu_atih,OWL_ANS,emissible,2123
M76.35,XIII,XIII/M76.35.md,"Syndrome de la bandelette de Maissiat [iliotibiale] - "" Région pelvienne et cuisse """,false,true,true,false,false,3,supprime,OWL_ANS,emissible,2201
M76.36,XIII,XIII/M76.36.md,"Syndrome de la bandelette de Maissiat [iliotibiale] - "" Jambe """,false,true,true,false,false,0,codable,OWL_ANS,emissible,2107
M76.37,XIII,XIII/M76.37.md,"Syndrome de la bandelette de Maissiat [iliotibiale] - "" Cheville et pied """,false,true,true,false,false,,inconnu_atih,OWL_ANS,emissible,2199
M76.38,XIII,XIII/M76.38.md,"Syndrome de la bandelette de Maissiat [iliotibiale] - "" Autres """,false,true,true,false,false,,inconnu_atih,OWL_ANS,emissible,2121
M76.39,XIII,XIII/M76.39.md,"Syndrome de la bandelette de Maissiat [iliotibiale] - "" Siège non précisé """,false,false,true,false,false,,inconnu_atih,OWL_ANS,emissible,1978
M76.4,XIII,XIII/M76.4.md,Bursite du ligament latéral interne du genou [Pellegrini–Stieda],false,false,true,false,true,0,codable,OWL_ANS,emissible,2168
M76.40,XIII,XIII/M76.40.md,"Bursite du ligament latéral interne du genou [Pellegrini–Stieda] - "" Sièges multiples """,false,false,true,false,false,3,supprime,OWL_ANS,emissible,1998
M76.41,XIII,XIII/M76.41.md,"Bursite du ligament latéral interne du genou [Pellegrini–Stieda] - "" Région scapulaire """,false,true,true,false,false,,inconnu_atih,OWL_ANS,emissible,2277
M76.42,XIII,XIII/M76.42.md,"Bursite du ligament latéral interne du genou [Pellegrini–Stieda] - "" Bras """,false,true,true,false,false,,inconnu_atih,OWL_ANS,emissible,2092
M76.43,XIII,XIII/M76.43.md,"Bursite du ligament latéral interne du genou [Pellegrini–Stieda] - "" Avant-bras """,false,true,true,false,false,,inconnu_atih,OWL_ANS,emissible,2118
M76.44,XIII,XIII/M76.44.md,"Bursite du ligament latéral interne du genou [Pellegrini–Stieda] - "" Main """,false,true,true,false,false,,inconnu_atih,OWL_ANS,emissible,2136
M76.45,XIII,XIII/M76.45.md,"Bursite du ligament latéral interne du genou [Pellegrini–Stieda] - "" Région pelvienne et cuisse """,false,true,true,false,false,,inconnu_atih,OWL_ANS,emissible,2206
M76.46,XIII,XIII/M76.46.md,"Bursite du ligament latéral interne du genou [Pellegrini–Stieda] - "" Jambe """,false,true,true,false,false,0,codable,OWL_ANS,emissible,2120
M76.47,XIII,XIII/M76.47.md,"Bursite du ligament latéral interne du genou [Pellegrini–Stieda] - "" Cheville et pied """,false,true,true,false,false,,inconnu_atih,OWL_ANS,emissible,2212
M76.48,XIII,XIII/M76.48.md,"Bursite du ligament latéral interne du genou [Pellegrini–Stieda] - "" Autres """,false,true,true,false,false,,inconnu_atih,OWL_ANS,emissible,2134
M76.49,XIII,XIII/M76.49.md,"Bursite du ligament latéral interne du genou [Pellegrini–Stieda] - "" Siège non précisé """,false,false,true,false,false,,inconnu_atih,OWL_ANS,emissible,1991
M76.5,XIII,XIII/M76.5.md,Tendinite rotulienne,false,false,true,false,true,0,codable,OWL_ANS,emissible,2026
M76.50,XIII,XIII/M76.50.md,"Tendinite rotulienne - "" Sièges multiples """,false,false,true,false,false,3,supprime,OWL_ANS,emissible,1954
M76.51,XIII,XIII/M76.51.md,"Tendinite rotulienne - "" Région scapulaire """,false,true,true,false,false,,inconnu_atih,OWL_ANS,emissible,2233
M76.52,XIII,XIII/M76.52.md,"Tendinite rotulienne - "" Bras """,false,true,true,false,false,,inconnu_atih,OWL_ANS,emissible,2048
M76.53,XIII,XIII/M76.53.md,"Tendinite rotulienne - "" Avant-bras """,false,true,true,false,false,,inconnu_atih,OWL_ANS,emissible,2074
M76.54,XIII,XIII/M76.54.md,"Tendinite rotulienne - "" Main """,false,true,true,false,false,,inconnu_atih,OWL_ANS,emissible,2092
M76.55,XIII,XIII/M76.55.md,"Tendinite rotulienne - "" Région pelvienne et cuisse """,false,true,true,false,false,,inconnu_atih,OWL_ANS,emissible,2162
M76.56,XIII,XIII/M76.56.md,"Tendinite rotulienne - "" Jambe """,false,true,true,false,false,0,codable,OWL_ANS,emissible,2076
M76.57,XIII,XIII/M76.57.md,"Tendinite rotulienne - "" Cheville et pied """,false,true,true,false,false,,inconnu_atih,OWL_ANS,emissible,2168
M76.58,XIII,XIII/M76.58.md,"Tendinite rotulienne - "" Autres """,false,true,true,false,false,,inconnu_atih,OWL_ANS,emissible,2090
M76.59,XIII,XIII/M76.59.md,"Tendinite rotulienne - "" Siège non précisé """,false,false,true,false,false,,inconnu_atih,OWL_ANS,emissible,1947
M76.6,XIII,XIII/M76.6.md,Tendinite du tendon d'Achille,true,false,true,false,true,0,codable,OWL_ANS,emissible,2338
M76.60,XIII,XIII/M76.60.md,"Tendinite du tendon d'Achille - "" Sièges multiples """,true,false,true,false,false,3,supprime,OWL_ANS,emissible,2069
M76.61,XIII,XIII/M76.61.md,"Tendinite du tendon d'Achille - "" Région scapulaire """,true,true,true,false,false,,inconnu_atih,OWL_ANS,emissible,2348
M76.62,XIII,XIII/M76.62.md,"Tendinite du tendon d'Achille - "" Bras """,true,true,true,false,false,,inconnu_atih,OWL_ANS,emissible,2163
M76.63,XIII,XIII/M76.63.md,"Tendinite du tendon d'Achille - "" Avant-bras """,true,true,true,false,false,,inconnu_atih,OWL_ANS,emissible,2189
M76.64,XIII,XIII/M76.64.md,"Tendinite du tendon d'Achille - "" Main """,true,true,true,false,false,,inconnu_atih,OWL_ANS,emissible,2207
M76.65,XIII,XIII/M76.65.md,"Tendinite du tendon d'Achille - "" Région pelvienne et cuisse """,true,true,true,false,false,,inconnu_atih,OWL_ANS,emissible,2277
M76.66,XIII,XIII/M76.66.md,"Tendinite du tendon d'Achille - "" Jambe """,true,true,true,false,false,0,codable,OWL_ANS,emissible,2191
M76.67,XIII,XIII/M76.67.md,"Tendinite du tendon d'Achille - "" Cheville et pied """,true,true,true,false,false,0,codable,OWL_ANS,emissible,2298
M76.68,XIII,XIII/M76.68.md,"Tendinite du tendon d'Achille - "" Autres """,true,true,true,false,false,,inconnu_atih,OWL_ANS,emissible,2205
M76.69,XIII,XIII/M76.69.md,"Tendinite du tendon d'Achille - "" Siège non précisé """,true,false,true,false,false,,inconnu_atih,OWL_ANS,emissible,2062
M76.7,XIII,XIII/M76.7.md,Tendinite péronière,false,false,true,false,true,0,codable,OWL_ANS,emissible,2005
M76.70,XIII,XIII/M76.70.md,"Tendinite péronière - "" Sièges multiples """,false,false,true,false,false,3,supprime,OWL_ANS,emissible,1953
M76.71,XIII,XIII/M76.71.md,"Tendinite péronière - "" Région scapulaire """,false,true,true,false,false,,inconnu_atih,OWL_ANS,emissible,2232
M76.72,XIII,XIII/M76.72.md,"Tendinite péronière - "" Bras """,false,true,true,false,false,,inconnu_atih,OWL_ANS,emissible,2047
M76.73,XIII,XIII/M76.73.md,"Tendinite péronière - "" Avant-bras """,false,true,true,false,false,,inconnu_atih,OWL_ANS,emissible,2073
M76.74,XIII,XIII/M76.74.md,"Tendinite péronière - "" Main """,false,true,true,false,false,,inconnu_atih,OWL_ANS,emissible,2091
M76.75,XIII,XIII/M76.75.md,"Tendinite péronière - "" Région pelvienne et cuisse """,false,true,true,false,false,,inconnu_atih,OWL_ANS,emissible,2161
M76.76,XIII,XIII/M76.76.md,"Tendinite péronière - "" Jambe """,false,true,true,false,false,0,codable,OWL_ANS,emissible,2075
M76.77,XIII,XIII/M76.77.md,"Tendinite péronière - "" Cheville et pied """,false,true,true,false,false,,inconnu_atih,OWL_ANS,emissible,2167
M76.78,XIII,XIII/M76.78.md,"Tendinite péronière - "" Autres """,false,true,true,false,false,,inconnu_atih,OWL_ANS,emissible,2089
M76.79,XIII,XIII/M76.79.md,"Tendinite péronière - "" Siège non précisé """,false,false,true,false,false,,inconnu_atih,OWL_ANS,emissible,1946
M76.8,XIII,XIII/M76.8.md,"Autres enthésopathies du membre inférieur, sauf le pied",true,false,true,false,true,0,codable,OWL_ANS,emissible,2656
M76.80,XIII,XIII/M76.80.md,"Autres enthésopathies du membre inférieur, sauf le pied - "" Sièges multiples """,true,false,true,false,false,0,codable,OWL_ANS,emissible,2143
M76.81,XIII,XIII/M76.81.md,"Autres enthésopathies du membre inférieur, sauf le pied - "" Région scapulaire """,true,true,true,false,false,,inconnu_atih,OWL_ANS,emissible,2415
M76.82,XIII,XIII/M76.82.md,"Autres enthésopathies du membre inférieur, sauf le pied - "" Bras """,true,true,true,false,false,,inconnu_atih,OWL_ANS,emissible,2230
M76.83,XIII,XIII/M76.83.md,"Autres enthésopathies du membre inférieur, sauf le pied - "" Avant-bras """,true,true,true,false,false,,inconnu_atih,OWL_ANS,emissible,2256
M76.84,XIII,XIII/M76.84.md,"Autres enthésopathies du membre inférieur, sauf le pied - "" Main """,true,true,true,false,false,,inconnu_atih,OWL_ANS,emissible,2274
M76.85,XIII,XIII/M76.85.md,"Autres enthésopathies du membre inférieur, sauf le pied - "" Région pelvienne et cuisse """,true,true,true,false,true,0,codable,OWL_ANS,emissible,2436
M76.86,XIII,XIII/M76.86.md,"Autres enthésopathies du membre inférieur, sauf le pied - "" Jambe """,true,true,true,false,true,0,codable,OWL_ANS,emissible,2497
M76.87,XIII,XIII/M76.87.md,"Autres enthésopathies du membre inférieur, sauf le pied - "" Cheville et pied """,true,true,true,false,true,3,supprime,OWL_ANS,emissible,2471
M76.88,XIII,XIII/M76.88.md,"Autres enthésopathies du membre inférieur, sauf le pied - "" Autres """,true,true,true,false,false,,inconnu_atih,OWL_ANS,emissible,2272
M76.89,XIII,XIII/M76.89.md,"Autres enthésopathies du membre inférieur, sauf le pied - "" Siège non précisé """,true,false,true,false,false,3,supprime,OWL_ANS,emissible,2137
M76.9,XIII,XIII/M76.9.md,"Enthésopathie du membre inférieur, sans précision",false,false,true,false,true,0,codable,OWL_ANS,emissible,1989
M76.90,XIII,XIII/M76.90.md,"Enthésopathie du membre inférieur, sans précision - "" Sièges multiples """,false,false,true,false,false,0,codable,OWL_ANS,emissible,1990
M76.91,XIII,XIII/M76.91.md,"Enthésopathie du membre inférieur, sans précision - "" Région scapulaire """,false,true,true,false,false,,inconnu_atih,OWL_ANS,emissible,2262
M76.92,XIII,XIII/M76.92.md,"Enthésopathie du membre inférieur, sans précision - "" Bras """,false,true,true,false,false,,inconnu_atih,OWL_ANS,emissible,2077
M76.93,XIII,XIII/M76.93.md,"Enthésopathie du membre inférieur, sans précision - "" Avant-bras """,false,true,true,false,false,,inconnu_atih,OWL_ANS,emissible,2103
M76.94,XIII,XIII/M76.94.md,"Enthésopathie du membre inférieur, sans précision - "" Main """,false,true,true,false,false,,inconnu_atih,OWL_ANS,emissible,2121
M76.95,XIII,XIII/M76.95.md,"Enthésopathie du membre inférieur, sans précision - "" Région pelvienne et cuisse """,false,true,true,false,false,0,codable,OWL_ANS,emissible,2206
M76.96,XIII,XIII/M76.96.md,"Enthésopathie du membre inférieur, sans précision - "" Jambe """,false,true,true,false,false,0,codable,OWL_ANS,emissible,2105
M76.97,XIII,XIII/M76.97.md,"Enthésopathie du membre inférieur, sans précision - "" Cheville et pied """,false,true,true,false,false,3,supprime,OWL_ANS,emissible,2205
M76.98,XIII,XIII/M76.98.md,"Enthésopathie du membre inférieur, sans précision - "" Autres """,false,true,true,false,false,,inconnu_atih,OWL_ANS,emissible,2119
M76.99,XIII,XIII/M76.99.md,"Enthésopathie du membre inférieur, sans précision - "" Siège non précisé """,false,false,true,false,false,0,codable,OWL_ANS,emissible,1991
M77.0,XIII,XIII/M77.0.md,Épitrochéite,true,false,true,false,true,0,codable,OWL_ANS,emissible,2142
M77.00,XIII,XIII/M77.00.md,"Épitrochéite - "" Sièges multiples """,true,false,true,false,false,3,supprime,OWL_ANS,emissible,2117
M77.01,XIII,XIII/M77.01.md,"Épitrochéite - "" Région scapulaire """,true,true,true,false,false,,inconnu_atih,OWL_ANS,emissible,2396
M77.02,XIII,XIII/M77.02.md,"Épitrochéite - "" Bras """,true,true,true,false,false,0,codable,OWL_ANS,emissible,2226
M77.03,XIII,XIII/M77.03.md,"Épitrochéite - "" Avant-bras """,true,true,true,false,false,,inconnu_atih,OWL_ANS,emissible,2237
M77.04,XIII,XIII/M77.04.md,"Épitrochéite - "" Main """,true,true,true,false,false,,inconnu_atih,OWL_ANS,emissible,2255
M77.05,XIII,XIII/M77.05.md,"Épitrochéite - "" Région pelvienne et cuisse """,true,true,true,false,false,,inconnu_atih,OWL_ANS,emissible,2325
M77.06,XIII,XIII/M77.06.md,"Épitrochéite - "" Jambe """,true,true,true,false,false,,inconnu_atih,OWL_ANS,emissible,2224
M77.07,XIII,XIII/M77.07.md,"Épitrochéite - "" Cheville et pied """,true,true,true,false,false,,inconnu_atih,OWL_ANS,emissible,2331
M77.08,XIII,XIII/M77.08.md,"Épitrochéite - "" Autres """,true,true,true,false,false,,inconnu_atih,OWL_ANS,emissible,2253
M77.09,XIII,XIII/M77.09.md,"Épitrochéite - "" Siège non précisé """,true,false,true,false,false,,inconnu_atih,OWL_ANS,emissible,2110
M77.1,XIII,XIII/M77.1.md,Épicondylite,true,false,true,false,true,0,codable,OWL_ANS,emissible,2188
M77.10,XIII,XIII/M77.10.md,"Épicondylite - "" Sièges multiples """,true,false,true,false,false,3,supprime,OWL_ANS,emissible,2166
M77.11,XIII,XIII/M77.11.md,"Épicondylite - "" Région scapulaire """,true,true,true,false,false,,inconnu_atih,OWL_ANS,emissible,2445
M77.12,XIII,XIII/M77.12.md,"Épicondylite - "" Bras """,true,true,true,false,false,0,codable,OWL_ANS,emissible,2275
M77.13,XIII,XIII/M77.13.md,"Épicondylite - "" Avant-bras """,true,true,true,false,false,,inconnu_atih,OWL_ANS,emissible,2286
M77.14,XIII,XIII/M77.14.md,"Épicondylite - "" Main """,true,true,true,false,false,,inconnu_atih,OWL_ANS,emissible,2304
M77.15,XIII,XIII/M77.15.md,"Épicondylite - "" Région pelvienne et cuisse """,true,true,true,false,false,,inconnu_atih,OWL_ANS,emissible,2374
M77.16,XIII,XIII/M77.16.md,"Épicondylite - "" Jambe """,true,true,true,false,false,,inconnu_atih,OWL_ANS,emissible,2273
M77.17,XIII,XIII/M77.17.md,"Épicondylite - "" Cheville et pied """,true,true,true,false,false,,inconnu_atih,OWL_ANS,emissible,2380
M77.18,XIII,XIII/M77.18.md,"Épicondylite - "" Autres """,true,true,true,false,false,,inconnu_atih,OWL_ANS,emissible,2302
M77.19,XIII,XIII/M77.19.md,"Épicondylite - "" Siège non précisé """,true,false,true,false,false,,inconnu_atih,OWL_ANS,emissible,2159
M77.2,XIII,XIII/M77.2.md,Périarthrite du poignet,false,false,true,false,true,0,codable,OWL_ANS,emissible,2054
M77.20,XIII,XIII/M77.20.md,"Périarthrite du poignet - "" Sièges multiples """,false,false,true,false,false,3,supprime,OWL_ANS,emissible,2029
M77.21,XIII,XIII/M77.21.md,"Périarthrite du poignet - "" Région scapulaire """,false,true,true,false,false,,inconnu_atih,OWL_ANS,emissible,2308
M77.22,XIII,XIII/M77.22.md,"Périarthrite du poignet - "" Bras """,false,true,true,false,false,,inconnu_atih,OWL_ANS,emissible,2123
M77.23,XIII,XIII/M77.23.md,"Périarthrite du poignet - "" Avant-bras """,false,true,true,false,false,0,codable,OWL_ANS,emissible,2164
M77.24,XIII,XIII/M77.24.md,"Périarthrite du poignet - "" Main """,false,true,true,false,false,,inconnu_atih,OWL_ANS,emissible,2167
M77.25,XIII,XIII/M77.25.md,"Périarthrite du poignet - "" Région pelvienne et cuisse """,false,true,true,false,false,,inconnu_atih,OWL_ANS,emissible,2237
M77.26,XIII,XIII/M77.26.md,"Périarthrite du poignet - "" Jambe """,false,true,true,false,false,,inconnu_atih,OWL_ANS,emissible,2136
M77.27,XIII,XIII/M77.27.md,"Périarthrite du poignet - "" Cheville et pied """,false,true,true,false,false,,inconnu_atih,OWL_ANS,emissible,2243
M77.28,XIII,XIII/M77.28.md,"Périarthrite du poignet - "" Autres """,false,true,true,false,false,,inconnu_atih,OWL_ANS,emissible,2165
M77.29,XIII,XIII/M77.29.md,"Périarthrite du poignet - "" Siège non précisé """,false,false,true,false,false,,inconnu_atih,OWL_ANS,emissible,2022
M77.3,XIII,XIII/M77.3.md,Exostose calcanéenne,true,false,true,false,true,0,codable,OWL_ANS,emissible,2171
M77.30,XIII,XIII/M77.30.md,"Exostose calcanéenne - "" Sièges multiples """,true,false,true,false,false,3,supprime,OWL_ANS,emissible,2122
M77.31,XIII,XIII/M77.31.md,"Exostose calcanéenne - "" Région scapulaire """,true,true,true,false,false,,inconnu_atih,OWL_ANS,emissible,2401
M77.32,XIII,XIII/M77.32.md,"Exostose calcanéenne - "" Bras """,true,true,true,false,false,,inconnu_atih,OWL_ANS,emissible,2216
M77.33,XIII,XIII/M77.33.md,"Exostose calcanéenne - "" Avant-bras """,true,true,true,false,false,,inconnu_atih,OWL_ANS,emissible,2242
M77.34,XIII,XIII/M77.34.md,"Exostose calcanéenne - "" Main """,true,true,true,false,false,,inconnu_atih,OWL_ANS,emissible,2260
M77.35,XIII,XIII/M77.35.md,"Exostose calcanéenne - "" Région pelvienne et cuisse """,true,true,true,false,false,,inconnu_atih,OWL_ANS,emissible,2330
M77.36,XIII,XIII/M77.36.md,"Exostose calcanéenne - "" Jambe """,true,true,true,false,false,,inconnu_atih,OWL_ANS,emissible,2229
M77.37,XIII,XIII/M77.37.md,"Exostose calcanéenne - "" Cheville et pied """,true,true,true,false,false,0,codable,OWL_ANS,emissible,2351
M77.38,XIII,XIII/M77.38.md,"Exostose calcanéenne - "" Autres """,true,true,true,false,false,,inconnu_atih,OWL_ANS,emissible,2258
M77.39,XIII,XIII/M77.39.md,"Exostose calcanéenne - "" Siège non précisé """,true,false,true,false,false,,inconnu_atih,OWL_ANS,emissible,2115
M77.4,XIII,XIII/M77.4.md,Métatarsalgie,false,false,true,false,true,0,codable,OWL_ANS,emissible,2130
M77.40,XIII,XIII/M77.40.md,"Métatarsalgie - "" Sièges multiples """,false,false,true,false,false,3,supprime,OWL_ANS,emissible,2051
M77.41,XIII,XIII/M77.41.md,"Métatarsalgie - "" Région scapulaire """,false,true,true,false,false,,inconnu_atih,OWL_ANS,emissible,2330
M77.42,XIII,XIII/M77.42.md,"Métatarsalgie - "" Bras """,false,true,true,false,false,,inconnu_atih,OWL_ANS,emissible,2145
M77.43,XIII,XIII/M77.43.md,"Métatarsalgie - "" Avant-bras """,false,true,true,false,false,,inconnu_atih,OWL_ANS,emissible,2171
M77.44,XIII,XIII/M77.44.md,"Métatarsalgie - "" Main """,false,true,true,false,false,,inconnu_atih,OWL_ANS,emissible,2189
M77.45,XIII,XIII/M77.45.md,"Métatarsalgie - "" Région pelvienne et cuisse """,false,true,true,false,false,,inconnu_atih,OWL_ANS,emissible,2259
M77.46,XIII,XIII/M77.46.md,"Métatarsalgie - "" Jambe """,false,true,true,false,false,,inconnu_atih,OWL_ANS,emissible,2158
M77.47,XIII,XIII/M77.47.md,"Métatarsalgie - "" Cheville et pied """,false,true,true,false,false,0,codable,OWL_ANS,emissible,2280
M77.48,XIII,XIII/M77.48.md,"Métatarsalgie - "" Autres """,false,true,true,false,false,,inconnu_atih,OWL_ANS,emissible,2187
M77.49,XIII,XIII/M77.49.md,"Métatarsalgie - "" Siège non précisé """,false,false,true,false,false,,inconnu_atih,OWL_ANS,emissible,2044
M77.5,XIII,XIII/M77.5.md,Autres enthésopathies du pied,false,false,true,false,true,0,codable,OWL_ANS,emissible,2196
M77.50,XIII,XIII/M77.50.md,"Autres enthésopathies du pied - "" Sièges multiples """,false,false,true,false,false,3,supprime,OWL_ANS,emissible,2035
M77.51,XIII,XIII/M77.51.md,"Autres enthésopathies du pied - "" Région scapulaire """,false,true,true,false,false,,inconnu_atih,OWL_ANS,emissible,2314
M77.52,XIII,XIII/M77.52.md,"Autres enthésopathies du pied - "" Bras """,false,true,true,false,false,,inconnu_atih,OWL_ANS,emissible,2129
M77.53,XIII,XIII/M77.53.md,"Autres enthésopathies du pied - "" Avant-bras """,false,true,true,false,false,,inconnu_atih,OWL_ANS,emissible,2155
M77.54,XIII,XIII/M77.54.md,"Autres enthésopathies du pied - "" Main """,false,true,true,false,false,,inconnu_atih,OWL_ANS,emissible,2173
M77.55,XIII,XIII/M77.55.md,"Autres enthésopathies du pied - "" Région pelvienne et cuisse """,false,true,true,false,false,,inconnu_atih,OWL_ANS,emissible,2243
M77.56,XIII,XIII/M77.56.md,"Autres enthésopathies du pied - "" Jambe """,false,true,true,false,false,,inconnu_atih,OWL_ANS,emissible,2142
M77.57,XIII,XIII/M77.57.md,"Autres enthésopathies du pied - "" Cheville et pied """,false,true,true,false,false,0,codable,OWL_ANS,emissible,2264
M77.58,XIII,XIII/M77.58.md,"Autres enthésopathies du pied - "" Autres """,false,true,true,false,false,,inconnu_atih,OWL_ANS,emissible,2171
M77.59,XIII,XIII/M77.59.md,"Autres enthésopathies du pied - "" Siège non précisé """,false,false,true,false,false,,inconnu_atih,OWL_ANS,emissible,2028
M77.8,XIII,XIII/M77.8.md,"Autres enthésopathies, non classées ailleurs",false,false,true,false,true,0,codable,OWL_ANS,emissible,2480
M77.80,XIII,XIII/M77.80.md,"Autres enthésopathies, non classées ailleurs - "" Sièges multiples """,false,false,true,false,false,0,codable,OWL_ANS,emissible,2057
M77.81,XIII,XIII/M77.81.md,"Autres enthésopathies, non classées ailleurs - "" Région scapulaire """,false,true,true,false,false,0,codable,OWL_ANS,emissible,2344
M77.82,XIII,XIII/M77.82.md,"Autres enthésopathies, non classées ailleurs - "" Bras """,false,true,true,false,false,0,codable,OWL_ANS,emissible,2159
M77.83,XIII,XIII/M77.83.md,"Autres enthésopathies, non classées ailleurs - "" Avant-bras """,false,true,true,false,false,0,codable,OWL_ANS,emissible,2185
M77.84,XIII,XIII/M77.84.md,"Autres enthésopathies, non classées ailleurs - "" Main """,false,true,true,false,false,0,codable,OWL_ANS,emissible,2203
M77.85,XIII,XIII/M77.85.md,"Autres enthésopathies, non classées ailleurs - "" Région pelvienne et cuisse """,false,true,true,false,false,,inconnu_atih,OWL_ANS,emissible,2258
M77.86,XIII,XIII/M77.86.md,"Autres enthésopathies, non classées ailleurs - "" Jambe """,false,true,true,false,false,,inconnu_atih,OWL_ANS,emissible,2157
M77.87,XIII,XIII/M77.87.md,"Autres enthésopathies, non classées ailleurs - "" Cheville et pied """,false,true,true,false,false,,inconnu_atih,OWL_ANS,emissible,2264
M77.88,XIII,XIII/M77.88.md,"Autres enthésopathies, non classées ailleurs - "" Autres """,false,true,true,false,false,0,codable,OWL_ANS,emissible,2201
M77.89,XIII,XIII/M77.89.md,"Autres enthésopathies, non classées ailleurs - "" Siège non précisé """,false,false,true,false,false,0,codable,OWL_ANS,emissible,2058
M77.9,XIII,XIII/M77.9.md,"Enthésopathie, sans précision",true,false,true,false,true,0,codable,OWL_ANS,emissible,2369
M77.90,XIII,XIII/M77.90.md,"Enthésopathie, sans précision - "" Sièges multiples """,true,false,true,false,false,0,codable,OWL_ANS,emissible,2182
M77.91,XIII,XIII/M77.91.md,"Enthésopathie, sans précision - "" Région scapulaire """,true,true,true,false,false,0,codable,OWL_ANS,emissible,2469
M77.92,XIII,XIII/M77.92.md,"Enthésopathie, sans précision - "" Bras """,true,true,true,false,true,0,codable,OWL_ANS,emissible,2388
M77.93,XIII,XIII/M77.93.md,"Enthésopathie, sans précision - "" Avant-bras """,true,true,true,false,false,0,codable,OWL_ANS,emissible,2310
M77.94,XIII,XIII/M77.94.md,"Enthésopathie, sans précision - "" Main """,true,true,true,false,true,0,codable,OWL_ANS,emissible,2581
M77.95,XIII,XIII/M77.95.md,"Enthésopathie, sans précision - "" Région pelvienne et cuisse """,true,true,true,false,false,,inconnu_atih,OWL_ANS,emissible,2383
M77.96,XIII,XIII/M77.96.md,"Enthésopathie, sans précision - "" Jambe """,true,true,true,false,false,,inconnu_atih,OWL_ANS,emissible,2282
M77.97,XIII,XIII/M77.97.md,"Enthésopathie, sans précision - "" Cheville et pied """,true,true,true,false,false,0,codable,OWL_ANS,emissible,2404
M77.98,XIII,XIII/M77.98.md,"Enthésopathie, sans précision - "" Autres """,true,true,true,false,false,0,codable,OWL_ANS,emissible,2326
M77.99,XIII,XIII/M77.99.md,"Enthésopathie, sans précision - "" Siège non précisé """,true,false,true,false,false,0,codable,OWL_ANS,emissible,2183
M79.0,XIII,XIII/M79.0.md,"Rhumatisme, sans précision",true,false,true,false,true,0,codable,OWL_ANS,emissible,2700
M79.00,XIII,XIII/M79.00.md,"Rhumatisme, sans précision - "" Sièges multiples """,false,false,true,false,false,0,codable,OWL_ANS,emissible,2020
M79.01,XIII,XIII/M79.01.md,"Rhumatisme, sans précision - "" Région scapulaire """,false,true,true,false,false,0,codable,OWL_ANS,emissible,2307
M79.02,XIII,XIII/M79.02.md,"Rhumatisme, sans précision - "" Bras """,false,true,true,false,false,0,codable,OWL_ANS,emissible,2122
M79.03,XIII,XIII/M79.03.md,"Rhumatisme, sans précision - "" Avant-bras """,false,true,true,false,false,0,codable,OWL_ANS,emissible,2148
M79.04,XIII,XIII/M79.04.md,"Rhumatisme, sans précision - "" Main """,false,true,true,false,false,0,codable,OWL_ANS,emissible,2166
M79.05,XIII,XIII/M79.05.md,"Rhumatisme, sans précision - "" Région pelvienne et cuisse """,false,true,true,false,false,0,codable,OWL_ANS,emissible,2236
M79.06,XIII,XIII/M79.06.md,"Rhumatisme, sans précision - "" Jambe """,false,true,true,false,false,0,codable,OWL_ANS,emissible,2135
M79.07,XIII,XIII/M79.07.md,"Rhumatisme, sans précision - "" Cheville et pied """,false,true,true,false,false,0,codable,OWL_ANS,emissible,2242
M79.08,XIII,XIII/M79.08.md,"Rhumatisme, sans précision - "" Autres """,false,true,true,false,false,0,codable,OWL_ANS,emissible,2164
M79.09,XIII,XIII/M79.09.md,"Rhumatisme, sans précision - "" Siège non précisé """,false,false,true,false,false,0,codable,OWL_ANS,emissible,2021
M79.1,XIII,XIII/M79.1.md,Myalgie,false,false,true,false,true,0,codable,OWL_ANS,emissible,2338
M79.10,XIII,XIII/M79.10.md,"Myalgie - "" Sièges multiples """,false,false,true,false,false,0,codable,OWL_ANS,emissible,1963
M79.11,XIII,XIII/M79.11.md,"Myalgie - "" Région scapulaire """,false,true,true,false,false,0,codable,OWL_ANS,emissible,2250
M79.12,XIII,XIII/M79.12.md,"Myalgie - "" Bras """,false,true,true,false,false,0,codable,OWL_ANS,emissible,2065
M79.13,XIII,XIII/M79.13.md,"Myalgie - "" Avant-bras """,false,true,true,false,false,0,codable,OWL_ANS,emissible,2091
M79.14,XIII,XIII/M79.14.md,"Myalgie - "" Main """,false,true,true,false,false,0,codable,OWL_ANS,emissible,2109
M79.15,XIII,XIII/M79.15.md,"Myalgie - "" Région pelvienne et cuisse """,false,true,true,false,false,0,codable,OWL_ANS,emissible,2179
M79.16,XIII,XIII/M79.16.md,"Myalgie - "" Jambe """,false,true,true,false,false,0,codable,OWL_ANS,emissible,2078
M79.17,XIII,XIII/M79.17.md,"Myalgie - "" Cheville et pied """,false,true,true,false,false,0,codable,OWL_ANS,emissible,2185
M79.18,XIII,XIII/M79.18.md,"Myalgie - "" Autres """,false,true,true,false,false,0,codable,OWL_ANS,emissible,2107
M79.19,XIII,XIII/M79.19.md,"Myalgie - "" Siège non précisé """,false,false,true,false,false,0,codable,OWL_ANS,emissible,1964
M79.2,XIII,XIII/M79.2.md,"Névralgie et névrite, sans précision",false,false,true,false,true,0,codable,OWL_ANS,emissible,2396
M79.20,XIII,XIII/M79.20.md,"Névralgie et névrite, sans précision - "" Sièges multiples """,false,false,true,false,false,0,codable,OWL_ANS,emissible,2106
M79.21,XIII,XIII/M79.21.md,"Névralgie et névrite, sans précision - "" Région scapulaire """,false,true,true,false,false,0,codable,OWL_ANS,emissible,2393
M79.22,XIII,XIII/M79.22.md,"Névralgie et névrite, sans précision - "" Bras """,false,true,true,false,false,0,codable,OWL_ANS,emissible,2208
M79.23,XIII,XIII/M79.23.md,"Névralgie et névrite, sans précision - "" Avant-bras """,false,true,true,false,false,0,codable,OWL_ANS,emissible,2234
M79.24,XIII,XIII/M79.24.md,"Névralgie et névrite, sans précision - "" Main """,false,true,true,false,false,0,codable,OWL_ANS,emissible,2252
M79.25,XIII,XIII/M79.25.md,"Névralgie et névrite, sans précision - "" Région pelvienne et cuisse """,false,true,true,false,false,0,codable,OWL_ANS,emissible,2322
M79.26,XIII,XIII/M79.26.md,"Névralgie et névrite, sans précision - "" Jambe """,false,true,true,false,false,0,codable,OWL_ANS,emissible,2221
M79.27,XIII,XIII/M79.27.md,"Névralgie et névrite, sans précision - "" Cheville et pied """,false,true,true,false,false,0,codable,OWL_ANS,emissible,2328
M79.28,XIII,XIII/M79.28.md,"Névralgie et névrite, sans précision - "" Autres """,false,true,true,false,false,0,codable,OWL_ANS,emissible,2250
M79.29,XIII,XIII/M79.29.md,"Névralgie et névrite, sans précision - "" Siège non précisé """,false,false,true,false,false,0,codable,OWL_ANS,emissible,2107
M79.3,XIII,XIII/M79.3.md,"Panniculite, sans précision",false,false,true,false,true,0,codable,OWL_ANS,emissible,2246
M79.30,XIII,XIII/M79.30.md,"Panniculite, sans précision - "" Sièges multiples """,false,false,true,false,true,0,codable,OWL_ANS,emissible,2136
M79.31,XIII,XIII/M79.31.md,"Panniculite, sans précision - "" Région scapulaire """,false,true,true,false,true,0,codable,OWL_ANS,emissible,2425
M79.32,XIII,XIII/M79.32.md,"Panniculite, sans précision - "" Bras """,false,true,true,false,true,0,codable,OWL_ANS,emissible,2247
M79.33,XIII,XIII/M79.33.md,"Panniculite, sans précision - "" Avant-bras """,false,true,true,false,false,0,codable,OWL_ANS,emissible,2198
M79.34,XIII,XIII/M79.34.md,"Panniculite, sans précision - "" Main """,false,true,true,false,false,0,codable,OWL_ANS,emissible,2216
M79.35,XIII,XIII/M79.35.md,"Panniculite, sans précision - "" Région pelvienne et cuisse """,false,true,true,false,false,0,codable,OWL_ANS,emissible,2286
M79.36,XIII,XIII/M79.36.md,"Panniculite, sans précision - "" Jambe """,false,true,true,false,false,0,codable,OWL_ANS,emissible,2185
M79.37,XIII,XIII/M79.37.md,"Panniculite, sans précision - "" Cheville et pied """,false,true,true,false,false,0,codable,OWL_ANS,emissible,2292
M79.38,XIII,XIII/M79.38.md,"Panniculite, sans précision - "" Autres """,false,true,true,false,false,0,codable,OWL_ANS,emissible,2214
M79.39,XIII,XIII/M79.39.md,"Panniculite, sans précision - "" Siège non précisé """,false,false,true,false,false,0,codable,OWL_ANS,emissible,2071
M79.4,XIII,XIII/M79.4.md,Hypertrophie du coussinet graisseux (rotulien),false,false,true,false,true,0,codable,OWL_ANS,emissible,2065
M79.40,XIII,XIII/M79.40.md,"Hypertrophie du coussinet graisseux (rotulien) - "" Sièges multiples """,false,false,true,false,false,0,codable,OWL_ANS,emissible,1986
M79.41,XIII,XIII/M79.41.md,"Hypertrophie du coussinet graisseux (rotulien) - "" Région scapulaire """,false,true,true,false,false,0,codable,OWL_ANS,emissible,2273
M79.42,XIII,XIII/M79.42.md,"Hypertrophie du coussinet graisseux (rotulien) - "" Bras """,false,true,true,false,false,0,codable,OWL_ANS,emissible,2088
M79.43,XIII,XIII/M79.43.md,"Hypertrophie du coussinet graisseux (rotulien) - "" Avant-bras """,false,true,true,false,false,0,codable,OWL_ANS,emissible,2114
M79.44,XIII,XIII/M79.44.md,"Hypertrophie du coussinet graisseux (rotulien) - "" Main """,false,true,true,false,false,0,codable,OWL_ANS,emissible,2132
M79.45,XIII,XIII/M79.45.md,"Hypertrophie du coussinet graisseux (rotulien) - "" Région pelvienne et cuisse """,false,true,true,false,false,0,codable,OWL_ANS,emissible,2202
M79.46,XIII,XIII/M79.46.md,"Hypertrophie du coussinet graisseux (rotulien) - "" Jambe """,false,true,true,false,false,0,codable,OWL_ANS,emissible,2101
M79.47,XIII,XIII/M79.47.md,"Hypertrophie du coussinet graisseux (rotulien) - "" Cheville et pied """,false,true,true,false,false,0,codable,OWL_ANS,emissible,2208
M79.48,XIII,XIII/M79.48.md,"Hypertrophie du coussinet graisseux (rotulien) - "" Autres """,false,true,true,false,false,0,codable,OWL_ANS,emissible,2130
M79.49,XIII,XIII/M79.49.md,"Hypertrophie du coussinet graisseux (rotulien) - "" Siège non précisé """,false,false,true,false,false,,inconnu_atih,OWL_ANS,emissible,1972
M79.5,XIII,XIII/M79.5.md,Corps étranger résiduel dans un tissu mou,false,false,true,false,false,0,codable,OWL_ANS,emissible,2089
M79.50,XIII,XIII/M79.50.md,"Corps étranger résiduel dans un tissu mou - "" Sièges multiples """,false,false,true,false,false,0,codable,OWL_ANS,emissible,2098
M79.51,XIII,XIII/M79.51.md,"Corps étranger résiduel dans un tissu mou - "" Région scapulaire """,false,true,true,false,false,0,codable,OWL_ANS,emissible,2385
M79.52,XIII,XIII/M79.52.md,"Corps étranger résiduel dans un tissu mou - "" Bras """,false,true,true,false,false,0,codable,OWL_ANS,emissible,2200
M79.53,XIII,XIII/M79.53.md,"Corps étranger résiduel dans un tissu mou - "" Avant-bras """,false,true,true,false,false,0,codable,OWL_ANS,emissible,2226
M79.54,XIII,XIII/M79.54.md,"Corps étranger résiduel dans un tissu mou - "" Main """,false,true,true,false,false,0,codable,OWL_ANS,emissible,2244
M79.55,XIII,XIII/M79.55.md,"Corps étranger résiduel dans un tissu mou - "" Région pelvienne et cuisse """,false,true,true,false,false,0,codable,OWL_ANS,emissible,2314
M79.56,XIII,XIII/M79.56.md,"Corps étranger résiduel dans un tissu mou - "" Jambe """,false,true,true,false,false,0,codable,OWL_ANS,emissible,2213
M79.57,XIII,XIII/M79.57.md,"Corps étranger résiduel dans un tissu mou - "" Cheville et pied """,false,true,true,false,false,0,codable,OWL_ANS,emissible,2320
M79.58,XIII,XIII/M79.58.md,"Corps étranger résiduel dans un tissu mou - "" Autres """,false,true,true,false,false,0,codable,OWL_ANS,emissible,2242
M79.59,XIII,XIII/M79.59.md,"Corps étranger résiduel dans un tissu mou - "" Siège non précisé """,false,false,true,false,false,0,codable,OWL_ANS,emissible,2099
M79.6,XIII,XIII/M79.6.md,Douleur au niveau d'un membre,false,false,true,false,true,0,codable,OWL_ANS,emissible,2369
M79.60,XIII,XIII/M79.60.md,"Douleur au niveau d'un membre - "" Sièges multiples """,false,false,true,false,false,0,codable,OWL_ANS,emissible,1969
M79.61,XIII,XIII/M79.61.md,"Douleur au niveau d'un membre - "" Région scapulaire """,false,true,true,false,false,0,codable,OWL_ANS,emissible,2256
M79.62,XIII,XIII/M79.62.md,"Douleur au niveau d'un membre - "" Bras """,false,true,true,false,false,0,codable,OWL_ANS,emissible,2071
M79.63,XIII,XIII/M79.63.md,"Douleur au niveau d'un membre - "" Avant-bras """,false,true,true,false,false,0,codable,OWL_ANS,emissible,2097
M79.64,XIII,XIII/M79.64.md,"Douleur au niveau d'un membre - "" Main """,false,true,true,false,false,0,codable,OWL_ANS,emissible,2115
M79.65,XIII,XIII/M79.65.md,"Douleur au niveau d'un membre - "" Région pelvienne et cuisse """,false,true,true,false,false,0,codable,OWL_ANS,emissible,2185
M79.66,XIII,XIII/M79.66.md,"Douleur au niveau d'un membre - "" Jambe """,false,true,true,false,false,0,codable,OWL_ANS,emissible,2084
M79.67,XIII,XIII/M79.67.md,"Douleur au niveau d'un membre - "" Cheville et pied """,false,true,true,false,false,0,codable,OWL_ANS,emissible,2191
M79.68,XIII,XIII/M79.68.md,"Douleur au niveau d'un membre - "" Autres """,false,true,true,false,false,,inconnu_atih,OWL_ANS,emissible,2098
M79.69,XIII,XIII/M79.69.md,"Douleur au niveau d'un membre - "" Siège non précisé """,false,false,true,false,false,0,codable,OWL_ANS,emissible,1970
M79.7,XIII,XIII/M79.7.md,Fibromyalgie,true,false,true,false,true,0,codable,OWL_ANS,emissible,2053
M79.70,XIII,XIII/M79.70.md,"Fibromyalgie - "" Sièges multiples """,true,false,true,false,false,0,codable,OWL_ANS,emissible,2066
M79.71,XIII,XIII/M79.71.md,"Fibromyalgie - "" Région scapulaire """,true,false,true,false,false,0,codable,OWL_ANS,emissible,2211
M79.72,XIII,XIII/M79.72.md,"Fibromyalgie - "" Bras """,true,false,true,false,false,0,codable,OWL_ANS,emissible,2109
M79.73,XIII,XIII/M79.73.md,"Fibromyalgie - "" Avant-bras """,true,false,true,false,false,0,codable,OWL_ANS,emissible,2126
M79.74,XIII,XIII/M79.74.md,"Fibromyalgie - "" Main """,true,false,true,false,false,0,codable,OWL_ANS,emissible,2133
M79.75,XIII,XIII/M79.75.md,"Fibromyalgie - "" Région pelvienne et cuisse """,true,false,true,false,false,0,codable,OWL_ANS,emissible,2180
M79.76,XIII,XIII/M79.76.md,"Fibromyalgie - "" Jambe """,true,false,true,false,false,0,codable,OWL_ANS,emissible,2117
M79.77,XIII,XIII/M79.77.md,"Fibromyalgie - "" Cheville et pied """,true,false,true,false,false,0,codable,OWL_ANS,emissible,2178
M79.78,XIII,XIII/M79.78.md,"Fibromyalgie - "" Autres """,true,false,true,false,false,0,codable,OWL_ANS,emissible,2135
M79.79,XIII,XIII/M79.79.md,"Fibromyalgie - "" Siège non précisé """,true,false,true,false,false,0,codable,OWL_ANS,emissible,2067
M79.8,XIII,XIII/M79.8.md,Autres affections précisées des tissus mous,false,false,true,false,true,0,codable,OWL_ANS,emissible,2764
M79.80,XIII,XIII/M79.80.md,"Autres affections précisées des tissus mous - "" Sièges multiples """,false,false,true,false,false,0,codable,OWL_ANS,emissible,1983
M79.81,XIII,XIII/M79.81.md,"Autres affections précisées des tissus mous - "" Région scapulaire """,false,true,true,false,false,0,codable,OWL_ANS,emissible,2270
M79.82,XIII,XIII/M79.82.md,"Autres affections précisées des tissus mous - "" Bras """,false,true,true,false,false,0,codable,OWL_ANS,emissible,2085
M79.83,XIII,XIII/M79.83.md,"Autres affections précisées des tissus mous - "" Avant-bras """,false,true,true,false,false,0,codable,OWL_ANS,emissible,2111
M79.84,XIII,XIII/M79.84.md,"Autres affections précisées des tissus mous - "" Main """,false,true,true,false,false,0,codable,OWL_ANS,emissible,2129
M79.85,XIII,XIII/M79.85.md,"Autres affections précisées des tissus mous - "" Région pelvienne et cuisse """,false,true,true,false,false,0,codable,OWL_ANS,emissible,2199
M79.86,XIII,XIII/M79.86.md,"Autres affections précisées des tissus mous - "" Jambe """,false,true,true,false,false,0,codable,OWL_ANS,emissible,2098
M79.87,XIII,XIII/M79.87.md,"Autres affections précisées des tissus mous - "" Cheville et pied """,false,true,true,false,false,0,codable,OWL_ANS,emissible,2205
M79.88,XIII,XIII/M79.88.md,"Autres affections précisées des tissus mous - "" Autres """,false,true,true,false,false,0,codable,OWL_ANS,emissible,2127
M79.89,XIII,XIII/M79.89.md,"Autres affections précisées des tissus mous - "" Siège non précisé """,false,false,true,false,false,0,codable,OWL_ANS,emissible,1984
M79.9,XIII,XIII/M79.9.md,"Affection des tissus mous, sans précision",false,false,true,false,true,1,interdit_dp_dr,OWL_ANS,emissible,2083
M79.90,XIII,XIII/M79.90.md,"Affection des tissus mous, sans précision - "" Sièges multiples """,false,false,true,false,false,1,interdit_dp_dr,OWL_ANS,emissible,1983
M79.91,XIII,XIII/M79.91.md,"Affection des tissus mous, sans précision - "" Région scapulaire """,false,true,true,false,false,1,interdit_dp_dr,OWL_ANS,emissible,2270
M79.92,XIII,XIII/M79.92.md,"Affection des tissus mous, sans précision - "" Bras """,false,true,true,false,false,1,interdit_dp_dr,OWL_ANS,emissible,2085
M79.93,XIII,XIII/M79.93.md,"Affection des tissus mous, sans précision - "" Avant-bras """,false,true,true,false,false,1,interdit_dp_dr,OWL_ANS,emissible,2111
M79.94,XIII,XIII/M79.94.md,"Affection des tissus mous, sans précision - "" Main """,false,true,true,false,false,1,interdit_dp_dr,OWL_ANS,emissible,2129
M79.95,XIII,XIII/M79.95.md,"Affection des tissus mous, sans précision - "" Région pelvienne et cuisse """,false,true,true,false,false,1,interdit_dp_dr,OWL_ANS,emissible,2199
M79.96,XIII,XIII/M79.96.md,"Affection des tissus mous, sans précision - "" Jambe """,false,true,true,false,false,1,interdit_dp_dr,OWL_ANS,emissible,2098
M79.97,XIII,XIII/M79.97.md,"Affection des tissus mous, sans précision - "" Cheville et pied """,false,true,true,false,false,1,interdit_dp_dr,OWL_ANS,emissible,2205
M79.98,XIII,XIII/M79.98.md,"Affection des tissus mous, sans précision - "" Autres """,false,true,true,false,false,1,interdit_dp_dr,OWL_ANS,emissible,2127
M79.99,XIII,XIII/M79.99.md,"Affection des tissus mous, sans précision - "" Siège non précisé """,false,false,true,false,false,1,interdit_dp_dr,OWL_ANS,emissible,1984
M80.0,XIII,XIII/M80.0.md,Ostéoporose postménopausique avec fracture pathologique,true,false,true,false,true,0,codable,OWL_ANS,emissible,2402
M80.00,XIII,XIII/M80.00.md,"Ostéoporose postménopausique avec fracture pathologique - "" Sièges multiples """,true,false,true,false,false,0,codable,OWL_ANS,emissible,2208
M80.01,XIII,XIII/M80.01.md,"Ostéoporose postménopausique avec fracture pathologique - "" Région scapulaire """,true,true,true,false,false,0,codable,OWL_ANS,emissible,2495
M80.02,XIII,XIII/M80.02.md,"Ostéoporose postménopausique avec fracture pathologique - "" Bras """,true,true,true,false,false,0,codable,OWL_ANS,emissible,2310
M80.03,XIII,XIII/M80.03.md,"Ostéoporose postménopausique avec fracture pathologique - "" Avant-bras """,true,true,true,false,false,0,codable,OWL_ANS,emissible,2336
M80.04,XIII,XIII/M80.04.md,"Ostéoporose postménopausique avec fracture pathologique - "" Main """,true,true,true,false,false,0,codable,OWL_ANS,emissible,2354
M80.05,XIII,XIII/M80.05.md,"Ostéoporose postménopausique avec fracture pathologique - "" Région pelvienne et cuisse """,true,true,true,false,false,0,codable,OWL_ANS,emissible,2424
M80.06,XIII,XIII/M80.06.md,"Ostéoporose postménopausique avec fracture pathologique - "" Jambe """,true,true,true,false,false,0,codable,OWL_ANS,emissible,2323
M80.07,XIII,XIII/M80.07.md,"Ostéoporose postménopausique avec fracture pathologique - "" Cheville et pied """,true,true,true,false,false,0,codable,OWL_ANS,emissible,2430
M80.08,XIII,XIII/M80.08.md,"Ostéoporose postménopausique avec fracture pathologique - "" Autres """,true,true,true,false,false,0,codable,OWL_ANS,emissible,2352
M80.09,XIII,XIII/M80.09.md,"Ostéoporose postménopausique avec fracture pathologique - "" Siège non précisé """,true,false,true,false,false,0,codable,OWL_ANS,emissible,2209
M80.1,XIII,XIII/M80.1.md,Ostéoporose après ovariectomie avec fracture pathologique,true,false,true,false,true,0,codable,OWL_ANS,emissible,2316
M80.10,XIII,XIII/M80.10.md,"Ostéoporose après ovariectomie avec fracture pathologique - "" Sièges multiples """,true,false,true,false,false,0,codable,OWL_ANS,emissible,2210
M80.11,XIII,XIII/M80.11.md,"Ostéoporose après ovariectomie avec fracture pathologique - "" Région scapulaire """,true,true,true,false,false,0,codable,OWL_ANS,emissible,2497
M80.12,XIII,XIII/M80.12.md,"Ostéoporose après ovariectomie avec fracture pathologique - "" Bras """,true,true,true,false,false,0,codable,OWL_ANS,emissible,2312
M80.13,XIII,XIII/M80.13.md,"Ostéoporose après ovariectomie avec fracture pathologique - "" Avant-bras """,true,true,true,false,false,0,codable,OWL_ANS,emissible,2338
M80.14,XIII,XIII/M80.14.md,"Ostéoporose après ovariectomie avec fracture pathologique - "" Main """,true,true,true,false,false,0,codable,OWL_ANS,emissible,2356
M80.15,XIII,XIII/M80.15.md,"Ostéoporose après ovariectomie avec fracture pathologique - "" Région pelvienne et cuisse """,true,true,true,false,false,0,codable,OWL_ANS,emissible,2426
M80.16,XIII,XIII/M80.16.md,"Ostéoporose après ovariectomie avec fracture pathologique - "" Jambe """,true,true,true,false,false,0,codable,OWL_ANS,emissible,2325
M80.17,XIII,XIII/M80.17.md,"Ostéoporose après ovariectomie avec fracture pathologique - "" Cheville et pied """,true,true,true,false,false,0,codable,OWL_ANS,emissible,2432
M80.18,XIII,XIII/M80.18.md,"Ostéoporose après ovariectomie avec fracture pathologique - "" Autres """,true,true,true,false,false,0,codable,OWL_ANS,emissible,2354
M80.19,XIII,XIII/M80.19.md,"Ostéoporose après ovariectomie avec fracture pathologique - "" Siège non précisé """,true,false,true,false,false,0,codable,OWL_ANS,emissible,2211
M80.2,XIII,XIII/M80.2.md,Ostéoporose d'inactivité avec fracture pathologique,true,false,true,false,true,0,codable,OWL_ANS,emissible,2249
M80.20,XIII,XIII/M80.20.md,"Ostéoporose d'inactivité avec fracture pathologique - "" Sièges multiples """,true,false,true,false,false,0,codable,OWL_ANS,emissible,2204
M80.21,XIII,XIII/M80.21.md,"Ostéoporose d'inactivité avec fracture pathologique - "" Région scapulaire """,true,true,true,false,false,0,codable,OWL_ANS,emissible,2491
M80.22,XIII,XIII/M80.22.md,"Ostéoporose d'inactivité avec fracture pathologique - "" Bras """,true,true,true,false,false,0,codable,OWL_ANS,emissible,2306
M80.23,XIII,XIII/M80.23.md,"Ostéoporose d'inactivité avec fracture pathologique - "" Avant-bras """,true,true,true,false,false,0,codable,OWL_ANS,emissible,2332
M80.24,XIII,XIII/M80.24.md,"Ostéoporose d'inactivité avec fracture pathologique - "" Main """,true,true,true,false,false,0,codable,OWL_ANS,emissible,2350
M80.25,XIII,XIII/M80.25.md,"Ostéoporose d'inactivité avec fracture pathologique - "" Région pelvienne et cuisse """,true,true,true,false,false,0,codable,OWL_ANS,emissible,2420
M80.26,XIII,XIII/M80.26.md,"Ostéoporose d'inactivité avec fracture pathologique - "" Jambe """,true,true,true,false,false,0,codable,OWL_ANS,emissible,2319
M80.27,XIII,XIII/M80.27.md,"Ostéoporose d'inactivité avec fracture pathologique - "" Cheville et pied """,true,true,true,false,false,0,codable,OWL_ANS,emissible,2426
M80.28,XIII,XIII/M80.28.md,"Ostéoporose d'inactivité avec fracture pathologique - "" Autres """,true,true,true,false,false,0,codable,OWL_ANS,emissible,2348
M80.29,XIII,XIII/M80.29.md,"Ostéoporose d'inactivité avec fracture pathologique - "" Siège non précisé """,true,false,true,false,false,0,codable,OWL_ANS,emissible,2205
M80.3,XIII,XIII/M80.3.md,Ostéoporose consécutive à une malabsorption postchirurgicale avec fracture pathologique,true,false,true,false,true,0,codable,OWL_ANS,emissible,2321
M80.30,XIII,XIII/M80.30.md,"Ostéoporose consécutive à une malabsorption postchirurgicale avec fracture pathologique - "" Sièges multiples """,true,false,true,false,false,0,codable,OWL_ANS,emissible,2240
M80.31,XIII,XIII/M80.31.md,"Ostéoporose consécutive à une malabsorption postchirurgicale avec fracture pathologique - "" Région scapulaire """,true,true,true,false,false,0,codable,OWL_ANS,emissible,2527
M80.32,XIII,XIII/M80.32.md,"Ostéoporose consécutive à une malabsorption postchirurgicale avec fracture pathologique - "" Bras """,true,true,true,false,false,0,codable,OWL_ANS,emissible,2342
M80.33,XIII,XIII/M80.33.md,"Ostéoporose consécutive à une malabsorption postchirurgicale avec fracture pathologique - "" Avant-bras """,true,true,true,false,false,0,codable,OWL_ANS,emissible,2368
M80.34,XIII,XIII/M80.34.md,"Ostéoporose consécutive à une malabsorption postchirurgicale avec fracture pathologique - "" Main """,true,true,true,false,false,0,codable,OWL_ANS,emissible,2386
M80.35,XIII,XIII/M80.35.md,"Ostéoporose consécutive à une malabsorption postchirurgicale avec fracture pathologique - "" Région pelvienne et cuisse """,true,true,true,false,false,0,codable,OWL_ANS,emissible,2456
M80.36,XIII,XIII/M80.36.md,"Ostéoporose consécutive à une malabsorption postchirurgicale avec fracture pathologique - "" Jambe """,true,true,true,false,false,0,codable,OWL_ANS,emissible,2355
M80.37,XIII,XIII/M80.37.md,"Ostéoporose consécutive à une malabsorption postchirurgicale avec fracture pathologique - "" Cheville et pied """,true,true,true,false,false,0,codable,OWL_ANS,emissible,2462
M80.38,XIII,XIII/M80.38.md,"Ostéoporose consécutive à une malabsorption postchirurgicale avec fracture pathologique - "" Autres """,true,true,true,false,false,0,codable,OWL_ANS,emissible,2384
M80.39,XIII,XIII/M80.39.md,"Ostéoporose consécutive à une malabsorption postchirurgicale avec fracture pathologique - "" Siège non précisé """,true,false,true,false,false,0,codable,OWL_ANS,emissible,2241
M80.4,XIII,XIII/M80.4.md,Ostéoporose médicamenteuse avec fracture pathologique,true,false,true,false,true,0,codable,OWL_ANS,emissible,2292
M80.40,XIII,XIII/M80.40.md,"Ostéoporose médicamenteuse avec fracture pathologique - "" Sièges multiples """,true,false,true,false,false,0,codable,OWL_ANS,emissible,2206
M80.41,XIII,XIII/M80.41.md,"Ostéoporose médicamenteuse avec fracture pathologique - "" Région scapulaire """,true,true,true,false,false,0,codable,OWL_ANS,emissible,2493
M80.42,XIII,XIII/M80.42.md,"Ostéoporose médicamenteuse avec fracture pathologique - "" Bras """,true,true,true,false,false,0,codable,OWL_ANS,emissible,2308
M80.43,XIII,XIII/M80.43.md,"Ostéoporose médicamenteuse avec fracture pathologique - "" Avant-bras """,true,true,true,false,false,0,codable,OWL_ANS,emissible,2334
M80.44,XIII,XIII/M80.44.md,"Ostéoporose médicamenteuse avec fracture pathologique - "" Main """,true,true,true,false,false,0,codable,OWL_ANS,emissible,2352
M80.45,XIII,XIII/M80.45.md,"Ostéoporose médicamenteuse avec fracture pathologique - "" Région pelvienne et cuisse """,true,true,true,false,false,0,codable,OWL_ANS,emissible,2422
M80.46,XIII,XIII/M80.46.md,"Ostéoporose médicamenteuse avec fracture pathologique - "" Jambe """,true,true,true,false,false,0,codable,OWL_ANS,emissible,2321
M80.47,XIII,XIII/M80.47.md,"Ostéoporose médicamenteuse avec fracture pathologique - "" Cheville et pied """,true,true,true,false,false,0,codable,OWL_ANS,emissible,2428
M80.48,XIII,XIII/M80.48.md,"Ostéoporose médicamenteuse avec fracture pathologique - "" Autres """,true,true,true,false,false,0,codable,OWL_ANS,emissible,2350
M80.49,XIII,XIII/M80.49.md,"Ostéoporose médicamenteuse avec fracture pathologique - "" Siège non précisé """,true,false,true,false,false,0,codable,OWL_ANS,emissible,2207
M80.5,XIII,XIII/M80.5.md,Ostéoporose idiopathique avec fracture pathologique,true,false,true,false,true,0,codable,OWL_ANS,emissible,2249
M80.50,XIII,XIII/M80.50.md,"Ostéoporose idiopathique avec fracture pathologique - "" Sièges multiples """,true,false,true,false,false,0,codable,OWL_ANS,emissible,2204
M80.51,XIII,XIII/M80.51.md,"Ostéoporose idiopathique avec fracture pathologique - "" Région scapulaire """,true,true,true,false,false,0,codable,OWL_ANS,emissible,2491
M80.52,XIII,XIII/M80.52.md,"Ostéoporose idiopathique avec fracture pathologique - "" Bras """,true,true,true,false,false,0,codable,OWL_ANS,emissible,2306
M80.53,XIII,XIII/M80.53.md,"Ostéoporose idiopathique avec fracture pathologique - "" Avant-bras """,true,true,true,false,false,0,codable,OWL_ANS,emissible,2332
M80.54,XIII,XIII/M80.54.md,"Ostéoporose idiopathique avec fracture pathologique - "" Main """,true,true,true,false,false,0,codable,OWL_ANS,emissible,2350
M80.55,XIII,XIII/M80.55.md,"Ostéoporose idiopathique avec fracture pathologique - "" Région pelvienne et cuisse """,true,true,true,false,false,0,codable,OWL_ANS,emissible,2420
M80.56,XIII,XIII/M80.56.md,"Ostéoporose idiopathique avec fracture pathologique - "" Jambe """,true,true,true,false,false,0,codable,OWL_ANS,emissible,2319
M80.57,XIII,XIII/M80.57.md,"Ostéoporose idiopathique avec fracture pathologique - "" Cheville et pied """,true,true,true,false,false,0,codable,OWL_ANS,emissible,2426
M80.58,XIII,XIII/M80.58.md,"Ostéoporose idiopathique avec fracture pathologique - "" Autres """,true,true,true,false,false,0,codable,OWL_ANS,emissible,2348
M80.59,XIII,XIII/M80.59.md,"Ostéoporose idiopathique avec fracture pathologique - "" Siège non précisé """,true,false,true,false,false,0,codable,OWL_ANS,emissible,2205
M80.8,XIII,XIII/M80.8.md,Autres ostéoporoses avec fracture pathologique,true,false,true,false,true,0,codable,OWL_ANS,emissible,2939
M80.80,XIII,XIII/M80.80.md,"Autres ostéoporoses avec fracture pathologique - "" Sièges multiples """,true,false,true,false,false,0,codable,OWL_ANS,emissible,2199
M80.81,XIII,XIII/M80.81.md,"Autres ostéoporoses avec fracture pathologique - "" Région scapulaire """,true,true,true,false,false,0,codable,OWL_ANS,emissible,2486
M80.82,XIII,XIII/M80.82.md,"Autres ostéoporoses avec fracture pathologique - "" Bras """,true,true,true,false,false,0,codable,OWL_ANS,emissible,2301
M80.83,XIII,XIII/M80.83.md,"Autres ostéoporoses avec fracture pathologique - "" Avant-bras """,true,true,true,false,false,0,codable,OWL_ANS,emissible,2327
M80.84,XIII,XIII/M80.84.md,"Autres ostéoporoses avec fracture pathologique - "" Main """,true,true,true,false,false,0,codable,OWL_ANS,emissible,2345
M80.85,XIII,XIII/M80.85.md,"Autres ostéoporoses avec fracture pathologique - "" Région pelvienne et cuisse """,true,true,true,false,false,0,codable,OWL_ANS,emissible,2415
M80.86,XIII,XIII/M80.86.md,"Autres ostéoporoses avec fracture pathologique - "" Jambe """,true,true,true,false,false,0,codable,OWL_ANS,emissible,2314
M80.87,XIII,XIII/M80.87.md,"Autres ostéoporoses avec fracture pathologique - "" Cheville et pied """,true,true,true,false,false,0,codable,OWL_ANS,emissible,2421
M80.88,XIII,XIII/M80.88.md,"Autres ostéoporoses avec fracture pathologique - "" Autres """,true,true,true,false,false,0,codable,OWL_ANS,emissible,2343
M80.89,XIII,XIII/M80.89.md,"Autres ostéoporoses avec fracture pathologique - "" Siège non précisé """,true,false,true,false,false,0,codable,OWL_ANS,emissible,2200
M80.9,XIII,XIII/M80.9.md,"Ostéoporose avec fracture pathologique, sans précision",true,false,true,false,true,0,codable,OWL_ANS,emissible,2586
M80.90,XIII,XIII/M80.90.md,"Ostéoporose avec fracture pathologique, sans précision - "" Sièges multiples """,true,false,true,false,false,0,codable,OWL_ANS,emissible,2207
M80.91,XIII,XIII/M80.91.md,"Ostéoporose avec fracture pathologique, sans précision - "" Région scapulaire """,true,true,true,false,false,0,codable,OWL_ANS,emissible,2494
M80.92,XIII,XIII/M80.92.md,"Ostéoporose avec fracture pathologique, sans précision - "" Bras """,true,true,true,false,false,0,codable,OWL_ANS,emissible,2309
M80.93,XIII,XIII/M80.93.md,"Ostéoporose avec fracture pathologique, sans précision - "" Avant-bras """,true,true,true,false,false,0,codable,OWL_ANS,emissible,2335
M80.94,XIII,XIII/M80.94.md,"Ostéoporose avec fracture pathologique, sans précision - "" Main """,true,true,true,false,false,0,codable,OWL_ANS,emissible,2353
M80.95,XIII,XIII/M80.95.md,"Ostéoporose avec fracture pathologique, sans précision - "" Région pelvienne et cuisse """,true,true,true,false,false,0,codable,OWL_ANS,emissible,2423
M80.96,XIII,XIII/M80.96.md,"Ostéoporose avec fracture pathologique, sans précision - "" Jambe """,true,true,true,false,false,0,codable,OWL_ANS,emissible,2322
M80.97,XIII,XIII/M80.97.md,"Ostéoporose avec fracture pathologique, sans précision - "" Cheville et pied """,true,true,true,false,false,0,codable,OWL_ANS,emissible,2429
M80.98,XIII,XIII/M80.98.md,"Ostéoporose avec fracture pathologique, sans précision - "" Autres """,true,true,true,false,false,0,codable,OWL_ANS,emissible,2351
M80.99,XIII,XIII/M80.99.md,"Ostéoporose avec fracture pathologique, sans précision - "" Siège non précisé """,true,false,true,false,false,0,codable,OWL_ANS,emissible,2208
M81.0,XIII,XIII/M81.0.md,Ostéoporose postménopausique,false,false,true,false,true,0,codable,OWL_ANS,emissible,2255
M81.00,XIII,XIII/M81.00.md,"Ostéoporose postménopausique - "" Sièges multiples """,false,false,true,false,false,0,codable,OWL_ANS,emissible,1994
M81.01,XIII,XIII/M81.01.md,"Ostéoporose postménopausique - "" Région scapulaire """,false,true,true,false,false,0,codable,OWL_ANS,emissible,2281
M81.02,XIII,XIII/M81.02.md,"Ostéoporose postménopausique - "" Bras """,false,true,true,false,false,0,codable,OWL_ANS,emissible,2096
M81.03,XIII,XIII/M81.03.md,"Ostéoporose postménopausique - "" Avant-bras """,false,true,true,false,false,0,codable,OWL_ANS,emissible,2122
M81.04,XIII,XIII/M81.04.md,"Ostéoporose postménopausique - "" Main """,false,true,true,false,false,0,codable,OWL_ANS,emissible,2140
M81.05,XIII,XIII/M81.05.md,"Ostéoporose postménopausique - "" Région pelvienne et cuisse """,false,true,true,false,false,0,codable,OWL_ANS,emissible,2210
M81.06,XIII,XIII/M81.06.md,"Ostéoporose postménopausique - "" Jambe """,false,true,true,false,false,0,codable,OWL_ANS,emissible,2109
M81.07,XIII,XIII/M81.07.md,"Ostéoporose postménopausique - "" Cheville et pied """,false,true,true,false,false,0,codable,OWL_ANS,emissible,2216
M81.08,XIII,XIII/M81.08.md,"Ostéoporose postménopausique - "" Autres """,false,true,true,false,false,0,codable,OWL_ANS,emissible,2138
M81.09,XIII,XIII/M81.09.md,"Ostéoporose postménopausique - "" Siège non précisé """,false,false,true,false,false,0,codable,OWL_ANS,emissible,1995
M81.1,XIII,XIII/M81.1.md,Ostéoporose après ovariectomie,false,false,true,false,true,0,codable,OWL_ANS,emissible,2133
M81.10,XIII,XIII/M81.10.md,"Ostéoporose après ovariectomie - "" Sièges multiples """,false,false,true,false,false,0,codable,OWL_ANS,emissible,1996
M81.11,XIII,XIII/M81.11.md,"Ostéoporose après ovariectomie - "" Région scapulaire """,false,true,true,false,false,0,codable,OWL_ANS,emissible,2283
M81.12,XIII,XIII/M81.12.md,"Ostéoporose après ovariectomie - "" Bras """,false,true,true,false,false,0,codable,OWL_ANS,emissible,2098
M81.13,XIII,XIII/M81.13.md,"Ostéoporose après ovariectomie - "" Avant-bras """,false,true,true,false,false,0,codable,OWL_ANS,emissible,2124
M81.14,XIII,XIII/M81.14.md,"Ostéoporose après ovariectomie - "" Main """,false,true,true,false,false,0,codable,OWL_ANS,emissible,2142
M81.15,XIII,XIII/M81.15.md,"Ostéoporose après ovariectomie - "" Région pelvienne et cuisse """,false,true,true,false,false,0,codable,OWL_ANS,emissible,2212
M81.16,XIII,XIII/M81.16.md,"Ostéoporose après ovariectomie - "" Jambe """,false,true,true,false,false,0,codable,OWL_ANS,emissible,2111
M81.17,XIII,XIII/M81.17.md,"Ostéoporose après ovariectomie - "" Cheville et pied """,false,true,true,false,false,0,codable,OWL_ANS,emissible,2218
M81.18,XIII,XIII/M81.18.md,"Ostéoporose après ovariectomie - "" Autres """,false,true,true,false,false,0,codable,OWL_ANS,emissible,2140
M81.19,XIII,XIII/M81.19.md,"Ostéoporose après ovariectomie - "" Siège non précisé """,false,false,true,false,false,0,codable,OWL_ANS,emissible,1997
M81.2,XIII,XIII/M81.2.md,Ostéoporose d'inactivité,false,false,true,false,true,0,codable,OWL_ANS,emissible,2138
M81.20,XIII,XIII/M81.20.md,"Ostéoporose d'inactivité - "" Sièges multiples """,false,false,true,false,false,0,codable,OWL_ANS,emissible,2027
M81.21,XIII,XIII/M81.21.md,"Ostéoporose d'inactivité - "" Région scapulaire """,false,true,true,false,false,0,codable,OWL_ANS,emissible,2314
M81.22,XIII,XIII/M81.22.md,"Ostéoporose d'inactivité - "" Bras """,false,true,true,false,false,0,codable,OWL_ANS,emissible,2129
M81.23,XIII,XIII/M81.23.md,"Ostéoporose d'inactivité - "" Avant-bras """,false,true,true,false,false,0,codable,OWL_ANS,emissible,2155
M81.24,XIII,XIII/M81.24.md,"Ostéoporose d'inactivité - "" Main """,false,true,true,false,false,0,codable,OWL_ANS,emissible,2173
M81.25,XIII,XIII/M81.25.md,"Ostéoporose d'inactivité - "" Région pelvienne et cuisse """,false,true,true,false,false,0,codable,OWL_ANS,emissible,2243
M81.26,XIII,XIII/M81.26.md,"Ostéoporose d'inactivité - "" Jambe """,false,true,true,false,false,0,codable,OWL_ANS,emissible,2142
M81.27,XIII,XIII/M81.27.md,"Ostéoporose d'inactivité - "" Cheville et pied """,false,true,true,false,false,0,codable,OWL_ANS,emissible,2249
M81.28,XIII,XIII/M81.28.md,"Ostéoporose d'inactivité - "" Autres """,false,true,true,false,false,0,codable,OWL_ANS,emissible,2171
M81.29,XIII,XIII/M81.29.md,"Ostéoporose d'inactivité - "" Siège non précisé """,false,false,true,false,false,0,codable,OWL_ANS,emissible,2028
M81.3,XIII,XIII/M81.3.md,Ostéoporose consécutive à une malabsorption postchirurgicale,false,false,true,false,true,0,codable,OWL_ANS,emissible,2106
M81.30,XIII,XIII/M81.30.md,"Ostéoporose consécutive à une malabsorption postchirurgicale - "" Sièges multiples """,false,false,true,false,false,0,codable,OWL_ANS,emissible,2026
M81.31,XIII,XIII/M81.31.md,"Ostéoporose consécutive à une malabsorption postchirurgicale - "" Région scapulaire """,false,true,true,false,false,0,codable,OWL_ANS,emissible,2313
M81.32,XIII,XIII/M81.32.md,"Ostéoporose consécutive à une malabsorption postchirurgicale - "" Bras """,false,true,true,false,false,0,codable,OWL_ANS,emissible,2128
M81.33,XIII,XIII/M81.33.md,"Ostéoporose consécutive à une malabsorption postchirurgicale - "" Avant-bras """,false,true,true,false,false,0,codable,OWL_ANS,emissible,2154
M81.34,XIII,XIII/M81.34.md,"Ostéoporose consécutive à une malabsorption postchirurgicale - "" Main """,false,true,true,false,false,0,codable,OWL_ANS,emissible,2172
M81.35,XIII,XIII/M81.35.md,"Ostéoporose consécutive à une malabsorption postchirurgicale - "" Région pelvienne et cuisse """,false,true,true,false,false,0,codable,OWL_ANS,emissible,2242
M81.36,XIII,XIII/M81.36.md,"Ostéoporose consécutive à une malabsorption postchirurgicale - "" Jambe """,false,true,true,false,false,0,codable,OWL_ANS,emissible,2141
M81.37,XIII,XIII/M81.37.md,"Ostéoporose consécutive à une malabsorption postchirurgicale - "" Cheville et pied """,false,true,true,false,false,0,codable,OWL_ANS,emissible,2248
M81.38,XIII,XIII/M81.38.md,"Ostéoporose consécutive à une malabsorption postchirurgicale - "" Autres """,false,true,true,false,false,0,codable,OWL_ANS,emissible,2170
M81.39,XIII,XIII/M81.39.md,"Ostéoporose consécutive à une malabsorption postchirurgicale - "" Siège non précisé """,false,false,true,false,false,0,codable,OWL_ANS,emissible,2027
M81.4,XIII,XIII/M81.4.md,Ostéoporose médicamenteuse,false,false,true,false,true,0,codable,OWL_ANS,emissible,2192
M81.40,XIII,XIII/M81.40.md,"Ostéoporose médicamenteuse - "" Sièges multiples """,false,false,true,false,false,0,codable,OWL_ANS,emissible,1992
M81.41,XIII,XIII/M81.41.md,"Ostéoporose médicamenteuse - "" Région scapulaire """,false,true,true,false,false,0,codable,OWL_ANS,emissible,2279
M81.42,XIII,XIII/M81.42.md,"Ostéoporose médicamenteuse - "" Bras """,false,true,true,false,false,0,codable,OWL_ANS,emissible,2094
M81.43,XIII,XIII/M81.43.md,"Ostéoporose médicamenteuse - "" Avant-bras """,false,true,true,false,false,0,codable,OWL_ANS,emissible,2120
M81.44,XIII,XIII/M81.44.md,"Ostéoporose médicamenteuse - "" Main """,false,true,true,false,false,0,codable,OWL_ANS,emissible,2138
M81.45,XIII,XIII/M81.45.md,"Ostéoporose médicamenteuse - "" Région pelvienne et cuisse """,false,true,true,false,false,0,codable,OWL_ANS,emissible,2208
M81.46,XIII,XIII/M81.46.md,"Ostéoporose médicamenteuse - "" Jambe """,false,true,true,false,false,0,codable,OWL_ANS,emissible,2107
M81.47,XIII,XIII/M81.47.md,"Ostéoporose médicamenteuse - "" Cheville et pied """,false,true,true,false,false,0,codable,OWL_ANS,emissible,2214
M81.48,XIII,XIII/M81.48.md,"Ostéoporose médicamenteuse - "" Autres """,false,true,true,false,false,0,codable,OWL_ANS,emissible,2136
M81.49,XIII,XIII/M81.49.md,"Ostéoporose médicamenteuse - "" Siège non précisé """,false,false,true,false,false,0,codable,OWL_ANS,emissible,1993
M81.5,XIII,XIII/M81.5.md,Ostéoporose idiopathique,false,false,true,false,true,0,codable,OWL_ANS,emissible,2061
M81.50,XIII,XIII/M81.50.md,"Ostéoporose idiopathique - "" Sièges multiples """,false,false,true,false,false,0,codable,OWL_ANS,emissible,1990
M81.51,XIII,XIII/M81.51.md,"Ostéoporose idiopathique - "" Région scapulaire """,false,true,true,false,false,0,codable,OWL_ANS,emissible,2277
M81.52,XIII,XIII/M81.52.md,"Ostéoporose idiopathique - "" Bras """,false,true,true,false,false,0,codable,OWL_ANS,emissible,2092
M81.53,XIII,XIII/M81.53.md,"Ostéoporose idiopathique - "" Avant-bras """,false,true,true,false,false,0,codable,OWL_ANS,emissible,2118
M81.54,XIII,XIII/M81.54.md,"Ostéoporose idiopathique - "" Main """,false,true,true,false,false,0,codable,OWL_ANS,emissible,2136
M81.55,XIII,XIII/M81.55.md,"Ostéoporose idiopathique - "" Région pelvienne et cuisse """,false,true,true,false,false,0,codable,OWL_ANS,emissible,2206
M81.56,XIII,XIII/M81.56.md,"Ostéoporose idiopathique - "" Jambe """,false,true,true,false,false,0,codable,OWL_ANS,emissible,2105
M81.57,XIII,XIII/M81.57.md,"Ostéoporose idiopathique - "" Cheville et pied """,false,true,true,false,false,0,codable,OWL_ANS,emissible,2212
M81.58,XIII,XIII/M81.58.md,"Ostéoporose idiopathique - "" Autres """,false,true,true,false,false,0,codable,OWL_ANS,emissible,2134
M81.59,XIII,XIII/M81.59.md,"Ostéoporose idiopathique - "" Siège non précisé """,false,false,true,false,false,0,codable,OWL_ANS,emissible,1991
M81.6,XIII,XIII/M81.6.md,Ostéoporose localisée [Lequesne],false,false,true,false,true,0,codable,OWL_ANS,emissible,2124
M81.60,XIII,XIII/M81.60.md,"Ostéoporose localisée [Lequesne] - "" Sièges multiples """,false,false,true,false,false,0,codable,OWL_ANS,emissible,2035
M81.61,XIII,XIII/M81.61.md,"Ostéoporose localisée [Lequesne] - "" Région scapulaire """,false,true,true,false,false,0,codable,OWL_ANS,emissible,2322
M81.62,XIII,XIII/M81.62.md,"Ostéoporose localisée [Lequesne] - "" Bras """,false,true,true,false,false,0,codable,OWL_ANS,emissible,2137
M81.63,XIII,XIII/M81.63.md,"Ostéoporose localisée [Lequesne] - "" Avant-bras """,false,true,true,false,false,0,codable,OWL_ANS,emissible,2163
M81.64,XIII,XIII/M81.64.md,"Ostéoporose localisée [Lequesne] - "" Main """,false,true,true,false,false,0,codable,OWL_ANS,emissible,2181
M81.65,XIII,XIII/M81.65.md,"Ostéoporose localisée [Lequesne] - "" Région pelvienne et cuisse """,false,true,true,false,false,0,codable,OWL_ANS,emissible,2251
M81.66,XIII,XIII/M81.66.md,"Ostéoporose localisée [Lequesne] - "" Jambe """,false,true,true,false,false,0,codable,OWL_ANS,emissible,2150
M81.67,XIII,XIII/M81.67.md,"Ostéoporose localisée [Lequesne] - "" Cheville et pied """,false,true,true,false,false,0,codable,OWL_ANS,emissible,2257
M81.68,XIII,XIII/M81.68.md,"Ostéoporose localisée [Lequesne] - "" Autres """,false,true,true,false,false,0,codable,OWL_ANS,emissible,2179
M81.69,XIII,XIII/M81.69.md,"Ostéoporose localisée [Lequesne] - "" Siège non précisé """,false,false,true,false,false,0,codable,OWL_ANS,emissible,2036
M81.8,XIII,XIII/M81.8.md,Autres ostéoporoses,true,false,true,false,true,0,codable,OWL_ANS,emissible,2489
M81.80,XIII,XIII/M81.80.md,"Autres ostéoporoses - "" Sièges multiples """,true,false,true,false,false,0,codable,OWL_ANS,emissible,2082
M81.81,XIII,XIII/M81.81.md,"Autres ostéoporoses - "" Région scapulaire """,true,true,true,false,false,0,codable,OWL_ANS,emissible,2369
M81.82,XIII,XIII/M81.82.md,"Autres ostéoporoses - "" Bras """,true,true,true,false,false,0,codable,OWL_ANS,emissible,2184
M81.83,XIII,XIII/M81.83.md,"Autres ostéoporoses - "" Avant-bras """,true,true,true,false,false,0,codable,OWL_ANS,emissible,2210
M81.84,XIII,XIII/M81.84.md,"Autres ostéoporoses - "" Main """,true,true,true,false,false,0,codable,OWL_ANS,emissible,2228
M81.85,XIII,XIII/M81.85.md,"Autres ostéoporoses - "" Région pelvienne et cuisse """,true,true,true,false,false,0,codable,OWL_ANS,emissible,2298
M81.86,XIII,XIII/M81.86.md,"Autres ostéoporoses - "" Jambe """,true,true,true,false,false,0,codable,OWL_ANS,emissible,2197
M81.87,XIII,XIII/M81.87.md,"Autres ostéoporoses - "" Cheville et pied """,true,true,true,false,false,0,codable,OWL_ANS,emissible,2304
M81.88,XIII,XIII/M81.88.md,"Autres ostéoporoses - "" Autres """,true,true,true,false,false,0,codable,OWL_ANS,emissible,2226
M81.89,XIII,XIII/M81.89.md,"Autres ostéoporoses - "" Siège non précisé """,true,false,true,false,false,0,codable,OWL_ANS,emissible,2083
M81.9,XIII,XIII/M81.9.md,"Ostéoporose, sans précision",false,false,true,false,true,0,codable,OWL_ANS,emissible,2315
M81.90,XIII,XIII/M81.90.md,"Ostéoporose, sans précision - "" Sièges multiples """,false,false,true,false,false,0,codable,OWL_ANS,emissible,1993
M81.91,XIII,XIII/M81.91.md,"Ostéoporose, sans précision - "" Région scapulaire """,false,true,true,false,false,0,codable,OWL_ANS,emissible,2280
M81.92,XIII,XIII/M81.92.md,"Ostéoporose, sans précision - "" Bras """,false,true,true,false,false,0,codable,OWL_ANS,emissible,2095
M81.93,XIII,XIII/M81.93.md,"Ostéoporose, sans précision - "" Avant-bras """,false,true,true,false,false,0,codable,OWL_ANS,emissible,2121
M81.94,XIII,XIII/M81.94.md,"Ostéoporose, sans précision - "" Main """,false,true,true,false,false,0,codable,OWL_ANS,emissible,2139
M81.95,XIII,XIII/M81.95.md,"Ostéoporose, sans précision - "" Région pelvienne et cuisse """,false,true,true,false,false,0,codable,OWL_ANS,emissible,2209
M81.96,XIII,XIII/M81.96.md,"Ostéoporose, sans précision - "" Jambe """,false,true,true,false,false,0,codable,OWL_ANS,emissible,2108
M81.97,XIII,XIII/M81.97.md,"Ostéoporose, sans précision - "" Cheville et pied """,false,true,true,false,false,0,codable,OWL_ANS,emissible,2215
M81.98,XIII,XIII/M81.98.md,"Ostéoporose, sans précision - "" Autres """,false,true,true,false,false,0,codable,OWL_ANS,emissible,2137
M81.99,XIII,XIII/M81.99.md,"Ostéoporose, sans précision - "" Siège non précisé """,false,false,true,false,false,0,codable,OWL_ANS,emissible,1994
M82.0,XIII,XIII/M82.0.md,Ostéoporose au cours de myélomatose multiple ,false,false,true,false,true,0,codable,OWL_ANS,emissible,1932
M82.00,XIII,XIII/M82.00.md,"Ostéoporose au cours de myélomatose multiple (C90.0)   - "" Sièges multiples """,false,false,true,false,false,0,codable,OWL_ANS,emissible,1905
M82.01,XIII,XIII/M82.01.md,"Ostéoporose au cours de myélomatose multiple (C90.0)   - "" Région scapulaire """,false,true,true,false,false,0,codable,OWL_ANS,emissible,2192
M82.02,XIII,XIII/M82.02.md,"Ostéoporose au cours de myélomatose multiple (C90.0)   - "" Bras """,false,true,true,false,false,0,codable,OWL_ANS,emissible,2007
M82.03,XIII,XIII/M82.03.md,"Ostéoporose au cours de myélomatose multiple (C90.0)   - "" Avant-bras """,false,true,true,false,false,0,codable,OWL_ANS,emissible,2033
M82.04,XIII,XIII/M82.04.md,"Ostéoporose au cours de myélomatose multiple (C90.0)   - "" Main """,false,true,true,false,false,0,codable,OWL_ANS,emissible,2051
M82.05,XIII,XIII/M82.05.md,"Ostéoporose au cours de myélomatose multiple (C90.0)   - "" Région pelvienne et cuisse """,false,true,true,false,false,0,codable,OWL_ANS,emissible,2121
M82.06,XIII,XIII/M82.06.md,"Ostéoporose au cours de myélomatose multiple (C90.0)   - "" Jambe """,false,true,true,false,false,0,codable,OWL_ANS,emissible,2020
M82.07,XIII,XIII/M82.07.md,"Ostéoporose au cours de myélomatose multiple (C90.0)   - "" Cheville et pied """,false,true,true,false,false,0,codable,OWL_ANS,emissible,2127
M82.08,XIII,XIII/M82.08.md,"Ostéoporose au cours de myélomatose multiple (C90.0)   - "" Autres """,false,true,true,false,false,0,codable,OWL_ANS,emissible,2049
M82.09,XIII,XIII/M82.09.md,"Ostéoporose au cours de myélomatose multiple (C90.0)   - "" Siège non précisé """,false,false,true,false,false,0,codable,OWL_ANS,emissible,1906
M82.1,XIII,XIII/M82.1.md,Ostéoporose au cours de maladies endocriniennes ,false,false,true,false,true,0,codable,OWL_ANS,emissible,1971
M82.10,XIII,XIII/M82.10.md,"Ostéoporose au cours de maladies endocriniennes (E00-E34)   - "" Sièges multiples """,false,false,true,false,false,0,codable,OWL_ANS,emissible,1910
M82.11,XIII,XIII/M82.11.md,"Ostéoporose au cours de maladies endocriniennes (E00-E34)   - "" Région scapulaire """,false,true,true,false,false,0,codable,OWL_ANS,emissible,2197
M82.12,XIII,XIII/M82.12.md,"Ostéoporose au cours de maladies endocriniennes (E00-E34)   - "" Bras """,false,true,true,false,false,0,codable,OWL_ANS,emissible,2012
M82.13,XIII,XIII/M82.13.md,"Ostéoporose au cours de maladies endocriniennes (E00-E34)   - "" Avant-bras """,false,true,true,false,false,0,codable,OWL_ANS,emissible,2038
M82.14,XIII,XIII/M82.14.md,"Ostéoporose au cours de maladies endocriniennes (E00-E34)   - "" Main """,false,true,true,false,false,0,codable,OWL_ANS,emissible,2056
M82.15,XIII,XIII/M82.15.md,"Ostéoporose au cours de maladies endocriniennes (E00-E34)   - "" Région pelvienne et cuisse """,false,true,true,false,false,0,codable,OWL_ANS,emissible,2126
M82.16,XIII,XIII/M82.16.md,"Ostéoporose au cours de maladies endocriniennes (E00-E34)   - "" Jambe """,false,true,true,false,false,0,codable,OWL_ANS,emissible,2025
M82.17,XIII,XIII/M82.17.md,"Ostéoporose au cours de maladies endocriniennes (E00-E34)   - "" Cheville et pied """,false,true,true,false,false,0,codable,OWL_ANS,emissible,2132
M82.18,XIII,XIII/M82.18.md,"Ostéoporose au cours de maladies endocriniennes (E00-E34)   - "" Autres """,false,true,true,false,false,0,codable,OWL_ANS,emissible,2054
M82.19,XIII,XIII/M82.19.md,"Ostéoporose au cours de maladies endocriniennes (E00-E34)   - "" Siège non précisé """,false,false,true,false,false,0,codable,OWL_ANS,emissible,1911
M82.8,XIII,XIII/M82.8.md,Ostéoporose au cours d'autres maladies classées ailleurs,false,false,true,false,true,0,codable,OWL_ANS,emissible,2251
M82.80,XIII,XIII/M82.80.md,"Ostéoporose au cours d'autres maladies classées ailleurs - "" Sièges multiples """,false,false,true,false,false,0,codable,OWL_ANS,emissible,1907
M82.81,XIII,XIII/M82.81.md,"Ostéoporose au cours d'autres maladies classées ailleurs - "" Région scapulaire """,false,true,true,false,false,0,codable,OWL_ANS,emissible,2194
M82.82,XIII,XIII/M82.82.md,"Ostéoporose au cours d'autres maladies classées ailleurs - "" Bras """,false,true,true,false,false,0,codable,OWL_ANS,emissible,2009
M82.83,XIII,XIII/M82.83.md,"Ostéoporose au cours d'autres maladies classées ailleurs - "" Avant-bras """,false,true,true,false,false,0,codable,OWL_ANS,emissible,2035
M82.84,XIII,XIII/M82.84.md,"Ostéoporose au cours d'autres maladies classées ailleurs - "" Main """,false,true,true,false,false,0,codable,OWL_ANS,emissible,2053
M82.85,XIII,XIII/M82.85.md,"Ostéoporose au cours d'autres maladies classées ailleurs - "" Région pelvienne et cuisse """,false,true,true,false,false,0,codable,OWL_ANS,emissible,2123
M82.86,XIII,XIII/M82.86.md,"Ostéoporose au cours d'autres maladies classées ailleurs - "" Jambe """,false,true,true,false,false,0,codable,OWL_ANS,emissible,2022
M82.87,XIII,XIII/M82.87.md,"Ostéoporose au cours d'autres maladies classées ailleurs - "" Cheville et pied """,false,true,true,false,false,0,codable,OWL_ANS,emissible,2129
M82.88,XIII,XIII/M82.88.md,"Ostéoporose au cours d'autres maladies classées ailleurs - "" Autres """,false,true,true,false,false,0,codable,OWL_ANS,emissible,2051
M82.89,XIII,XIII/M82.89.md,"Ostéoporose au cours d'autres maladies classées ailleurs - "" Siège non précisé """,false,false,true,false,false,0,codable,OWL_ANS,emissible,1908
M83.0,XIII,XIII/M83.0.md,Ostéomalacie puerpérale,false,false,true,false,true,0,codable,OWL_ANS,emissible,2170
M83.00,XIII,XIII/M83.00.md,Ostéomalacie puerpérale - Sièges multiples,false,false,true,false,false,0,codable,ATIH,emissible,2148
M83.01,XIII,XIII/M83.01.md,Ostéomalacie puerpérale - Région scapulaire,false,false,true,false,false,0,codable,ATIH,emissible,2149
M83.02,XIII,XIII/M83.02.md,Ostéomalacie puerpérale - Bras,false,false,true,false,false,0,codable,ATIH,emissible,2136
M83.03,XIII,XIII/M83.03.md,Ostéomalacie puerpérale - Avant-bras,false,false,true,false,false,0,codable,ATIH,emissible,2142
M83.04,XIII,XIII/M83.04.md,Ostéomalacie puerpérale - Main,false,false,true,false,false,0,codable,ATIH,emissible,2136
M83.05,XIII,XIII/M83.05.md,Ostéomalacie puerpérale - Région pelvienne et cuisse,false,false,true,false,false,0,codable,ATIH,emissible,2158
M83.06,XIII,XIII/M83.06.md,Ostéomalacie puerpérale - Jambe,false,false,true,false,false,0,codable,ATIH,emissible,2137
M83.07,XIII,XIII/M83.07.md,Ostéomalacie puerpérale - Cheville et pied,false,false,true,false,false,0,codable,ATIH,emissible,2148
M83.08,XIII,XIII/M83.08.md,Ostéomalacie puerpérale - Autres localisations,false,false,true,false,false,0,codable,ATIH,emissible,2152
M83.09,XIII,XIII/M83.09.md,Ostéomalacie puerpérale - Siège non précisé,false,false,true,false,false,0,codable,ATIH,emissible,2149
M83.1,XIII,XIII/M83.1.md,Ostéomalacie sénile,false,false,true,false,true,0,codable,OWL_ANS,emissible,2162
M83.10,XIII,XIII/M83.10.md,Ostéomalacie sénile - Sièges multiples,false,false,true,false,false,0,codable,ATIH,emissible,2144
M83.11,XIII,XIII/M83.11.md,Ostéomalacie sénile - Région scapulaire,false,false,true,false,false,0,codable,ATIH,emissible,2145
M83.12,XIII,XIII/M83.12.md,Ostéomalacie sénile - Bras,false,false,true,false,false,0,codable,ATIH,emissible,2132
M83.13,XIII,XIII/M83.13.md,Ostéomalacie sénile - Avant-bras,false,false,true,false,false,0,codable,ATIH,emissible,2138
M83.14,XIII,XIII/M83.14.md,Ostéomalacie sénile - Main,false,false,true,false,false,0,codable,ATIH,emissible,2132
M83.15,XIII,XIII/M83.15.md,Ostéomalacie sénile - Région pelvienne et cuisse,false,false,true,false,false,0,codable,ATIH,emissible,2154
M83.16,XIII,XIII/M83.16.md,Ostéomalacie sénile - Jambe,false,false,true,false,false,0,codable,ATIH,emissible,2133
M83.17,XIII,XIII/M83.17.md,Ostéomalacie sénile - Cheville et pied,false,false,true,false,false,0,codable,ATIH,emissible,2144
M83.18,XIII,XIII/M83.18.md,Ostéomalacie sénile - Autres localisations,false,false,true,false,false,0,codable,ATIH,emissible,2148
M83.19,XIII,XIII/M83.19.md,Ostéomalacie sénile - Siège non précisé,false,false,true,false,false,0,codable,ATIH,emissible,2145
M83.2,XIII,XIII/M83.2.md,Ostéomalacie de l'adulte par malabsorption,true,false,true,false,true,0,codable,OWL_ANS,emissible,2349
M83.20,XIII,XIII/M83.20.md,"Ostéomalacie de l'adulte par malabsorption - "" Sièges multiples """,true,false,true,false,false,0,codable,OWL_ANS,emissible,2323
M83.21,XIII,XIII/M83.21.md,"Ostéomalacie de l'adulte par malabsorption - "" Région scapulaire """,true,true,true,false,false,0,codable,OWL_ANS,emissible,2610
M83.22,XIII,XIII/M83.22.md,"Ostéomalacie de l'adulte par malabsorption - "" Bras """,true,true,true,false,false,0,codable,OWL_ANS,emissible,2425
M83.23,XIII,XIII/M83.23.md,"Ostéomalacie de l'adulte par malabsorption - "" Avant-bras """,true,true,true,false,false,0,codable,OWL_ANS,emissible,2451
M83.24,XIII,XIII/M83.24.md,"Ostéomalacie de l'adulte par malabsorption - "" Main """,true,true,true,false,false,0,codable,OWL_ANS,emissible,2469
M83.25,XIII,XIII/M83.25.md,"Ostéomalacie de l'adulte par malabsorption - "" Région pelvienne et cuisse """,true,true,true,false,false,0,codable,OWL_ANS,emissible,2539
M83.26,XIII,XIII/M83.26.md,"Ostéomalacie de l'adulte par malabsorption - "" Jambe """,true,true,true,false,false,0,codable,OWL_ANS,emissible,2438
M83.27,XIII,XIII/M83.27.md,"Ostéomalacie de l'adulte par malabsorption - "" Cheville et pied """,true,true,true,false,false,0,codable,OWL_ANS,emissible,2545
M83.28,XIII,XIII/M83.28.md,"Ostéomalacie de l'adulte par malabsorption - "" Autres """,true,true,true,false,false,0,codable,OWL_ANS,emissible,2467
M83.29,XIII,XIII/M83.29.md,"Ostéomalacie de l'adulte par malabsorption - "" Siège non précisé """,true,false,true,false,false,0,codable,OWL_ANS,emissible,2324
M83.3,XIII,XIII/M83.3.md,Ostéomalacie de l'adulte due à la malnutrition,false,false,true,false,true,0,codable,OWL_ANS,emissible,2220
M83.30,XIII,XIII/M83.30.md,"Ostéomalacie de l'adulte due à la malnutrition - "" Sièges multiples """,false,false,true,false,false,0,codable,OWL_ANS,emissible,2175
M83.31,XIII,XIII/M83.31.md,"Ostéomalacie de l'adulte due à la malnutrition - "" Région scapulaire """,false,true,true,false,false,0,codable,OWL_ANS,emissible,2462
M83.32,XIII,XIII/M83.32.md,"Ostéomalacie de l'adulte due à la malnutrition - "" Bras """,false,true,true,false,false,0,codable,OWL_ANS,emissible,2277
M83.33,XIII,XIII/M83.33.md,"Ostéomalacie de l'adulte due à la malnutrition - "" Avant-bras """,false,true,true,false,false,0,codable,OWL_ANS,emissible,2303
M83.34,XIII,XIII/M83.34.md,"Ostéomalacie de l'adulte due à la malnutrition - "" Main """,false,true,true,false,false,0,codable,OWL_ANS,emissible,2321
M83.35,XIII,XIII/M83.35.md,"Ostéomalacie de l'adulte due à la malnutrition - "" Région pelvienne et cuisse """,false,true,true,false,false,0,codable,OWL_ANS,emissible,2391
M83.36,XIII,XIII/M83.36.md,"Ostéomalacie de l'adulte due à la malnutrition - "" Jambe """,false,true,true,false,false,0,codable,OWL_ANS,emissible,2290
M83.37,XIII,XIII/M83.37.md,"Ostéomalacie de l'adulte due à la malnutrition - "" Cheville et pied """,false,true,true,false,false,0,codable,OWL_ANS,emissible,2397
M83.38,XIII,XIII/M83.38.md,"Ostéomalacie de l'adulte due à la malnutrition - "" Autres """,false,true,true,false,false,0,codable,OWL_ANS,emissible,2319
M83.39,XIII,XIII/M83.39.md,"Ostéomalacie de l'adulte due à la malnutrition - "" Siège non précisé """,false,false,true,false,false,0,codable,OWL_ANS,emissible,2176
M83.4,XIII,XIII/M83.4.md,Maladie osseuse due à l'aluminium,false,false,true,false,true,0,codable,OWL_ANS,emissible,2260
M83.40,XIII,XIII/M83.40.md,"Maladie osseuse due à l'aluminium - "" Sièges multiples """,false,false,true,false,false,0,codable,OWL_ANS,emissible,2162
M83.41,XIII,XIII/M83.41.md,"Maladie osseuse due à l'aluminium - "" Région scapulaire """,false,true,true,false,false,0,codable,OWL_ANS,emissible,2449
M83.42,XIII,XIII/M83.42.md,"Maladie osseuse due à l'aluminium - "" Bras """,false,true,true,false,false,0,codable,OWL_ANS,emissible,2264
M83.43,XIII,XIII/M83.43.md,"Maladie osseuse due à l'aluminium - "" Avant-bras """,false,true,true,false,false,0,codable,OWL_ANS,emissible,2290
M83.44,XIII,XIII/M83.44.md,"Maladie osseuse due à l'aluminium - "" Main """,false,true,true,false,false,0,codable,OWL_ANS,emissible,2308
M83.45,XIII,XIII/M83.45.md,"Maladie osseuse due à l'aluminium - "" Région pelvienne et cuisse """,false,true,true,false,false,0,codable,OWL_ANS,emissible,2378
M83.46,XIII,XIII/M83.46.md,"Maladie osseuse due à l'aluminium - "" Jambe """,false,true,true,false,false,0,codable,OWL_ANS,emissible,2277
M83.47,XIII,XIII/M83.47.md,"Maladie osseuse due à l'aluminium - "" Cheville et pied """,false,true,true,false,false,0,codable,OWL_ANS,emissible,2384
M83.48,XIII,XIII/M83.48.md,"Maladie osseuse due à l'aluminium - "" Autres """,false,true,true,false,false,0,codable,OWL_ANS,emissible,2306
M83.49,XIII,XIII/M83.49.md,"Maladie osseuse due à l'aluminium - "" Siège non précisé """,false,false,true,false,false,0,codable,OWL_ANS,emissible,2163
M83.5,XIII,XIII/M83.5.md,Autres ostéomalacies médicamenteuses de l'adulte,false,false,true,false,true,0,codable,OWL_ANS,emissible,2270
M83.50,XIII,XIII/M83.50.md,"Autres ostéomalacies médicamenteuses de l'adulte - "" Sièges multiples """,false,false,true,false,false,0,codable,OWL_ANS,emissible,2177
M83.51,XIII,XIII/M83.51.md,"Autres ostéomalacies médicamenteuses de l'adulte - "" Région scapulaire """,false,true,true,false,false,0,codable,OWL_ANS,emissible,2464
M83.52,XIII,XIII/M83.52.md,"Autres ostéomalacies médicamenteuses de l'adulte - "" Bras """,false,true,true,false,false,0,codable,OWL_ANS,emissible,2279
M83.53,XIII,XIII/M83.53.md,"Autres ostéomalacies médicamenteuses de l'adulte - "" Avant-bras """,false,true,true,false,false,0,codable,OWL_ANS,emissible,2305
M83.54,XIII,XIII/M83.54.md,"Autres ostéomalacies médicamenteuses de l'adulte - "" Main """,false,true,true,false,false,0,codable,OWL_ANS,emissible,2323
M83.55,XIII,XIII/M83.55.md,"Autres ostéomalacies médicamenteuses de l'adulte - "" Région pelvienne et cuisse """,false,true,true,false,false,0,codable,OWL_ANS,emissible,2393
M83.56,XIII,XIII/M83.56.md,"Autres ostéomalacies médicamenteuses de l'adulte - "" Jambe """,false,true,true,false,false,0,codable,OWL_ANS,emissible,2292
M83.57,XIII,XIII/M83.57.md,"Autres ostéomalacies médicamenteuses de l'adulte - "" Cheville et pied """,false,true,true,false,false,0,codable,OWL_ANS,emissible,2399
M83.58,XIII,XIII/M83.58.md,"Autres ostéomalacies médicamenteuses de l'adulte - "" Autres """,false,true,true,false,false,0,codable,OWL_ANS,emissible,2321
M83.59,XIII,XIII/M83.59.md,"Autres ostéomalacies médicamenteuses de l'adulte - "" Siège non précisé """,false,false,true,false,false,0,codable,OWL_ANS,emissible,2178
M83.8,XIII,XIII/M83.8.md,Autres ostéomalacies de l'adulte,false,false,true,false,true,0,codable,OWL_ANS,emissible,3047
M83.80,XIII,XIII/M83.80.md,"Autres ostéomalacies de l'adulte - "" Sièges multiples """,false,false,true,false,false,0,codable,OWL_ANS,emissible,2161
M83.81,XIII,XIII/M83.81.md,"Autres ostéomalacies de l'adulte - "" Région scapulaire """,false,true,true,false,false,0,codable,OWL_ANS,emissible,2448
M83.82,XIII,XIII/M83.82.md,"Autres ostéomalacies de l'adulte - "" Bras """,false,true,true,false,false,0,codable,OWL_ANS,emissible,2263
M83.83,XIII,XIII/M83.83.md,"Autres ostéomalacies de l'adulte - "" Avant-bras """,false,true,true,false,false,0,codable,OWL_ANS,emissible,2289
M83.84,XIII,XIII/M83.84.md,"Autres ostéomalacies de l'adulte - "" Main """,false,true,true,false,false,0,codable,OWL_ANS,emissible,2307
M83.85,XIII,XIII/M83.85.md,"Autres ostéomalacies de l'adulte - "" Région pelvienne et cuisse """,false,true,true,false,false,0,codable,OWL_ANS,emissible,2377
M83.86,XIII,XIII/M83.86.md,"Autres ostéomalacies de l'adulte - "" Jambe """,false,true,true,false,false,0,codable,OWL_ANS,emissible,2276
M83.87,XIII,XIII/M83.87.md,"Autres ostéomalacies de l'adulte - "" Cheville et pied """,false,true,true,false,false,0,codable,OWL_ANS,emissible,2383
M83.88,XIII,XIII/M83.88.md,"Autres ostéomalacies de l'adulte - "" Autres """,false,true,true,false,false,0,codable,OWL_ANS,emissible,2305
M83.89,XIII,XIII/M83.89.md,"Autres ostéomalacies de l'adulte - "" Siège non précisé """,false,false,true,false,false,0,codable,OWL_ANS,emissible,2162
M83.9,XIII,XIII/M83.9.md,"Ostéomalacie de l'adulte, sans précision",false,false,true,false,true,0,codable,OWL_ANS,emissible,2176
M83.90,XIII,XIII/M83.90.md,"Ostéomalacie de l'adulte, sans précision - "" Sièges multiples """,false,false,true,false,false,0,codable,OWL_ANS,emissible,2169
M83.91,XIII,XIII/M83.91.md,"Ostéomalacie de l'adulte, sans précision - "" Région scapulaire """,false,true,true,false,false,0,codable,OWL_ANS,emissible,2456
M83.92,XIII,XIII/M83.92.md,"Ostéomalacie de l'adulte, sans précision - "" Bras """,false,true,true,false,false,0,codable,OWL_ANS,emissible,2271
M83.93,XIII,XIII/M83.93.md,"Ostéomalacie de l'adulte, sans précision - "" Avant-bras """,false,true,true,false,false,0,codable,OWL_ANS,emissible,2297
M83.94,XIII,XIII/M83.94.md,"Ostéomalacie de l'adulte, sans précision - "" Main """,false,true,true,false,false,0,codable,OWL_ANS,emissible,2315
M83.95,XIII,XIII/M83.95.md,"Ostéomalacie de l'adulte, sans précision - "" Région pelvienne et cuisse """,false,true,true,false,false,0,codable,OWL_ANS,emissible,2385
M83.96,XIII,XIII/M83.96.md,"Ostéomalacie de l'adulte, sans précision - "" Jambe """,false,true,true,false,false,0,codable,OWL_ANS,emissible,2284
M83.97,XIII,XIII/M83.97.md,"Ostéomalacie de l'adulte, sans précision - "" Cheville et pied """,false,true,true,false,false,0,codable,OWL_ANS,emissible,2391
M83.98,XIII,XIII/M83.98.md,"Ostéomalacie de l'adulte, sans précision - "" Autres """,false,true,true,false,false,0,codable,OWL_ANS,emissible,2313
M83.99,XIII,XIII/M83.99.md,"Ostéomalacie de l'adulte, sans précision - "" Siège non précisé """,false,false,true,false,false,0,codable,OWL_ANS,emissible,2170
M84.0,XIII,XIII/M84.0.md,Fracture mal consolidée,true,false,true,false,true,0,codable,OWL_ANS,emissible,2026
M84.00,XIII,XIII/M84.00.md,"Fracture mal consolidée - "" Sièges multiples """,true,false,true,false,false,0,codable,OWL_ANS,emissible,1964
M84.01,XIII,XIII/M84.01.md,"Fracture mal consolidée - "" Région scapulaire """,true,true,true,false,false,0,codable,OWL_ANS,emissible,2251
M84.02,XIII,XIII/M84.02.md,"Fracture mal consolidée - "" Bras """,true,true,true,false,false,0,codable,OWL_ANS,emissible,2066
M84.03,XIII,XIII/M84.03.md,"Fracture mal consolidée - "" Avant-bras """,true,true,true,false,false,0,codable,OWL_ANS,emissible,2092
M84.04,XIII,XIII/M84.04.md,"Fracture mal consolidée - "" Main """,true,true,true,false,false,0,codable,OWL_ANS,emissible,2110
M84.05,XIII,XIII/M84.05.md,"Fracture mal consolidée - "" Région pelvienne et cuisse """,true,true,true,false,false,0,codable,OWL_ANS,emissible,2180
M84.06,XIII,XIII/M84.06.md,"Fracture mal consolidée - "" Jambe """,true,true,true,false,false,0,codable,OWL_ANS,emissible,2079
M84.07,XIII,XIII/M84.07.md,"Fracture mal consolidée - "" Cheville et pied """,true,true,true,false,false,0,codable,OWL_ANS,emissible,2186
M84.08,XIII,XIII/M84.08.md,"Fracture mal consolidée - "" Autres """,true,true,true,false,false,0,codable,OWL_ANS,emissible,2108
M84.09,XIII,XIII/M84.09.md,"Fracture mal consolidée - "" Siège non précisé """,true,false,true,false,false,0,codable,OWL_ANS,emissible,1965
M84.1,XIII,XIII/M84.1.md,Fracture non consolidée [pseudarthrose],false,false,true,false,true,0,codable,OWL_ANS,emissible,2295
M84.10,XIII,XIII/M84.10.md,"Fracture non consolidée [pseudarthrose] - "" Sièges multiples """,false,false,true,false,false,0,codable,OWL_ANS,emissible,1999
M84.11,XIII,XIII/M84.11.md,"Fracture non consolidée [pseudarthrose] - "" Région scapulaire """,false,true,true,false,false,0,codable,OWL_ANS,emissible,2286
M84.12,XIII,XIII/M84.12.md,"Fracture non consolidée [pseudarthrose] - "" Bras """,false,true,true,false,false,0,codable,OWL_ANS,emissible,2101
M84.13,XIII,XIII/M84.13.md,"Fracture non consolidée [pseudarthrose] - "" Avant-bras """,false,true,true,false,false,0,codable,OWL_ANS,emissible,2127
M84.14,XIII,XIII/M84.14.md,"Fracture non consolidée [pseudarthrose] - "" Main """,false,true,true,false,false,0,codable,OWL_ANS,emissible,2145
M84.15,XIII,XIII/M84.15.md,"Fracture non consolidée [pseudarthrose] - "" Région pelvienne et cuisse """,false,true,true,false,false,0,codable,OWL_ANS,emissible,2215
M84.16,XIII,XIII/M84.16.md,"Fracture non consolidée [pseudarthrose] - "" Jambe """,false,true,true,false,false,0,codable,OWL_ANS,emissible,2114
M84.17,XIII,XIII/M84.17.md,"Fracture non consolidée [pseudarthrose] - "" Cheville et pied """,false,true,true,false,false,0,codable,OWL_ANS,emissible,2221
M84.18,XIII,XIII/M84.18.md,"Fracture non consolidée [pseudarthrose] - "" Autres """,false,true,true,false,false,0,codable,OWL_ANS,emissible,2143
M84.19,XIII,XIII/M84.19.md,"Fracture non consolidée [pseudarthrose] - "" Siège non précisé """,false,false,true,false,false,0,codable,OWL_ANS,emissible,2000
M84.2,XIII,XIII/M84.2.md,Retard de consolidation d'une fracture,false,false,true,false,true,0,codable,OWL_ANS,emissible,1916
M84.20,XIII,XIII/M84.20.md,"Retard de consolidation d'une fracture - "" Sièges multiples """,false,false,true,false,false,0,codable,OWL_ANS,emissible,1889
M84.21,XIII,XIII/M84.21.md,"Retard de consolidation d'une fracture - "" Région scapulaire """,false,true,true,false,false,0,codable,OWL_ANS,emissible,2176
M84.22,XIII,XIII/M84.22.md,"Retard de consolidation d'une fracture - "" Bras """,false,true,true,false,false,0,codable,OWL_ANS,emissible,1991
M84.23,XIII,XIII/M84.23.md,"Retard de consolidation d'une fracture - "" Avant-bras """,false,true,true,false,false,0,codable,OWL_ANS,emissible,2017
M84.24,XIII,XIII/M84.24.md,"Retard de consolidation d'une fracture - "" Main """,false,true,true,false,false,0,codable,OWL_ANS,emissible,2035
M84.25,XIII,XIII/M84.25.md,"Retard de consolidation d'une fracture - "" Région pelvienne et cuisse """,false,true,true,false,false,0,codable,OWL_ANS,emissible,2105
M84.26,XIII,XIII/M84.26.md,"Retard de consolidation d'une fracture - "" Jambe """,false,true,true,false,false,0,codable,OWL_ANS,emissible,2004
M84.27,XIII,XIII/M84.27.md,"Retard de consolidation d'une fracture - "" Cheville et pied """,false,true,true,false,false,0,codable,OWL_ANS,emissible,2111
M84.28,XIII,XIII/M84.28.md,"Retard de consolidation d'une fracture - "" Autres """,false,true,true,false,false,0,codable,OWL_ANS,emissible,2033
M84.29,XIII,XIII/M84.29.md,"Retard de consolidation d'une fracture - "" Siège non précisé """,false,false,true,false,false,0,codable,OWL_ANS,emissible,1890
M84.3,XIII,XIII/M84.3.md,"Fracture par sollicitation excessive, non classée ailleurs",true,false,true,false,true,0,codable,OWL_ANS,emissible,2235
M84.30,XIII,XIII/M84.30.md,"Fracture par sollicitation excessive, non classée ailleurs - "" Sièges multiples """,true,false,true,false,false,0,codable,OWL_ANS,emissible,2195
M84.31,XIII,XIII/M84.31.md,"Fracture par sollicitation excessive, non classée ailleurs - "" Région scapulaire """,true,true,true,false,false,0,codable,OWL_ANS,emissible,2482
M84.32,XIII,XIII/M84.32.md,"Fracture par sollicitation excessive, non classée ailleurs - "" Bras """,true,true,true,false,false,0,codable,OWL_ANS,emissible,2297
M84.33,XIII,XIII/M84.33.md,"Fracture par sollicitation excessive, non classée ailleurs - "" Avant-bras """,true,true,true,false,false,0,codable,OWL_ANS,emissible,2323
M84.34,XIII,XIII/M84.34.md,"Fracture par sollicitation excessive, non classée ailleurs - "" Main """,true,true,true,false,false,0,codable,OWL_ANS,emissible,2341
M84.35,XIII,XIII/M84.35.md,"Fracture par sollicitation excessive, non classée ailleurs - "" Région pelvienne et cuisse """,true,true,true,false,false,0,codable,OWL_ANS,emissible,2411
M84.36,XIII,XIII/M84.36.md,"Fracture par sollicitation excessive, non classée ailleurs - "" Jambe """,true,true,true,false,false,0,codable,OWL_ANS,emissible,2310
M84.37,XIII,XIII/M84.37.md,"Fracture par sollicitation excessive, non classée ailleurs - "" Cheville et pied """,true,true,true,false,false,0,codable,OWL_ANS,emissible,2417
M84.38,XIII,XIII/M84.38.md,"Fracture par sollicitation excessive, non classée ailleurs - "" Autres """,true,true,true,false,false,0,codable,OWL_ANS,emissible,2339
M84.39,XIII,XIII/M84.39.md,"Fracture par sollicitation excessive, non classée ailleurs - "" Siège non précisé """,true,false,true,false,false,0,codable,OWL_ANS,emissible,2196
M84.4,XIII,XIII/M84.4.md,"Fracture pathologique, non classée ailleurs",true,false,true,false,true,0,codable,OWL_ANS,emissible,2428
M84.40,XIII,XIII/M84.40.md,"Fracture pathologique, non classée ailleurs - "" Sièges multiples """,true,false,true,false,false,0,codable,OWL_ANS,emissible,2145
M84.41,XIII,XIII/M84.41.md,"Fracture pathologique, non classée ailleurs - "" Région scapulaire """,true,true,true,false,false,0,codable,OWL_ANS,emissible,2432
M84.42,XIII,XIII/M84.42.md,"Fracture pathologique, non classée ailleurs - "" Bras """,true,true,true,false,false,0,codable,OWL_ANS,emissible,2247
M84.43,XIII,XIII/M84.43.md,"Fracture pathologique, non classée ailleurs - "" Avant-bras """,true,true,true,false,false,0,codable,OWL_ANS,emissible,2273
M84.44,XIII,XIII/M84.44.md,"Fracture pathologique, non classée ailleurs - "" Main """,true,true,true,false,false,0,codable,OWL_ANS,emissible,2291
M84.45,XIII,XIII/M84.45.md,"Fracture pathologique, non classée ailleurs - "" Région pelvienne et cuisse """,true,true,true,false,false,0,codable,OWL_ANS,emissible,2361
M84.46,XIII,XIII/M84.46.md,"Fracture pathologique, non classée ailleurs - "" Jambe """,true,true,true,false,false,0,codable,OWL_ANS,emissible,2260
M84.47,XIII,XIII/M84.47.md,"Fracture pathologique, non classée ailleurs - "" Cheville et pied """,true,true,true,false,false,0,codable,OWL_ANS,emissible,2367
M84.48,XIII,XIII/M84.48.md,"Fracture pathologique, non classée ailleurs - "" Autres """,true,true,true,false,false,0,codable,OWL_ANS,emissible,2289
M84.49,XIII,XIII/M84.49.md,"Fracture pathologique, non classée ailleurs - "" Siège non précisé """,true,false,true,false,false,0,codable,OWL_ANS,emissible,2146
M84.8,XIII,XIII/M84.8.md,Autres anomalies de la continuité osseuse,false,false,true,false,true,0,codable,OWL_ANS,emissible,2215
M84.80,XIII,XIII/M84.80.md,"Autres anomalies de la continuité osseuse - "" Sièges multiples """,false,false,true,false,false,0,codable,OWL_ANS,emissible,1892
M84.81,XIII,XIII/M84.81.md,"Autres anomalies de la continuité osseuse - "" Région scapulaire """,false,true,true,false,false,0,codable,OWL_ANS,emissible,2179
M84.82,XIII,XIII/M84.82.md,"Autres anomalies de la continuité osseuse - "" Bras """,false,true,true,false,false,0,codable,OWL_ANS,emissible,1994
M84.83,XIII,XIII/M84.83.md,"Autres anomalies de la continuité osseuse - "" Avant-bras """,false,true,true,false,false,0,codable,OWL_ANS,emissible,2020
M84.84,XIII,XIII/M84.84.md,"Autres anomalies de la continuité osseuse - "" Main """,false,true,true,false,false,0,codable,OWL_ANS,emissible,2038
M84.85,XIII,XIII/M84.85.md,"Autres anomalies de la continuité osseuse - "" Région pelvienne et cuisse """,false,true,true,false,false,0,codable,OWL_ANS,emissible,2108
M84.86,XIII,XIII/M84.86.md,"Autres anomalies de la continuité osseuse - "" Jambe """,false,true,true,false,false,0,codable,OWL_ANS,emissible,2007
M84.87,XIII,XIII/M84.87.md,"Autres anomalies de la continuité osseuse - "" Cheville et pied """,false,true,true,false,false,0,codable,OWL_ANS,emissible,2114
M84.88,XIII,XIII/M84.88.md,"Autres anomalies de la continuité osseuse - "" Autres """,false,true,true,false,false,0,codable,OWL_ANS,emissible,2036
M84.89,XIII,XIII/M84.89.md,"Autres anomalies de la continuité osseuse - "" Siège non précisé """,false,false,true,false,false,0,codable,OWL_ANS,emissible,1893
M84.9,XIII,XIII/M84.9.md,"Anomalie de la continuité osseuse, sans précision",false,false,true,false,true,0,codable,OWL_ANS,emissible,1922
M84.90,XIII,XIII/M84.90.md,"Anomalie de la continuité osseuse, sans précision - "" Sièges multiples """,false,false,true,false,false,0,codable,OWL_ANS,emissible,1900
M84.91,XIII,XIII/M84.91.md,"Anomalie de la continuité osseuse, sans précision - "" Région scapulaire """,false,true,true,false,false,0,codable,OWL_ANS,emissible,2187
M84.92,XIII,XIII/M84.92.md,"Anomalie de la continuité osseuse, sans précision - "" Bras """,false,true,true,false,false,0,codable,OWL_ANS,emissible,2002
M84.93,XIII,XIII/M84.93.md,"Anomalie de la continuité osseuse, sans précision - "" Avant-bras """,false,true,true,false,false,0,codable,OWL_ANS,emissible,2028
M84.94,XIII,XIII/M84.94.md,"Anomalie de la continuité osseuse, sans précision - "" Main """,false,true,true,false,false,0,codable,OWL_ANS,emissible,2046
M84.95,XIII,XIII/M84.95.md,"Anomalie de la continuité osseuse, sans précision - "" Région pelvienne et cuisse """,false,true,true,false,false,0,codable,OWL_ANS,emissible,2116
M84.96,XIII,XIII/M84.96.md,"Anomalie de la continuité osseuse, sans précision - "" Jambe """,false,true,true,false,false,0,codable,OWL_ANS,emissible,2015
M84.97,XIII,XIII/M84.97.md,"Anomalie de la continuité osseuse, sans précision - "" Cheville et pied """,false,true,true,false,false,0,codable,OWL_ANS,emissible,2122
M84.98,XIII,XIII/M84.98.md,"Anomalie de la continuité osseuse, sans précision - "" Autres """,false,true,true,false,false,0,codable,OWL_ANS,emissible,2044
M84.99,XIII,XIII/M84.99.md,"Anomalie de la continuité osseuse, sans précision - "" Siège non précisé """,false,false,true,false,false,0,codable,OWL_ANS,emissible,1901
M85.0,XIII,XIII/M85.0.md,Dysplasie fibreuse (localisée),true,false,true,false,true,0,codable,OWL_ANS,emissible,2360
M85.00,XIII,XIII/M85.00.md,"Dysplasie fibreuse (localisée) - "" Sièges multiples """,true,false,true,false,false,0,codable,OWL_ANS,emissible,2237
M85.01,XIII,XIII/M85.01.md,"Dysplasie fibreuse (localisée) - "" Région scapulaire """,true,true,true,false,false,0,codable,OWL_ANS,emissible,2524
M85.02,XIII,XIII/M85.02.md,"Dysplasie fibreuse (localisée) - "" Bras """,true,true,true,false,false,0,codable,OWL_ANS,emissible,2339
M85.03,XIII,XIII/M85.03.md,"Dysplasie fibreuse (localisée) - "" Avant-bras """,true,true,true,false,false,0,codable,OWL_ANS,emissible,2365
M85.04,XIII,XIII/M85.04.md,"Dysplasie fibreuse (localisée) - "" Main """,true,true,true,false,false,0,codable,OWL_ANS,emissible,2383
M85.05,XIII,XIII/M85.05.md,"Dysplasie fibreuse (localisée) - "" Région pelvienne et cuisse """,true,true,true,false,false,0,codable,OWL_ANS,emissible,2453
M85.06,XIII,XIII/M85.06.md,"Dysplasie fibreuse (localisée) - "" Jambe """,true,true,true,false,false,0,codable,OWL_ANS,emissible,2352
M85.07,XIII,XIII/M85.07.md,"Dysplasie fibreuse (localisée) - "" Cheville et pied """,true,true,true,false,false,0,codable,OWL_ANS,emissible,2459
M85.08,XIII,XIII/M85.08.md,"Dysplasie fibreuse (localisée) - "" Autres """,true,true,true,false,false,0,codable,OWL_ANS,emissible,2381
M85.09,XIII,XIII/M85.09.md,"Dysplasie fibreuse (localisée) - "" Siège non précisé """,true,false,true,false,false,0,codable,OWL_ANS,emissible,2238
M85.1,XIII,XIII/M85.1.md,Ostéose fluorée,false,false,true,false,true,0,codable,OWL_ANS,emissible,2076
M85.10,XIII,XIII/M85.10.md,"Ostéose fluorée - "" Sièges multiples """,false,false,true,false,false,0,codable,OWL_ANS,emissible,2066
M85.11,XIII,XIII/M85.11.md,"Ostéose fluorée - "" Région scapulaire """,false,true,true,false,false,0,codable,OWL_ANS,emissible,2353
M85.12,XIII,XIII/M85.12.md,"Ostéose fluorée - "" Bras """,false,true,true,false,false,0,codable,OWL_ANS,emissible,2168
M85.13,XIII,XIII/M85.13.md,"Ostéose fluorée - "" Avant-bras """,false,true,true,false,false,0,codable,OWL_ANS,emissible,2194
M85.14,XIII,XIII/M85.14.md,"Ostéose fluorée - "" Main """,false,true,true,false,false,0,codable,OWL_ANS,emissible,2212
M85.15,XIII,XIII/M85.15.md,"Ostéose fluorée - "" Région pelvienne et cuisse """,false,true,true,false,false,0,codable,OWL_ANS,emissible,2282
M85.16,XIII,XIII/M85.16.md,"Ostéose fluorée - "" Jambe """,false,true,true,false,false,0,codable,OWL_ANS,emissible,2181
M85.17,XIII,XIII/M85.17.md,"Ostéose fluorée - "" Cheville et pied """,false,true,true,false,false,0,codable,OWL_ANS,emissible,2288
M85.18,XIII,XIII/M85.18.md,"Ostéose fluorée - "" Autres """,false,true,true,false,false,0,codable,OWL_ANS,emissible,2210
M85.19,XIII,XIII/M85.19.md,"Ostéose fluorée - "" Siège non précisé """,false,false,true,false,false,0,codable,OWL_ANS,emissible,2067
M85.2,XIII,XIII/M85.2.md,Hyperostose du crâne,false,false,true,false,true,0,codable,OWL_ANS,emissible,2284
M85.20,XIII,XIII/M85.20.md,"Hyperostose du crâne - "" Sièges multiples """,false,false,true,false,false,3,supprime,OWL_ANS,emissible,2064
M85.21,XIII,XIII/M85.21.md,"Hyperostose du crâne - "" Région scapulaire """,false,true,true,false,false,,inconnu_atih,OWL_ANS,emissible,2343
M85.22,XIII,XIII/M85.22.md,"Hyperostose du crâne - "" Bras """,false,true,true,false,false,,inconnu_atih,OWL_ANS,emissible,2158
M85.23,XIII,XIII/M85.23.md,"Hyperostose du crâne - "" Avant-bras """,false,true,true,false,false,,inconnu_atih,OWL_ANS,emissible,2184
M85.24,XIII,XIII/M85.24.md,"Hyperostose du crâne - "" Main """,false,true,true,false,false,,inconnu_atih,OWL_ANS,emissible,2202
M85.25,XIII,XIII/M85.25.md,"Hyperostose du crâne - "" Région pelvienne et cuisse """,false,true,true,false,false,,inconnu_atih,OWL_ANS,emissible,2272
M85.26,XIII,XIII/M85.26.md,"Hyperostose du crâne - "" Jambe """,false,true,true,false,false,,inconnu_atih,OWL_ANS,emissible,2171
M85.27,XIII,XIII/M85.27.md,"Hyperostose du crâne - "" Cheville et pied """,false,true,true,false,false,,inconnu_atih,OWL_ANS,emissible,2278
M85.28,XIII,XIII/M85.28.md,"Hyperostose du crâne - "" Autres """,false,true,true,false,false,0,codable,OWL_ANS,emissible,2215
M85.29,XIII,XIII/M85.29.md,"Hyperostose du crâne - "" Siège non précisé """,false,false,true,false,false,,inconnu_atih,OWL_ANS,emissible,2057
M85.3,XIII,XIII/M85.3.md,Ostéite condensante,false,false,true,false,false,0,codable,OWL_ANS,emissible,2022
M85.30,XIII,XIII/M85.30.md,"Ostéite condensante - "" Sièges multiples """,false,false,true,false,false,0,codable,OWL_ANS,emissible,2070
M85.31,XIII,XIII/M85.31.md,"Ostéite condensante - "" Région scapulaire """,false,true,true,false,false,0,codable,OWL_ANS,emissible,2357
M85.32,XIII,XIII/M85.32.md,"Ostéite condensante - "" Bras """,false,true,true,false,false,0,codable,OWL_ANS,emissible,2172
M85.33,XIII,XIII/M85.33.md,"Ostéite condensante - "" Avant-bras """,false,true,true,false,false,0,codable,OWL_ANS,emissible,2198
M85.34,XIII,XIII/M85.34.md,"Ostéite condensante - "" Main """,false,true,true,false,false,0,codable,OWL_ANS,emissible,2216
M85.35,XIII,XIII/M85.35.md,"Ostéite condensante - "" Région pelvienne et cuisse """,false,true,true,false,false,0,codable,OWL_ANS,emissible,2286
M85.36,XIII,XIII/M85.36.md,"Ostéite condensante - "" Jambe """,false,true,true,false,false,0,codable,OWL_ANS,emissible,2185
M85.37,XIII,XIII/M85.37.md,"Ostéite condensante - "" Cheville et pied """,false,true,true,false,false,0,codable,OWL_ANS,emissible,2292
M85.38,XIII,XIII/M85.38.md,"Ostéite condensante - "" Autres """,false,true,true,false,false,0,codable,OWL_ANS,emissible,2214
M85.39,XIII,XIII/M85.39.md,"Ostéite condensante - "" Siège non précisé """,false,false,true,false,false,0,codable,OWL_ANS,emissible,2071
M85.4,XIII,XIII/M85.4.md,Kyste solitaire des os,false,false,true,false,false,0,codable,OWL_ANS,emissible,2109
M85.40,XIII,XIII/M85.40.md,"Kyste solitaire des os - "" Sièges multiples """,false,false,true,false,false,0,codable,OWL_ANS,emissible,2118
M85.41,XIII,XIII/M85.41.md,"Kyste solitaire des os - "" Région scapulaire """,false,true,true,false,false,0,codable,OWL_ANS,emissible,2405
M85.42,XIII,XIII/M85.42.md,"Kyste solitaire des os - "" Bras """,false,true,true,false,false,0,codable,OWL_ANS,emissible,2220
M85.43,XIII,XIII/M85.43.md,"Kyste solitaire des os - "" Avant-bras """,false,true,true,false,false,0,codable,OWL_ANS,emissible,2246
M85.44,XIII,XIII/M85.44.md,"Kyste solitaire des os - "" Main """,false,true,true,false,false,0,codable,OWL_ANS,emissible,2264
M85.45,XIII,XIII/M85.45.md,"Kyste solitaire des os - "" Région pelvienne et cuisse """,false,true,true,false,false,0,codable,OWL_ANS,emissible,2334
M85.46,XIII,XIII/M85.46.md,"Kyste solitaire des os - "" Jambe """,false,true,true,false,false,0,codable,OWL_ANS,emissible,2233
M85.47,XIII,XIII/M85.47.md,"Kyste solitaire des os - "" Cheville et pied """,false,true,true,false,false,0,codable,OWL_ANS,emissible,2340
M85.48,XIII,XIII/M85.48.md,"Kyste solitaire des os - "" Autres """,false,true,true,false,false,0,codable,OWL_ANS,emissible,2262
M85.49,XIII,XIII/M85.49.md,"Kyste solitaire des os - "" Siège non précisé """,false,false,true,false,false,0,codable,OWL_ANS,emissible,2119
M85.5,XIII,XIII/M85.5.md,Kyste anévrismal des os,false,false,true,false,true,0,codable,OWL_ANS,emissible,2241
M85.50,XIII,XIII/M85.50.md,"Kyste anévrismal des os - "" Sièges multiples """,false,false,true,false,false,0,codable,OWL_ANS,emissible,2114
M85.51,XIII,XIII/M85.51.md,"Kyste anévrismal des os - "" Région scapulaire """,false,true,true,false,false,0,codable,OWL_ANS,emissible,2401
M85.52,XIII,XIII/M85.52.md,"Kyste anévrismal des os - "" Bras """,false,true,true,false,false,0,codable,OWL_ANS,emissible,2216
M85.53,XIII,XIII/M85.53.md,"Kyste anévrismal des os - "" Avant-bras """,false,true,true,false,false,0,codable,OWL_ANS,emissible,2242
M85.54,XIII,XIII/M85.54.md,"Kyste anévrismal des os - "" Main """,false,true,true,false,false,0,codable,OWL_ANS,emissible,2260
M85.55,XIII,XIII/M85.55.md,"Kyste anévrismal des os - "" Région pelvienne et cuisse """,false,true,true,false,false,0,codable,OWL_ANS,emissible,2330
M85.56,XIII,XIII/M85.56.md,"Kyste anévrismal des os - "" Jambe """,false,true,true,false,false,0,codable,OWL_ANS,emissible,2229
M85.57,XIII,XIII/M85.57.md,"Kyste anévrismal des os - "" Cheville et pied """,false,true,true,false,false,0,codable,OWL_ANS,emissible,2336
M85.58,XIII,XIII/M85.58.md,"Kyste anévrismal des os - "" Autres """,false,true,true,false,false,0,codable,OWL_ANS,emissible,2258
M85.59,XIII,XIII/M85.59.md,"Kyste anévrismal des os - "" Siège non précisé """,false,false,true,false,false,0,codable,OWL_ANS,emissible,2115
M85.6,XIII,XIII/M85.6.md,Autres kystes osseux,false,false,true,false,true,0,codable,OWL_ANS,emissible,2359
M85.60,XIII,XIII/M85.60.md,"Autres kystes osseux - "" Sièges multiples """,false,false,true,false,false,0,codable,OWL_ANS,emissible,2192
M85.61,XIII,XIII/M85.61.md,"Autres kystes osseux - "" Région scapulaire """,false,true,true,false,false,0,codable,OWL_ANS,emissible,2479
M85.62,XIII,XIII/M85.62.md,"Autres kystes osseux - "" Bras """,false,true,true,false,false,0,codable,OWL_ANS,emissible,2294
M85.63,XIII,XIII/M85.63.md,"Autres kystes osseux - "" Avant-bras """,false,true,true,false,false,0,codable,OWL_ANS,emissible,2320
M85.64,XIII,XIII/M85.64.md,"Autres kystes osseux - "" Main """,false,true,true,false,false,0,codable,OWL_ANS,emissible,2338
M85.65,XIII,XIII/M85.65.md,"Autres kystes osseux - "" Région pelvienne et cuisse """,false,true,true,false,false,0,codable,OWL_ANS,emissible,2408
M85.66,XIII,XIII/M85.66.md,"Autres kystes osseux - "" Jambe """,false,true,true,false,false,0,codable,OWL_ANS,emissible,2307
M85.67,XIII,XIII/M85.67.md,"Autres kystes osseux - "" Cheville et pied """,false,true,true,false,false,0,codable,OWL_ANS,emissible,2414
M85.68,XIII,XIII/M85.68.md,"Autres kystes osseux - "" Autres """,false,true,true,false,false,0,codable,OWL_ANS,emissible,2336
M85.69,XIII,XIII/M85.69.md,"Autres kystes osseux - "" Siège non précisé """,false,false,true,false,false,0,codable,OWL_ANS,emissible,2193
M85.8,XIII,XIII/M85.8.md,Autres anomalies précisées de la densité et de la structure osseuses,true,false,true,false,true,0,codable,OWL_ANS,emissible,2932
M85.80,XIII,XIII/M85.80.md,"Autres anomalies précisées de la densité et de la structure osseuses - "" Sièges multiples """,true,false,true,false,false,0,codable,OWL_ANS,emissible,2367
M85.81,XIII,XIII/M85.81.md,"Autres anomalies précisées de la densité et de la structure osseuses - "" Région scapulaire """,true,true,true,false,false,0,codable,OWL_ANS,emissible,2654
M85.82,XIII,XIII/M85.82.md,"Autres anomalies précisées de la densité et de la structure osseuses - "" Bras """,true,true,true,false,false,0,codable,OWL_ANS,emissible,2469
M85.83,XIII,XIII/M85.83.md,"Autres anomalies précisées de la densité et de la structure osseuses - "" Avant-bras """,true,true,true,false,false,0,codable,OWL_ANS,emissible,2495
M85.84,XIII,XIII/M85.84.md,"Autres anomalies précisées de la densité et de la structure osseuses - "" Main """,true,true,true,false,false,0,codable,OWL_ANS,emissible,2513
M85.85,XIII,XIII/M85.85.md,"Autres anomalies précisées de la densité et de la structure osseuses - "" Région pelvienne et cuisse """,true,true,true,false,false,0,codable,OWL_ANS,emissible,2583
M85.86,XIII,XIII/M85.86.md,"Autres anomalies précisées de la densité et de la structure osseuses - "" Jambe """,true,true,true,false,false,0,codable,OWL_ANS,emissible,2482
M85.87,XIII,XIII/M85.87.md,"Autres anomalies précisées de la densité et de la structure osseuses - "" Cheville et pied """,true,true,true,false,false,0,codable,OWL_ANS,emissible,2589
M85.88,XIII,XIII/M85.88.md,"Autres anomalies précisées de la densité et de la structure osseuses - "" Autres """,true,true,true,false,false,0,codable,OWL_ANS,emissible,2511
M85.89,XIII,XIII/M85.89.md,"Autres anomalies précisées de la densité et de la structure osseuses - "" Siège non précisé """,true,false,true,false,false,0,codable,OWL_ANS,emissible,2368
M85.9,XIII,XIII/M85.9.md,"Anomalie de la densité et de la structure osseuses, sans précision",false,false,true,false,true,0,codable,OWL_ANS,emissible,2172
M85.90,XIII,XIII/M85.90.md,"Anomalie de la densité et de la structure osseuses, sans précision - "" Sièges multiples """,false,false,true,false,false,0,codable,OWL_ANS,emissible,2117
M85.91,XIII,XIII/M85.91.md,"Anomalie de la densité et de la structure osseuses, sans précision - "" Région scapulaire """,false,true,true,false,false,0,codable,OWL_ANS,emissible,2404
M85.92,XIII,XIII/M85.92.md,"Anomalie de la densité et de la structure osseuses, sans précision - "" Bras """,false,true,true,false,false,0,codable,OWL_ANS,emissible,2219
M85.93,XIII,XIII/M85.93.md,"Anomalie de la densité et de la structure osseuses, sans précision - "" Avant-bras """,false,true,true,false,false,0,codable,OWL_ANS,emissible,2245
M85.94,XIII,XIII/M85.94.md,"Anomalie de la densité et de la structure osseuses, sans précision - "" Main """,false,true,true,false,false,0,codable,OWL_ANS,emissible,2263
M85.95,XIII,XIII/M85.95.md,"Anomalie de la densité et de la structure osseuses, sans précision - "" Région pelvienne et cuisse """,false,true,true,false,false,0,codable,OWL_ANS,emissible,2333
M85.96,XIII,XIII/M85.96.md,"Anomalie de la densité et de la structure osseuses, sans précision - "" Jambe """,false,true,true,false,false,0,codable,OWL_ANS,emissible,2232
M85.97,XIII,XIII/M85.97.md,"Anomalie de la densité et de la structure osseuses, sans précision - "" Cheville et pied """,false,true,true,false,false,0,codable,OWL_ANS,emissible,2339
M85.98,XIII,XIII/M85.98.md,"Anomalie de la densité et de la structure osseuses, sans précision - "" Autres """,false,true,true,false,false,0,codable,OWL_ANS,emissible,2261
M85.99,XIII,XIII/M85.99.md,"Anomalie de la densité et de la structure osseuses, sans précision - "" Siège non précisé """,false,false,true,false,false,0,codable,OWL_ANS,emissible,2118
M86.0,XIII,XIII/M86.0.md,Ostéomyélite hématogène aigüe,false,false,true,false,true,0,codable,OWL_ANS,emissible,2211
M86.00,XIII,XIII/M86.00.md,"Ostéomyélite hématogène aigüe - "" Sièges multiples """,false,false,true,true,false,0,codable,OWL_ANS,emissible,3271
M86.01,XIII,XIII/M86.01.md,"Ostéomyélite hématogène aigüe - "" Région scapulaire """,false,true,true,true,false,0,codable,OWL_ANS,emissible,3558
M86.02,XIII,XIII/M86.02.md,"Ostéomyélite hématogène aigüe - "" Bras """,false,true,true,true,false,0,codable,OWL_ANS,emissible,3373
M86.03,XIII,XIII/M86.03.md,"Ostéomyélite hématogène aigüe - "" Avant-bras """,false,true,true,true,false,0,codable,OWL_ANS,emissible,3399
M86.04,XIII,XIII/M86.04.md,"Ostéomyélite hématogène aigüe - "" Main """,false,true,true,true,false,0,codable,OWL_ANS,emissible,3417
M86.05,XIII,XIII/M86.05.md,"Ostéomyélite hématogène aigüe - "" Région pelvienne et cuisse """,false,true,true,true,false,0,codable,OWL_ANS,emissible,3487
M86.06,XIII,XIII/M86.06.md,"Ostéomyélite hématogène aigüe - "" Jambe """,false,true,true,true,false,0,codable,OWL_ANS,emissible,3386
M86.07,XIII,XIII/M86.07.md,"Ostéomyélite hématogène aigüe - "" Cheville et pied """,false,true,true,true,false,0,codable,OWL_ANS,emissible,3493
M86.08,XIII,XIII/M86.08.md,"Ostéomyélite hématogène aigüe - "" Autres """,false,true,true,true,false,0,codable,OWL_ANS,emissible,3415
M86.09,XIII,XIII/M86.09.md,"Ostéomyélite hématogène aigüe - "" Siège non précisé """,false,false,true,true,false,0,codable,OWL_ANS,emissible,3272
M86.1,XIII,XIII/M86.1.md,Autres ostéomyélites aigües,false,false,true,false,true,0,codable,OWL_ANS,emissible,2494
M86.10,XIII,XIII/M86.10.md,"Autres ostéomyélites aigües - "" Sièges multiples """,false,false,true,true,false,0,codable,OWL_ANS,emissible,3269
M86.11,XIII,XIII/M86.11.md,"Autres ostéomyélites aigües - "" Région scapulaire """,false,true,true,true,false,0,codable,OWL_ANS,emissible,3556
M86.12,XIII,XIII/M86.12.md,"Autres ostéomyélites aigües - "" Bras """,false,true,true,true,false,0,codable,OWL_ANS,emissible,3371
M86.13,XIII,XIII/M86.13.md,"Autres ostéomyélites aigües - "" Avant-bras """,false,true,true,true,false,0,codable,OWL_ANS,emissible,3397
M86.14,XIII,XIII/M86.14.md,"Autres ostéomyélites aigües - "" Main """,false,true,true,true,false,0,codable,OWL_ANS,emissible,3415
M86.15,XIII,XIII/M86.15.md,"Autres ostéomyélites aigües - "" Région pelvienne et cuisse """,false,true,true,true,false,0,codable,OWL_ANS,emissible,3485
M86.16,XIII,XIII/M86.16.md,"Autres ostéomyélites aigües - "" Jambe """,false,true,true,true,false,0,codable,OWL_ANS,emissible,3384
M86.17,XIII,XIII/M86.17.md,"Autres ostéomyélites aigües - "" Cheville et pied """,false,true,true,true,false,0,codable,OWL_ANS,emissible,3491
M86.18,XIII,XIII/M86.18.md,"Autres ostéomyélites aigües - "" Autres """,false,true,true,true,false,0,codable,OWL_ANS,emissible,3413
M86.19,XIII,XIII/M86.19.md,"Autres ostéomyélites aigües - "" Siège non précisé """,false,false,true,true,false,0,codable,OWL_ANS,emissible,3270
M86.2,XIII,XIII/M86.2.md,Ostéomyélite subaigüe,false,false,true,false,true,0,codable,OWL_ANS,emissible,2157
M86.20,XIII,XIII/M86.20.md,"Ostéomyélite subaigüe - "" Sièges multiples """,false,false,true,true,false,0,codable,OWL_ANS,emissible,3263
M86.21,XIII,XIII/M86.21.md,"Ostéomyélite subaigüe - "" Région scapulaire """,false,true,true,true,false,0,codable,OWL_ANS,emissible,3550
M86.22,XIII,XIII/M86.22.md,"Ostéomyélite subaigüe - "" Bras """,false,true,true,true,false,0,codable,OWL_ANS,emissible,3365
M86.23,XIII,XIII/M86.23.md,"Ostéomyélite subaigüe - "" Avant-bras """,false,true,true,true,false,0,codable,OWL_ANS,emissible,3391
M86.24,XIII,XIII/M86.24.md,"Ostéomyélite subaigüe - "" Main """,false,true,true,true,false,0,codable,OWL_ANS,emissible,3409
M86.25,XIII,XIII/M86.25.md,"Ostéomyélite subaigüe - "" Région pelvienne et cuisse """,false,true,true,true,false,0,codable,OWL_ANS,emissible,3479
M86.26,XIII,XIII/M86.26.md,"Ostéomyélite subaigüe - "" Jambe """,false,true,true,true,false,0,codable,OWL_ANS,emissible,3378
M86.27,XIII,XIII/M86.27.md,"Ostéomyélite subaigüe - "" Cheville et pied """,false,true,true,true,false,0,codable,OWL_ANS,emissible,3485
M86.28,XIII,XIII/M86.28.md,"Ostéomyélite subaigüe - "" Autres """,false,true,true,true,false,0,codable,OWL_ANS,emissible,3407
M86.29,XIII,XIII/M86.29.md,"Ostéomyélite subaigüe - "" Siège non précisé """,false,false,true,true,false,0,codable,OWL_ANS,emissible,3264
M86.3,XIII,XIII/M86.3.md,Ostéomyélite chronique multifocale,false,false,true,false,true,0,codable,OWL_ANS,emissible,2248
M86.30,XIII,XIII/M86.30.md,"Ostéomyélite chronique multifocale - "" Sièges multiples """,false,false,true,true,false,0,codable,OWL_ANS,emissible,3276
M86.31,XIII,XIII/M86.31.md,"Ostéomyélite chronique multifocale - "" Région scapulaire """,false,true,true,true,false,0,codable,OWL_ANS,emissible,3563
M86.32,XIII,XIII/M86.32.md,"Ostéomyélite chronique multifocale - "" Bras """,false,true,true,true,false,0,codable,OWL_ANS,emissible,3378
M86.33,XIII,XIII/M86.33.md,"Ostéomyélite chronique multifocale - "" Avant-bras """,false,true,true,true,false,0,codable,OWL_ANS,emissible,3404
M86.34,XIII,XIII/M86.34.md,"Ostéomyélite chronique multifocale - "" Main """,false,true,true,true,false,0,codable,OWL_ANS,emissible,3422
M86.35,XIII,XIII/M86.35.md,"Ostéomyélite chronique multifocale - "" Région pelvienne et cuisse """,false,true,true,true,false,0,codable,OWL_ANS,emissible,3492
M86.36,XIII,XIII/M86.36.md,"Ostéomyélite chronique multifocale - "" Jambe """,false,true,true,true,false,0,codable,OWL_ANS,emissible,3391
M86.37,XIII,XIII/M86.37.md,"Ostéomyélite chronique multifocale - "" Cheville et pied """,false,true,true,true,false,0,codable,OWL_ANS,emissible,3498
M86.38,XIII,XIII/M86.38.md,"Ostéomyélite chronique multifocale - "" Autres """,false,true,true,true,false,0,codable,OWL_ANS,emissible,3420
M86.39,XIII,XIII/M86.39.md,"Ostéomyélite chronique multifocale - "" Siège non précisé """,false,false,true,true,false,0,codable,OWL_ANS,emissible,3277
M86.4,XIII,XIII/M86.4.md,Ostéomyélite chronique avec fistule de drainage,false,false,true,false,true,0,codable,OWL_ANS,emissible,2346
M86.40,XIII,XIII/M86.40.md,"Ostéomyélite chronique avec fistule de drainage - "" Sièges multiples """,false,false,true,true,false,0,codable,OWL_ANS,emissible,3289
M86.41,XIII,XIII/M86.41.md,"Ostéomyélite chronique avec fistule de drainage - "" Région scapulaire """,false,true,true,true,false,0,codable,OWL_ANS,emissible,3576
M86.42,XIII,XIII/M86.42.md,"Ostéomyélite chronique avec fistule de drainage - "" Bras """,false,true,true,true,false,0,codable,OWL_ANS,emissible,3391
M86.43,XIII,XIII/M86.43.md,"Ostéomyélite chronique avec fistule de drainage - "" Avant-bras """,false,true,true,true,false,0,codable,OWL_ANS,emissible,3417
M86.44,XIII,XIII/M86.44.md,"Ostéomyélite chronique avec fistule de drainage - "" Main """,false,true,true,true,false,0,codable,OWL_ANS,emissible,3435
M86.45,XIII,XIII/M86.45.md,"Ostéomyélite chronique avec fistule de drainage - "" Région pelvienne et cuisse """,false,true,true,true,false,0,codable,OWL_ANS,emissible,3505
M86.46,XIII,XIII/M86.46.md,"Ostéomyélite chronique avec fistule de drainage - "" Jambe """,false,true,true,true,false,0,codable,OWL_ANS,emissible,3404
M86.47,XIII,XIII/M86.47.md,"Ostéomyélite chronique avec fistule de drainage - "" Cheville et pied """,false,true,true,true,false,0,codable,OWL_ANS,emissible,3511
M86.48,XIII,XIII/M86.48.md,"Ostéomyélite chronique avec fistule de drainage - "" Autres """,false,true,true,true,false,0,codable,OWL_ANS,emissible,3433
M86.49,XIII,XIII/M86.49.md,"Ostéomyélite chronique avec fistule de drainage - "" Siège non précisé """,false,false,true,true,false,0,codable,OWL_ANS,emissible,3290
M86.5,XIII,XIII/M86.5.md,Autres ostéomyélites hématogènes chroniques,false,false,true,false,true,0,codable,OWL_ANS,emissible,2203
M86.50,XIII,XIII/M86.50.md,"Autres ostéomyélites hématogènes chroniques - "" Sièges multiples """,false,false,true,true,false,0,codable,OWL_ANS,emissible,3285
M86.51,XIII,XIII/M86.51.md,"Autres ostéomyélites hématogènes chroniques - "" Région scapulaire """,false,true,true,true,false,0,codable,OWL_ANS,emissible,3572
M86.52,XIII,XIII/M86.52.md,"Autres ostéomyélites hématogènes chroniques - "" Bras """,false,true,true,true,false,0,codable,OWL_ANS,emissible,3387
M86.53,XIII,XIII/M86.53.md,"Autres ostéomyélites hématogènes chroniques - "" Avant-bras """,false,true,true,true,false,0,codable,OWL_ANS,emissible,3413
M86.54,XIII,XIII/M86.54.md,"Autres ostéomyélites hématogènes chroniques - "" Main """,false,true,true,true,false,0,codable,OWL_ANS,emissible,3431
M86.55,XIII,XIII/M86.55.md,"Autres ostéomyélites hématogènes chroniques - "" Région pelvienne et cuisse """,false,true,true,true,false,0,codable,OWL_ANS,emissible,3501
M86.56,XIII,XIII/M86.56.md,"Autres ostéomyélites hématogènes chroniques - "" Jambe """,false,true,true,true,false,0,codable,OWL_ANS,emissible,3400
M86.57,XIII,XIII/M86.57.md,"Autres ostéomyélites hématogènes chroniques - "" Cheville et pied """,false,true,true,true,false,0,codable,OWL_ANS,emissible,3507
M86.58,XIII,XIII/M86.58.md,"Autres ostéomyélites hématogènes chroniques - "" Autres """,false,true,true,true,false,0,codable,OWL_ANS,emissible,3429
M86.59,XIII,XIII/M86.59.md,"Autres ostéomyélites hématogènes chroniques - "" Siège non précisé """,false,false,true,true,false,0,codable,OWL_ANS,emissible,3286
M86.6,XIII,XIII/M86.6.md,Autres ostéomyélites chroniques,false,false,true,false,true,0,codable,OWL_ANS,emissible,2519
M86.60,XIII,XIII/M86.60.md,"Autres ostéomyélites chroniques - "" Sièges multiples """,false,false,true,true,false,0,codable,OWL_ANS,emissible,3273
M86.61,XIII,XIII/M86.61.md,"Autres ostéomyélites chroniques - "" Région scapulaire """,false,true,true,true,false,0,codable,OWL_ANS,emissible,3560
M86.62,XIII,XIII/M86.62.md,"Autres ostéomyélites chroniques - "" Bras """,false,true,true,true,false,0,codable,OWL_ANS,emissible,3375
M86.63,XIII,XIII/M86.63.md,"Autres ostéomyélites chroniques - "" Avant-bras """,false,true,true,true,false,0,codable,OWL_ANS,emissible,3401
M86.64,XIII,XIII/M86.64.md,"Autres ostéomyélites chroniques - "" Main """,false,true,true,true,false,0,codable,OWL_ANS,emissible,3419
M86.65,XIII,XIII/M86.65.md,"Autres ostéomyélites chroniques - "" Région pelvienne et cuisse """,false,true,true,true,false,0,codable,OWL_ANS,emissible,3489
M86.66,XIII,XIII/M86.66.md,"Autres ostéomyélites chroniques - "" Jambe """,false,true,true,true,false,0,codable,OWL_ANS,emissible,3388
M86.67,XIII,XIII/M86.67.md,"Autres ostéomyélites chroniques - "" Cheville et pied """,false,true,true,true,false,0,codable,OWL_ANS,emissible,3495
M86.68,XIII,XIII/M86.68.md,"Autres ostéomyélites chroniques - "" Autres """,false,true,true,true,false,0,codable,OWL_ANS,emissible,3417
M86.69,XIII,XIII/M86.69.md,"Autres ostéomyélites chroniques - "" Siège non précisé """,false,false,true,true,false,0,codable,OWL_ANS,emissible,3274
M86.8,XIII,XIII/M86.8.md,Autres ostéomyélites,true,false,true,false,true,0,codable,OWL_ANS,emissible,2873
M86.80,XIII,XIII/M86.80.md,"Autres ostéomyélites - "" Sièges multiples """,true,false,true,true,false,0,codable,OWL_ANS,emissible,3356
M86.81,XIII,XIII/M86.81.md,"Autres ostéomyélites - "" Région scapulaire """,true,true,true,true,false,0,codable,OWL_ANS,emissible,3643
M86.82,XIII,XIII/M86.82.md,"Autres ostéomyélites - "" Bras """,true,true,true,true,false,0,codable,OWL_ANS,emissible,3458
M86.83,XIII,XIII/M86.83.md,"Autres ostéomyélites - "" Avant-bras """,true,true,true,true,false,0,codable,OWL_ANS,emissible,3484
M86.84,XIII,XIII/M86.84.md,"Autres ostéomyélites - "" Main """,true,true,true,true,false,0,codable,OWL_ANS,emissible,3502
M86.85,XIII,XIII/M86.85.md,"Autres ostéomyélites - "" Région pelvienne et cuisse """,true,true,true,true,false,0,codable,OWL_ANS,emissible,3572
M86.86,XIII,XIII/M86.86.md,"Autres ostéomyélites - "" Jambe """,true,true,true,true,false,0,codable,OWL_ANS,emissible,3471
M86.87,XIII,XIII/M86.87.md,"Autres ostéomyélites - "" Cheville et pied """,true,true,true,true,false,0,codable,OWL_ANS,emissible,3578
M86.88,XIII,XIII/M86.88.md,"Autres ostéomyélites - "" Autres """,true,true,true,true,false,0,codable,OWL_ANS,emissible,3500
M86.89,XIII,XIII/M86.89.md,"Autres ostéomyélites - "" Siège non précisé """,true,false,true,true,false,0,codable,OWL_ANS,emissible,3357
M86.9,XIII,XIII/M86.9.md,"Ostéomyélite, sans précision",true,false,true,false,true,0,codable,OWL_ANS,emissible,2635
M86.90,XIII,XIII/M86.90.md,"Ostéomyélite, sans précision - "" Sièges multiples """,true,false,true,true,false,0,codable,OWL_ANS,emissible,3385
M86.91,XIII,XIII/M86.91.md,"Ostéomyélite, sans précision - "" Région scapulaire """,true,true,true,true,false,0,codable,OWL_ANS,emissible,3672
M86.92,XIII,XIII/M86.92.md,"Ostéomyélite, sans précision - "" Bras """,true,true,true,true,false,0,codable,OWL_ANS,emissible,3487
M86.93,XIII,XIII/M86.93.md,"Ostéomyélite, sans précision - "" Avant-bras """,true,true,true,true,false,0,codable,OWL_ANS,emissible,3513
M86.94,XIII,XIII/M86.94.md,"Ostéomyélite, sans précision - "" Main """,true,true,true,true,false,0,codable,OWL_ANS,emissible,3531
M86.95,XIII,XIII/M86.95.md,"Ostéomyélite, sans précision - "" Région pelvienne et cuisse """,true,true,true,true,false,0,codable,OWL_ANS,emissible,3601
M86.96,XIII,XIII/M86.96.md,"Ostéomyélite, sans précision - "" Jambe """,true,true,true,true,false,0,codable,OWL_ANS,emissible,3500
M86.97,XIII,XIII/M86.97.md,"Ostéomyélite, sans précision - "" Cheville et pied """,true,true,true,true,false,0,codable,OWL_ANS,emissible,3607
M86.98,XIII,XIII/M86.98.md,"Ostéomyélite, sans précision - "" Autres """,true,true,true,true,false,0,codable,OWL_ANS,emissible,3529
M86.99,XIII,XIII/M86.99.md,"Ostéomyélite, sans précision - "" Siège non précisé """,true,false,true,true,false,0,codable,OWL_ANS,emissible,3386
M87.0,XIII,XIII/M87.0.md,Ostéonécrose aseptique idiopathique,true,false,true,false,true,0,codable,OWL_ANS,emissible,2482
M87.00,XIII,XIII/M87.00.md,"Ostéonécrose aseptique idiopathique - "" Sièges multiples """,true,false,true,false,false,0,codable,OWL_ANS,emissible,2266
M87.01,XIII,XIII/M87.01.md,"Ostéonécrose aseptique idiopathique - "" Région scapulaire """,true,true,true,false,false,0,codable,OWL_ANS,emissible,2553
M87.02,XIII,XIII/M87.02.md,"Ostéonécrose aseptique idiopathique - "" Bras """,true,true,true,false,false,0,codable,OWL_ANS,emissible,2368
M87.03,XIII,XIII/M87.03.md,"Ostéonécrose aseptique idiopathique - "" Avant-bras """,true,true,true,false,false,0,codable,OWL_ANS,emissible,2394
M87.04,XIII,XIII/M87.04.md,"Ostéonécrose aseptique idiopathique - "" Main """,true,true,true,false,false,0,codable,OWL_ANS,emissible,2412
M87.05,XIII,XIII/M87.05.md,"Ostéonécrose aseptique idiopathique - "" Région pelvienne et cuisse """,true,true,true,false,false,0,codable,OWL_ANS,emissible,2482
M87.06,XIII,XIII/M87.06.md,"Ostéonécrose aseptique idiopathique - "" Jambe """,true,true,true,false,false,0,codable,OWL_ANS,emissible,2381
M87.07,XIII,XIII/M87.07.md,"Ostéonécrose aseptique idiopathique - "" Cheville et pied """,true,true,true,false,false,0,codable,OWL_ANS,emissible,2488
M87.08,XIII,XIII/M87.08.md,"Ostéonécrose aseptique idiopathique - "" Autres """,true,true,true,false,false,0,codable,OWL_ANS,emissible,2410
M87.09,XIII,XIII/M87.09.md,"Ostéonécrose aseptique idiopathique - "" Siège non précisé """,true,false,true,false,false,0,codable,OWL_ANS,emissible,2267
M87.1,XIII,XIII/M87.1.md,Ostéonécrose médicamenteuse,true,false,true,false,true,0,codable,OWL_ANS,emissible,2367
M87.10,XIII,XIII/M87.10.md,"Ostéonécrose médicamenteuse - "" Sièges multiples """,true,false,true,false,false,0,codable,OWL_ANS,emissible,2258
M87.11,XIII,XIII/M87.11.md,"Ostéonécrose médicamenteuse - "" Région scapulaire """,true,true,true,false,false,0,codable,OWL_ANS,emissible,2545
M87.12,XIII,XIII/M87.12.md,"Ostéonécrose médicamenteuse - "" Bras """,true,true,true,false,false,0,codable,OWL_ANS,emissible,2360
M87.13,XIII,XIII/M87.13.md,"Ostéonécrose médicamenteuse - "" Avant-bras """,true,true,true,false,false,0,codable,OWL_ANS,emissible,2386
M87.14,XIII,XIII/M87.14.md,"Ostéonécrose médicamenteuse - "" Main """,true,true,true,false,false,0,codable,OWL_ANS,emissible,2404
M87.15,XIII,XIII/M87.15.md,"Ostéonécrose médicamenteuse - "" Région pelvienne et cuisse """,true,true,true,false,false,0,codable,OWL_ANS,emissible,2474
M87.16,XIII,XIII/M87.16.md,"Ostéonécrose médicamenteuse - "" Jambe """,true,true,true,false,false,0,codable,OWL_ANS,emissible,2373
M87.17,XIII,XIII/M87.17.md,"Ostéonécrose médicamenteuse - "" Cheville et pied """,true,true,true,false,false,0,codable,OWL_ANS,emissible,2480
M87.18,XIII,XIII/M87.18.md,"Ostéonécrose médicamenteuse - "" Autres """,true,true,true,false,false,0,codable,OWL_ANS,emissible,2402
M87.19,XIII,XIII/M87.19.md,"Ostéonécrose médicamenteuse - "" Siège non précisé """,true,false,true,false,false,0,codable,OWL_ANS,emissible,2259
M87.2,XIII,XIII/M87.2.md,Ostéonécrose due à un traumatisme antérieur,true,false,true,false,true,0,codable,OWL_ANS,emissible,2454
M87.20,XIII,XIII/M87.20.md,"Ostéonécrose due à un traumatisme antérieur - "" Sièges multiples """,true,false,true,false,false,0,codable,OWL_ANS,emissible,2274
M87.21,XIII,XIII/M87.21.md,"Ostéonécrose due à un traumatisme antérieur - "" Région scapulaire """,true,true,true,false,false,0,codable,OWL_ANS,emissible,2561
M87.22,XIII,XIII/M87.22.md,"Ostéonécrose due à un traumatisme antérieur - "" Bras """,true,true,true,false,false,0,codable,OWL_ANS,emissible,2376
M87.23,XIII,XIII/M87.23.md,"Ostéonécrose due à un traumatisme antérieur - "" Avant-bras """,true,true,true,false,false,0,codable,OWL_ANS,emissible,2402
M87.24,XIII,XIII/M87.24.md,"Ostéonécrose due à un traumatisme antérieur - "" Main """,true,true,true,false,false,0,codable,OWL_ANS,emissible,2420
M87.25,XIII,XIII/M87.25.md,"Ostéonécrose due à un traumatisme antérieur - "" Région pelvienne et cuisse """,true,true,true,false,false,0,codable,OWL_ANS,emissible,2490
M87.26,XIII,XIII/M87.26.md,"Ostéonécrose due à un traumatisme antérieur - "" Jambe """,true,true,true,false,false,0,codable,OWL_ANS,emissible,2389
M87.27,XIII,XIII/M87.27.md,"Ostéonécrose due à un traumatisme antérieur - "" Cheville et pied """,true,true,true,false,false,0,codable,OWL_ANS,emissible,2496
M87.28,XIII,XIII/M87.28.md,"Ostéonécrose due à un traumatisme antérieur - "" Autres """,true,true,true,false,false,0,codable,OWL_ANS,emissible,2418
M87.29,XIII,XIII/M87.29.md,"Ostéonécrose due à un traumatisme antérieur - "" Siège non précisé """,true,false,true,false,false,0,codable,OWL_ANS,emissible,2275
M87.3,XIII,XIII/M87.3.md,Autres ostéonécroses secondaires,true,false,true,false,true,0,codable,OWL_ANS,emissible,2386
M87.30,XIII,XIII/M87.30.md,"Autres ostéonécroses secondaires - "" Sièges multiples """,true,false,true,false,false,0,codable,OWL_ANS,emissible,2263
M87.31,XIII,XIII/M87.31.md,"Autres ostéonécroses secondaires - "" Région scapulaire """,true,true,true,false,false,0,codable,OWL_ANS,emissible,2550
M87.32,XIII,XIII/M87.32.md,"Autres ostéonécroses secondaires - "" Bras """,true,true,true,false,false,0,codable,OWL_ANS,emissible,2365
M87.33,XIII,XIII/M87.33.md,"Autres ostéonécroses secondaires - "" Avant-bras """,true,true,true,false,false,0,codable,OWL_ANS,emissible,2391
M87.34,XIII,XIII/M87.34.md,"Autres ostéonécroses secondaires - "" Main """,true,true,true,false,false,0,codable,OWL_ANS,emissible,2409
M87.35,XIII,XIII/M87.35.md,"Autres ostéonécroses secondaires - "" Région pelvienne et cuisse """,true,true,true,false,false,0,codable,OWL_ANS,emissible,2479
M87.36,XIII,XIII/M87.36.md,"Autres ostéonécroses secondaires - "" Jambe """,true,true,true,false,false,0,codable,OWL_ANS,emissible,2378
M87.37,XIII,XIII/M87.37.md,"Autres ostéonécroses secondaires - "" Cheville et pied """,true,true,true,false,false,0,codable,OWL_ANS,emissible,2485
M87.38,XIII,XIII/M87.38.md,"Autres ostéonécroses secondaires - "" Autres """,true,true,true,false,false,0,codable,OWL_ANS,emissible,2407
M87.39,XIII,XIII/M87.39.md,"Autres ostéonécroses secondaires - "" Siège non précisé """,true,false,true,false,false,0,codable,OWL_ANS,emissible,2264
M87.8,XIII,XIII/M87.8.md,Autres ostéonécroses,true,false,true,false,true,0,codable,OWL_ANS,emissible,2571
M87.80,XIII,XIII/M87.80.md,"Autres ostéonécroses - "" Sièges multiples """,true,false,true,false,false,0,codable,OWL_ANS,emissible,2251
M87.81,XIII,XIII/M87.81.md,"Autres ostéonécroses - "" Région scapulaire """,true,true,true,false,false,0,codable,OWL_ANS,emissible,2538
M87.82,XIII,XIII/M87.82.md,"Autres ostéonécroses - "" Bras """,true,true,true,false,false,0,codable,OWL_ANS,emissible,2353
M87.83,XIII,XIII/M87.83.md,"Autres ostéonécroses - "" Avant-bras """,true,true,true,false,false,0,codable,OWL_ANS,emissible,2379
M87.84,XIII,XIII/M87.84.md,"Autres ostéonécroses - "" Main """,true,true,true,false,false,0,codable,OWL_ANS,emissible,2397
M87.85,XIII,XIII/M87.85.md,"Autres ostéonécroses - "" Région pelvienne et cuisse """,true,true,true,false,false,0,codable,OWL_ANS,emissible,2467
M87.86,XIII,XIII/M87.86.md,"Autres ostéonécroses - "" Jambe """,true,true,true,false,false,0,codable,OWL_ANS,emissible,2366
M87.87,XIII,XIII/M87.87.md,"Autres ostéonécroses - "" Cheville et pied """,true,true,true,false,false,0,codable,OWL_ANS,emissible,2473
M87.88,XIII,XIII/M87.88.md,"Autres ostéonécroses - "" Autres """,true,true,true,false,false,0,codable,OWL_ANS,emissible,2395
M87.89,XIII,XIII/M87.89.md,"Autres ostéonécroses - "" Siège non précisé """,true,false,true,false,false,0,codable,OWL_ANS,emissible,2252
M87.9,XIII,XIII/M87.9.md,"Ostéonécrose, sans précision",true,false,true,false,true,0,codable,OWL_ANS,emissible,2489
M87.90,XIII,XIII/M87.90.md,"Ostéonécrose, sans précision - "" Sièges multiples """,true,false,true,false,false,0,codable,OWL_ANS,emissible,2259
M87.91,XIII,XIII/M87.91.md,"Ostéonécrose, sans précision - "" Région scapulaire """,true,true,true,false,false,0,codable,OWL_ANS,emissible,2546
M87.92,XIII,XIII/M87.92.md,"Ostéonécrose, sans précision - "" Bras """,true,true,true,false,false,0,codable,OWL_ANS,emissible,2361
M87.93,XIII,XIII/M87.93.md,"Ostéonécrose, sans précision - "" Avant-bras """,true,true,true,false,false,0,codable,OWL_ANS,emissible,2387
M87.94,XIII,XIII/M87.94.md,"Ostéonécrose, sans précision - "" Main """,true,true,true,false,false,0,codable,OWL_ANS,emissible,2405
M87.95,XIII,XIII/M87.95.md,"Ostéonécrose, sans précision - "" Région pelvienne et cuisse """,true,true,true,false,false,0,codable,OWL_ANS,emissible,2475
M87.96,XIII,XIII/M87.96.md,"Ostéonécrose, sans précision - "" Jambe """,true,true,true,false,false,0,codable,OWL_ANS,emissible,2374
M87.97,XIII,XIII/M87.97.md,"Ostéonécrose, sans précision - "" Cheville et pied """,true,true,true,false,false,0,codable,OWL_ANS,emissible,2481
M87.98,XIII,XIII/M87.98.md,"Ostéonécrose, sans précision - "" Autres """,true,true,true,false,false,0,codable,OWL_ANS,emissible,2403
M87.99,XIII,XIII/M87.99.md,"Ostéonécrose, sans précision - "" Siège non précisé """,true,false,true,false,false,0,codable,OWL_ANS,emissible,2260
M88.0,XIII,XIII/M88.0.md,Maladie de Paget du crâne,false,false,true,false,true,0,codable,OWL_ANS,emissible,1998
M88.00,XIII,XIII/M88.00.md,"Maladie de Paget du crâne - "" Sièges multiples """,false,false,true,false,false,3,supprime,OWL_ANS,emissible,1974
M88.01,XIII,XIII/M88.01.md,"Maladie de Paget du crâne - "" Région scapulaire """,false,true,true,false,false,,inconnu_atih,OWL_ANS,emissible,2253
M88.02,XIII,XIII/M88.02.md,"Maladie de Paget du crâne - "" Bras """,false,true,true,false,false,,inconnu_atih,OWL_ANS,emissible,2068
M88.03,XIII,XIII/M88.03.md,"Maladie de Paget du crâne - "" Avant-bras """,false,true,true,false,false,,inconnu_atih,OWL_ANS,emissible,2094
M88.04,XIII,XIII/M88.04.md,"Maladie de Paget du crâne - "" Main """,false,true,true,false,false,,inconnu_atih,OWL_ANS,emissible,2112
M88.05,XIII,XIII/M88.05.md,"Maladie de Paget du crâne - "" Région pelvienne et cuisse """,false,true,true,false,false,,inconnu_atih,OWL_ANS,emissible,2182
M88.06,XIII,XIII/M88.06.md,"Maladie de Paget du crâne - "" Jambe """,false,true,true,false,false,,inconnu_atih,OWL_ANS,emissible,2081
M88.07,XIII,XIII/M88.07.md,"Maladie de Paget du crâne - "" Cheville et pied """,false,true,true,false,false,,inconnu_atih,OWL_ANS,emissible,2188
M88.08,XIII,XIII/M88.08.md,"Maladie de Paget du crâne - "" Autres """,false,true,true,false,false,3,pere_interdit,OWL_ANS,emissible,2152
M88.09,XIII,XIII/M88.09.md,"Maladie de Paget du crâne - "" Siège non précisé """,false,false,true,false,false,,inconnu_atih,OWL_ANS,emissible,1967
M88.8,XIII,XIII/M88.8.md,Maladie de Paget d'autres os,false,false,true,false,true,0,codable,OWL_ANS,emissible,2305
M88.80,XIII,XIII/M88.80.md,"Maladie de Paget d'autres os - "" Sièges multiples """,false,false,true,false,true,0,codable,OWL_ANS,emissible,2057
M88.81,XIII,XIII/M88.81.md,"Maladie de Paget d'autres os - "" Région scapulaire """,false,true,true,false,false,0,codable,OWL_ANS,emissible,2271
M88.82,XIII,XIII/M88.82.md,"Maladie de Paget d'autres os - "" Bras """,false,true,true,false,false,0,codable,OWL_ANS,emissible,2086
M88.83,XIII,XIII/M88.83.md,"Maladie de Paget d'autres os - "" Avant-bras """,false,true,true,false,false,0,codable,OWL_ANS,emissible,2112
M88.84,XIII,XIII/M88.84.md,"Maladie de Paget d'autres os - "" Main """,false,true,true,false,false,0,codable,OWL_ANS,emissible,2130
M88.85,XIII,XIII/M88.85.md,"Maladie de Paget d'autres os - "" Région pelvienne et cuisse """,false,true,true,false,false,0,codable,OWL_ANS,emissible,2200
M88.86,XIII,XIII/M88.86.md,"Maladie de Paget d'autres os - "" Jambe """,false,true,true,false,false,0,codable,OWL_ANS,emissible,2099
M88.87,XIII,XIII/M88.87.md,"Maladie de Paget d'autres os - "" Cheville et pied """,false,true,true,false,false,0,codable,OWL_ANS,emissible,2206
M88.88,XIII,XIII/M88.88.md,"Maladie de Paget d'autres os - "" Autres """,false,true,true,false,false,0,codable,OWL_ANS,emissible,2128
M88.89,XIII,XIII/M88.89.md,"Maladie de Paget d'autres os - "" Siège non précisé """,false,false,true,false,false,,inconnu_atih,OWL_ANS,emissible,1970
M88.9,XIII,XIII/M88.9.md,"Maladie osseuse de Paget, sans précision",false,false,true,false,true,0,codable,OWL_ANS,emissible,2130
M88.90,XIII,XIII/M88.90.md,"Maladie osseuse de Paget, sans précision - "" Sièges multiples """,false,false,true,false,false,0,codable,OWL_ANS,emissible,1996
M88.91,XIII,XIII/M88.91.md,"Maladie osseuse de Paget, sans précision - "" Région scapulaire """,false,true,true,false,false,,inconnu_atih,OWL_ANS,emissible,2268
M88.92,XIII,XIII/M88.92.md,"Maladie osseuse de Paget, sans précision - "" Bras """,false,true,true,false,false,,inconnu_atih,OWL_ANS,emissible,2083
M88.93,XIII,XIII/M88.93.md,"Maladie osseuse de Paget, sans précision - "" Avant-bras """,false,true,true,false,false,,inconnu_atih,OWL_ANS,emissible,2109
M88.94,XIII,XIII/M88.94.md,"Maladie osseuse de Paget, sans précision - "" Main """,false,true,true,false,false,,inconnu_atih,OWL_ANS,emissible,2127
M88.95,XIII,XIII/M88.95.md,"Maladie osseuse de Paget, sans précision - "" Région pelvienne et cuisse """,false,true,true,false,false,,inconnu_atih,OWL_ANS,emissible,2197
M88.96,XIII,XIII/M88.96.md,"Maladie osseuse de Paget, sans précision - "" Jambe """,false,true,true,false,false,,inconnu_atih,OWL_ANS,emissible,2096
M88.97,XIII,XIII/M88.97.md,"Maladie osseuse de Paget, sans précision - "" Cheville et pied """,false,true,true,false,false,,inconnu_atih,OWL_ANS,emissible,2203
M88.98,XIII,XIII/M88.98.md,"Maladie osseuse de Paget, sans précision - "" Autres """,false,true,true,false,false,,inconnu_atih,OWL_ANS,emissible,2125
M88.99,XIII,XIII/M88.99.md,"Maladie osseuse de Paget, sans précision - "" Siège non précisé """,false,false,true,false,false,0,codable,OWL_ANS,emissible,1997
M89.0,XIII,XIII/M89.0.md,Algoneurodystrophie,true,false,true,false,true,0,codable,OWL_ANS,emissible,2688
M89.00,XIII,XIII/M89.00.md,"Algoneurodystrophie - "" Sièges multiples """,true,false,true,false,true,0,codable,OWL_ANS,emissible,2284
M89.01,XIII,XIII/M89.01.md,"Algoneurodystrophie - "" Région scapulaire """,true,true,true,false,false,0,codable,OWL_ANS,emissible,2505
M89.02,XIII,XIII/M89.02.md,"Algoneurodystrophie - "" Bras """,true,true,true,false,false,0,codable,OWL_ANS,emissible,2320
M89.03,XIII,XIII/M89.03.md,"Algoneurodystrophie - "" Avant-bras """,true,true,true,false,false,0,codable,OWL_ANS,emissible,2346
M89.04,XIII,XIII/M89.04.md,"Algoneurodystrophie - "" Main """,true,true,true,false,false,0,codable,OWL_ANS,emissible,2364
M89.05,XIII,XIII/M89.05.md,"Algoneurodystrophie - "" Région pelvienne et cuisse """,true,true,true,false,true,0,codable,OWL_ANS,emissible,2504
M89.06,XIII,XIII/M89.06.md,"Algoneurodystrophie - "" Jambe """,true,true,true,false,true,0,codable,OWL_ANS,emissible,2399
M89.07,XIII,XIII/M89.07.md,"Algoneurodystrophie - "" Cheville et pied """,true,true,true,false,true,0,codable,OWL_ANS,emissible,2523
M89.08,XIII,XIII/M89.08.md,"Algoneurodystrophie - "" Autres """,true,true,true,false,false,0,codable,OWL_ANS,emissible,2362
M89.09,XIII,XIII/M89.09.md,"Algoneurodystrophie - "" Siège non précisé """,true,false,true,false,false,0,codable,OWL_ANS,emissible,2219
M89.1,XIII,XIII/M89.1.md,Arrêt épiphysaire,false,false,true,false,true,0,codable,OWL_ANS,emissible,1985
M89.10,XIII,XIII/M89.10.md,"Arrêt épiphysaire - "" Sièges multiples """,false,false,true,false,false,0,codable,OWL_ANS,emissible,1973
M89.11,XIII,XIII/M89.11.md,"Arrêt épiphysaire - "" Région scapulaire """,false,true,true,false,false,0,codable,OWL_ANS,emissible,2260
M89.12,XIII,XIII/M89.12.md,"Arrêt épiphysaire - "" Bras """,false,true,true,false,false,0,codable,OWL_ANS,emissible,2075
M89.13,XIII,XIII/M89.13.md,"Arrêt épiphysaire - "" Avant-bras """,false,true,true,false,false,0,codable,OWL_ANS,emissible,2101
M89.14,XIII,XIII/M89.14.md,"Arrêt épiphysaire - "" Main """,false,true,true,false,false,0,codable,OWL_ANS,emissible,2119
M89.15,XIII,XIII/M89.15.md,"Arrêt épiphysaire - "" Région pelvienne et cuisse """,false,true,true,false,false,0,codable,OWL_ANS,emissible,2189
M89.16,XIII,XIII/M89.16.md,"Arrêt épiphysaire - "" Jambe """,false,true,true,false,false,0,codable,OWL_ANS,emissible,2088
M89.17,XIII,XIII/M89.17.md,"Arrêt épiphysaire - "" Cheville et pied """,false,true,true,false,false,0,codable,OWL_ANS,emissible,2195
M89.18,XIII,XIII/M89.18.md,"Arrêt épiphysaire - "" Autres """,false,true,true,false,false,3,supprime,OWL_ANS,emissible,2110
M89.19,XIII,XIII/M89.19.md,"Arrêt épiphysaire - "" Siège non précisé """,false,false,true,false,false,0,codable,OWL_ANS,emissible,1974
M89.2,XIII,XIII/M89.2.md,Autres troubles de la croissance et du développement osseux,false,false,true,false,true,0,codable,OWL_ANS,emissible,2058
M89.20,XIII,XIII/M89.20.md,"Autres troubles de la croissance et du développement osseux - "" Sièges multiples """,false,false,true,false,false,0,codable,OWL_ANS,emissible,2015
M89.21,XIII,XIII/M89.21.md,"Autres troubles de la croissance et du développement osseux - "" Région scapulaire """,false,true,true,false,false,0,codable,OWL_ANS,emissible,2302
M89.22,XIII,XIII/M89.22.md,"Autres troubles de la croissance et du développement osseux - "" Bras """,false,true,true,false,false,0,codable,OWL_ANS,emissible,2117
M89.23,XIII,XIII/M89.23.md,"Autres troubles de la croissance et du développement osseux - "" Avant-bras """,false,true,true,false,false,0,codable,OWL_ANS,emissible,2143
M89.24,XIII,XIII/M89.24.md,"Autres troubles de la croissance et du développement osseux - "" Main """,false,true,true,false,false,0,codable,OWL_ANS,emissible,2161
M89.25,XIII,XIII/M89.25.md,"Autres troubles de la croissance et du développement osseux - "" Région pelvienne et cuisse """,false,true,true,false,false,0,codable,OWL_ANS,emissible,2231
M89.26,XIII,XIII/M89.26.md,"Autres troubles de la croissance et du développement osseux - "" Jambe """,false,true,true,false,false,0,codable,OWL_ANS,emissible,2130
M89.27,XIII,XIII/M89.27.md,"Autres troubles de la croissance et du développement osseux - "" Cheville et pied """,false,true,true,false,false,0,codable,OWL_ANS,emissible,2237
M89.28,XIII,XIII/M89.28.md,"Autres troubles de la croissance et du développement osseux - "" Autres """,false,true,true,false,false,0,codable,OWL_ANS,emissible,2159
M89.29,XIII,XIII/M89.29.md,"Autres troubles de la croissance et du développement osseux - "" Siège non précisé """,false,false,true,false,false,0,codable,OWL_ANS,emissible,2016
M89.3,XIII,XIII/M89.3.md,Hypertrophie osseuse,false,false,true,false,true,0,codable,OWL_ANS,emissible,2016
M89.30,XIII,XIII/M89.30.md,"Hypertrophie osseuse - "" Sièges multiples """,false,false,true,false,false,0,codable,OWL_ANS,emissible,1976
M89.31,XIII,XIII/M89.31.md,"Hypertrophie osseuse - "" Région scapulaire """,false,true,true,false,false,0,codable,OWL_ANS,emissible,2263
M89.32,XIII,XIII/M89.32.md,"Hypertrophie osseuse - "" Bras """,false,true,true,false,false,0,codable,OWL_ANS,emissible,2078
M89.33,XIII,XIII/M89.33.md,"Hypertrophie osseuse - "" Avant-bras """,false,true,true,false,false,0,codable,OWL_ANS,emissible,2104
M89.34,XIII,XIII/M89.34.md,"Hypertrophie osseuse - "" Main """,false,true,true,false,false,0,codable,OWL_ANS,emissible,2122
M89.35,XIII,XIII/M89.35.md,"Hypertrophie osseuse - "" Région pelvienne et cuisse """,false,true,true,false,false,0,codable,OWL_ANS,emissible,2192
M89.36,XIII,XIII/M89.36.md,"Hypertrophie osseuse - "" Jambe """,false,true,true,false,false,0,codable,OWL_ANS,emissible,2091
M89.37,XIII,XIII/M89.37.md,"Hypertrophie osseuse - "" Cheville et pied """,false,true,true,false,false,0,codable,OWL_ANS,emissible,2198
M89.38,XIII,XIII/M89.38.md,"Hypertrophie osseuse - "" Autres """,false,true,true,false,false,0,codable,OWL_ANS,emissible,2120
M89.39,XIII,XIII/M89.39.md,"Hypertrophie osseuse - "" Siège non précisé """,false,false,true,false,false,0,codable,OWL_ANS,emissible,1977
M89.4,XIII,XIII/M89.4.md,Autres ostéoarthropathies hypertrophiantes,true,false,true,false,true,0,codable,OWL_ANS,emissible,2459
M89.40,XIII,XIII/M89.40.md,"Autres ostéoarthropathies hypertrophiantes - "" Sièges multiples """,true,false,true,false,false,0,codable,OWL_ANS,emissible,2124
M89.41,XIII,XIII/M89.41.md,"Autres ostéoarthropathies hypertrophiantes - "" Région scapulaire """,true,true,true,false,false,0,codable,OWL_ANS,emissible,2411
M89.42,XIII,XIII/M89.42.md,"Autres ostéoarthropathies hypertrophiantes - "" Bras """,true,true,true,false,false,0,codable,OWL_ANS,emissible,2226
M89.43,XIII,XIII/M89.43.md,"Autres ostéoarthropathies hypertrophiantes - "" Avant-bras """,true,true,true,false,false,0,codable,OWL_ANS,emissible,2252
M89.44,XIII,XIII/M89.44.md,"Autres ostéoarthropathies hypertrophiantes - "" Main """,true,true,true,false,false,0,codable,OWL_ANS,emissible,2270
M89.45,XIII,XIII/M89.45.md,"Autres ostéoarthropathies hypertrophiantes - "" Région pelvienne et cuisse """,true,true,true,false,false,0,codable,OWL_ANS,emissible,2340
M89.46,XIII,XIII/M89.46.md,"Autres ostéoarthropathies hypertrophiantes - "" Jambe """,true,true,true,false,false,0,codable,OWL_ANS,emissible,2239
M89.47,XIII,XIII/M89.47.md,"Autres ostéoarthropathies hypertrophiantes - "" Cheville et pied """,true,true,true,false,false,0,codable,OWL_ANS,emissible,2346
M89.48,XIII,XIII/M89.48.md,"Autres ostéoarthropathies hypertrophiantes - "" Autres """,true,true,true,false,false,0,codable,OWL_ANS,emissible,2268
M89.49,XIII,XIII/M89.49.md,"Autres ostéoarthropathies hypertrophiantes - "" Siège non précisé """,true,false,true,false,false,0,codable,OWL_ANS,emissible,2125
M89.5,XIII,XIII/M89.5.md,Ostéolyse,false,false,true,false,true,0,codable,OWL_ANS,emissible,2271
M89.50,XIII,XIII/M89.50.md,"Ostéolyse - "" Sièges multiples """,false,false,true,false,false,0,codable,OWL_ANS,emissible,1965
M89.51,XIII,XIII/M89.51.md,"Ostéolyse - "" Région scapulaire """,false,true,true,false,false,0,codable,OWL_ANS,emissible,2252
M89.52,XIII,XIII/M89.52.md,"Ostéolyse - "" Bras """,false,true,true,false,false,0,codable,OWL_ANS,emissible,2067
M89.53,XIII,XIII/M89.53.md,"Ostéolyse - "" Avant-bras """,false,true,true,false,false,0,codable,OWL_ANS,emissible,2093
M89.54,XIII,XIII/M89.54.md,"Ostéolyse - "" Main """,false,true,true,false,false,0,codable,OWL_ANS,emissible,2111
M89.55,XIII,XIII/M89.55.md,"Ostéolyse - "" Région pelvienne et cuisse """,false,true,true,false,false,0,codable,OWL_ANS,emissible,2181
M89.56,XIII,XIII/M89.56.md,"Ostéolyse - "" Jambe """,false,true,true,false,false,0,codable,OWL_ANS,emissible,2080
M89.57,XIII,XIII/M89.57.md,"Ostéolyse - "" Cheville et pied """,false,true,true,false,false,0,codable,OWL_ANS,emissible,2187
M89.58,XIII,XIII/M89.58.md,"Ostéolyse - "" Autres """,false,true,true,false,false,0,codable,OWL_ANS,emissible,2109
M89.59,XIII,XIII/M89.59.md,"Ostéolyse - "" Siège non précisé """,false,false,true,false,false,0,codable,OWL_ANS,emissible,1966
M89.6,XIII,XIII/M89.6.md,Ostéopathie consécutive à une poliomyélite,false,false,true,false,true,0,codable,OWL_ANS,emissible,2149
M89.60,XIII,XIII/M89.60.md,"Ostéopathie consécutive à une poliomyélite - "" Sièges multiples """,false,false,true,false,false,0,codable,OWL_ANS,emissible,2103
M89.61,XIII,XIII/M89.61.md,"Ostéopathie consécutive à une poliomyélite - "" Région scapulaire """,false,true,true,false,false,0,codable,OWL_ANS,emissible,2390
M89.62,XIII,XIII/M89.62.md,"Ostéopathie consécutive à une poliomyélite - "" Bras """,false,true,true,false,false,0,codable,OWL_ANS,emissible,2205
M89.63,XIII,XIII/M89.63.md,"Ostéopathie consécutive à une poliomyélite - "" Avant-bras """,false,true,true,false,false,0,codable,OWL_ANS,emissible,2231
M89.64,XIII,XIII/M89.64.md,"Ostéopathie consécutive à une poliomyélite - "" Main """,false,true,true,false,false,0,codable,OWL_ANS,emissible,2249
M89.65,XIII,XIII/M89.65.md,"Ostéopathie consécutive à une poliomyélite - "" Région pelvienne et cuisse """,false,true,true,false,false,0,codable,OWL_ANS,emissible,2319
M89.66,XIII,XIII/M89.66.md,"Ostéopathie consécutive à une poliomyélite - "" Jambe """,false,true,true,false,false,0,codable,OWL_ANS,emissible,2218
M89.67,XIII,XIII/M89.67.md,"Ostéopathie consécutive à une poliomyélite - "" Cheville et pied """,false,true,true,false,false,0,codable,OWL_ANS,emissible,2325
M89.68,XIII,XIII/M89.68.md,"Ostéopathie consécutive à une poliomyélite - "" Autres """,false,true,true,false,false,0,codable,OWL_ANS,emissible,2247
M89.69,XIII,XIII/M89.69.md,"Ostéopathie consécutive à une poliomyélite - "" Siège non précisé """,false,false,true,false,false,0,codable,OWL_ANS,emissible,2104
M89.8,XIII,XIII/M89.8.md,Autres maladies osseuses précisées,true,false,true,false,true,0,codable,OWL_ANS,emissible,3042
M89.80,XIII,XIII/M89.80.md,"Autres maladies osseuses précisées - "" Sièges multiples """,true,false,true,false,false,0,codable,OWL_ANS,emissible,2148
M89.81,XIII,XIII/M89.81.md,"Autres maladies osseuses précisées - "" Région scapulaire """,true,true,true,false,false,0,codable,OWL_ANS,emissible,2435
M89.82,XIII,XIII/M89.82.md,"Autres maladies osseuses précisées - "" Bras """,true,true,true,false,false,0,codable,OWL_ANS,emissible,2250
M89.83,XIII,XIII/M89.83.md,"Autres maladies osseuses précisées - "" Avant-bras """,true,true,true,false,false,0,codable,OWL_ANS,emissible,2276
M89.84,XIII,XIII/M89.84.md,"Autres maladies osseuses précisées - "" Main """,true,true,true,false,false,0,codable,OWL_ANS,emissible,2294
M89.85,XIII,XIII/M89.85.md,"Autres maladies osseuses précisées - "" Région pelvienne et cuisse """,true,true,true,false,false,0,codable,OWL_ANS,emissible,2364
M89.86,XIII,XIII/M89.86.md,"Autres maladies osseuses précisées - "" Jambe """,true,true,true,false,false,0,codable,OWL_ANS,emissible,2263
M89.87,XIII,XIII/M89.87.md,"Autres maladies osseuses précisées - "" Cheville et pied """,true,true,true,false,false,0,codable,OWL_ANS,emissible,2370
M89.88,XIII,XIII/M89.88.md,"Autres maladies osseuses précisées - "" Autres """,true,true,true,false,false,0,codable,OWL_ANS,emissible,2292
M89.89,XIII,XIII/M89.89.md,"Autres maladies osseuses précisées - "" Siège non précisé """,true,false,true,false,false,0,codable,OWL_ANS,emissible,2149
M89.9,XIII,XIII/M89.9.md,"Maladie osseuse, sans précision",false,false,true,false,true,1,interdit_dp_dr,OWL_ANS,emissible,2212
M89.90,XIII,XIII/M89.90.md,"Maladie osseuse, sans précision - "" Sièges multiples """,false,false,true,false,false,1,interdit_dp_dr,OWL_ANS,emissible,1989
M89.91,XIII,XIII/M89.91.md,"Maladie osseuse, sans précision - "" Région scapulaire """,false,true,true,false,false,1,interdit_dp_dr,OWL_ANS,emissible,2276
M89.92,XIII,XIII/M89.92.md,"Maladie osseuse, sans précision - "" Bras """,false,true,true,false,false,1,interdit_dp_dr,OWL_ANS,emissible,2091
M89.93,XIII,XIII/M89.93.md,"Maladie osseuse, sans précision - "" Avant-bras """,false,true,true,false,false,1,interdit_dp_dr,OWL_ANS,emissible,2117
M89.94,XIII,XIII/M89.94.md,"Maladie osseuse, sans précision - "" Main """,false,true,true,false,false,1,interdit_dp_dr,OWL_ANS,emissible,2135
M89.95,XIII,XIII/M89.95.md,"Maladie osseuse, sans précision - "" Région pelvienne et cuisse """,false,true,true,false,false,1,interdit_dp_dr,OWL_ANS,emissible,2205
M89.96,XIII,XIII/M89.96.md,"Maladie osseuse, sans précision - "" Jambe """,false,true,true,false,false,1,interdit_dp_dr,OWL_ANS,emissible,2104
M89.97,XIII,XIII/M89.97.md,"Maladie osseuse, sans précision - "" Cheville et pied """,false,true,true,false,false,1,interdit_dp_dr,OWL_ANS,emissible,2211
M89.98,XIII,XIII/M89.98.md,"Maladie osseuse, sans précision - "" Autres """,false,true,true,false,false,1,interdit_dp_dr,OWL_ANS,emissible,2133
M89.99,XIII,XIII/M89.99.md,"Maladie osseuse, sans précision - "" Siège non précisé """,false,false,true,false,false,1,interdit_dp_dr,OWL_ANS,emissible,1990
M90.0,XIII,XIII/M90.0.md,Tuberculose osseuse ,false,false,true,false,true,0,codable,OWL_ANS,emissible,2061
M90.00,XIII,XIII/M90.00.md,"Tuberculose osseuse (A18.0)   - "" Sièges multiples """,false,false,true,false,false,0,codable,OWL_ANS,emissible,2086
M90.01,XIII,XIII/M90.01.md,"Tuberculose osseuse (A18.0)   - "" Région scapulaire """,false,true,true,false,false,0,codable,OWL_ANS,emissible,2373
M90.02,XIII,XIII/M90.02.md,"Tuberculose osseuse (A18.0)   - "" Bras """,false,true,true,false,false,0,codable,OWL_ANS,emissible,2188
M90.03,XIII,XIII/M90.03.md,"Tuberculose osseuse (A18.0)   - "" Avant-bras """,false,true,true,false,false,0,codable,OWL_ANS,emissible,2214
M90.04,XIII,XIII/M90.04.md,"Tuberculose osseuse (A18.0)   - "" Main """,false,true,true,false,false,0,codable,OWL_ANS,emissible,2232
M90.05,XIII,XIII/M90.05.md,"Tuberculose osseuse (A18.0)   - "" Région pelvienne et cuisse """,false,true,true,false,false,0,codable,OWL_ANS,emissible,2302
M90.06,XIII,XIII/M90.06.md,"Tuberculose osseuse (A18.0)   - "" Jambe """,false,true,true,false,false,0,codable,OWL_ANS,emissible,2201
M90.07,XIII,XIII/M90.07.md,"Tuberculose osseuse (A18.0)   - "" Cheville et pied """,false,true,true,false,false,0,codable,OWL_ANS,emissible,2308
M90.08,XIII,XIII/M90.08.md,"Tuberculose osseuse (A18.0)   - "" Autres """,false,true,true,false,false,0,codable,OWL_ANS,emissible,2230
M90.09,XIII,XIII/M90.09.md,"Tuberculose osseuse (A18.0)   - "" Siège non précisé """,false,false,true,false,false,0,codable,OWL_ANS,emissible,2087
M90.1,XIII,XIII/M90.1.md,Périostite au cours d'autres maladies infectieuses classées ailleurs,true,false,true,false,false,0,codable,OWL_ANS,emissible,2065
M90.10,XIII,XIII/M90.10.md,"Périostite au cours d'autres maladies infectieuses classées ailleurs - "" Sièges multiples """,true,false,true,false,false,0,codable,OWL_ANS,emissible,2145
M90.11,XIII,XIII/M90.11.md,"Périostite au cours d'autres maladies infectieuses classées ailleurs - "" Région scapulaire """,true,true,true,false,false,0,codable,OWL_ANS,emissible,2432
M90.12,XIII,XIII/M90.12.md,"Périostite au cours d'autres maladies infectieuses classées ailleurs - "" Bras """,true,true,true,false,false,0,codable,OWL_ANS,emissible,2247
M90.13,XIII,XIII/M90.13.md,"Périostite au cours d'autres maladies infectieuses classées ailleurs - "" Avant-bras """,true,true,true,false,false,0,codable,OWL_ANS,emissible,2273
M90.14,XIII,XIII/M90.14.md,"Périostite au cours d'autres maladies infectieuses classées ailleurs - "" Main """,true,true,true,false,false,0,codable,OWL_ANS,emissible,2291
M90.15,XIII,XIII/M90.15.md,"Périostite au cours d'autres maladies infectieuses classées ailleurs - "" Région pelvienne et cuisse """,true,true,true,false,false,0,codable,OWL_ANS,emissible,2361
M90.16,XIII,XIII/M90.16.md,"Périostite au cours d'autres maladies infectieuses classées ailleurs - "" Jambe """,true,true,true,false,false,0,codable,OWL_ANS,emissible,2260
M90.17,XIII,XIII/M90.17.md,"Périostite au cours d'autres maladies infectieuses classées ailleurs - "" Cheville et pied """,true,true,true,false,false,0,codable,OWL_ANS,emissible,2367
M90.18,XIII,XIII/M90.18.md,"Périostite au cours d'autres maladies infectieuses classées ailleurs - "" Autres """,true,true,true,false,false,0,codable,OWL_ANS,emissible,2289
M90.19,XIII,XIII/M90.19.md,"Périostite au cours d'autres maladies infectieuses classées ailleurs - "" Siège non précisé """,true,false,true,false,false,0,codable,OWL_ANS,emissible,2146
M90.2,XIII,XIII/M90.2.md,Ostéopathie au cours d'autres maladies infectieuses  classées ailleurs,true,false,true,false,false,0,codable,OWL_ANS,emissible,2177
M90.20,XIII,XIII/M90.20.md,"Ostéopathie au cours d'autres maladies infectieuses  classées ailleurs - "" Sièges multiples """,true,false,true,false,false,0,codable,OWL_ANS,emissible,2260
M90.21,XIII,XIII/M90.21.md,"Ostéopathie au cours d'autres maladies infectieuses  classées ailleurs - "" Région scapulaire """,true,true,true,false,false,0,codable,OWL_ANS,emissible,2547
M90.22,XIII,XIII/M90.22.md,"Ostéopathie au cours d'autres maladies infectieuses  classées ailleurs - "" Bras """,true,true,true,false,false,0,codable,OWL_ANS,emissible,2362
M90.23,XIII,XIII/M90.23.md,"Ostéopathie au cours d'autres maladies infectieuses  classées ailleurs - "" Avant-bras """,true,true,true,false,false,0,codable,OWL_ANS,emissible,2388
M90.24,XIII,XIII/M90.24.md,"Ostéopathie au cours d'autres maladies infectieuses  classées ailleurs - "" Main """,true,true,true,false,false,0,codable,OWL_ANS,emissible,2406
M90.25,XIII,XIII/M90.25.md,"Ostéopathie au cours d'autres maladies infectieuses  classées ailleurs - "" Région pelvienne et cuisse """,true,true,true,false,false,0,codable,OWL_ANS,emissible,2476
M90.26,XIII,XIII/M90.26.md,"Ostéopathie au cours d'autres maladies infectieuses  classées ailleurs - "" Jambe """,true,true,true,false,false,0,codable,OWL_ANS,emissible,2375
M90.27,XIII,XIII/M90.27.md,"Ostéopathie au cours d'autres maladies infectieuses  classées ailleurs - "" Cheville et pied """,true,true,true,false,false,0,codable,OWL_ANS,emissible,2482
M90.28,XIII,XIII/M90.28.md,"Ostéopathie au cours d'autres maladies infectieuses  classées ailleurs - "" Autres """,true,true,true,false,false,0,codable,OWL_ANS,emissible,2404
M90.29,XIII,XIII/M90.29.md,"Ostéopathie au cours d'autres maladies infectieuses  classées ailleurs - "" Siège non précisé """,true,false,true,false,false,0,codable,OWL_ANS,emissible,2261
M90.3,XIII,XIII/M90.3.md,Ostéonécrose de la maladie des caissons ,false,false,true,false,true,0,codable,OWL_ANS,emissible,2039
M90.30,XIII,XIII/M90.30.md,"Ostéonécrose de la maladie des caissons (T70.3)   - "" Sièges multiples """,false,false,true,false,false,0,codable,OWL_ANS,emissible,2005
M90.31,XIII,XIII/M90.31.md,"Ostéonécrose de la maladie des caissons (T70.3)   - "" Région scapulaire """,false,true,true,false,false,0,codable,OWL_ANS,emissible,2292
M90.32,XIII,XIII/M90.32.md,"Ostéonécrose de la maladie des caissons (T70.3)   - "" Bras """,false,true,true,false,false,0,codable,OWL_ANS,emissible,2107
M90.33,XIII,XIII/M90.33.md,"Ostéonécrose de la maladie des caissons (T70.3)   - "" Avant-bras """,false,true,true,false,false,0,codable,OWL_ANS,emissible,2133
M90.34,XIII,XIII/M90.34.md,"Ostéonécrose de la maladie des caissons (T70.3)   - "" Main """,false,true,true,false,false,0,codable,OWL_ANS,emissible,2151
M90.35,XIII,XIII/M90.35.md,"Ostéonécrose de la maladie des caissons (T70.3)   - "" Région pelvienne et cuisse """,false,true,true,false,false,0,codable,OWL_ANS,emissible,2221
M90.36,XIII,XIII/M90.36.md,"Ostéonécrose de la maladie des caissons (T70.3)   - "" Jambe """,false,true,true,false,false,0,codable,OWL_ANS,emissible,2120
M90.37,XIII,XIII/M90.37.md,"Ostéonécrose de la maladie des caissons (T70.3)   - "" Cheville et pied """,false,true,true,false,false,0,codable,OWL_ANS,emissible,2227
M90.38,XIII,XIII/M90.38.md,"Ostéonécrose de la maladie des caissons (T70.3)   - "" Autres """,false,true,true,false,false,0,codable,OWL_ANS,emissible,2149
M90.39,XIII,XIII/M90.39.md,"Ostéonécrose de la maladie des caissons (T70.3)   - "" Siège non précisé """,false,false,true,false,false,0,codable,OWL_ANS,emissible,2006
M90.4,XIII,XIII/M90.4.md,Ostéonécrose due à une hémoglobinopathie ,false,false,true,false,true,0,codable,OWL_ANS,emissible,2037
M90.40,XIII,XIII/M90.40.md,"Ostéonécrose due à une hémoglobinopathie (D50-D64)   - "" Sièges multiples """,false,false,true,false,false,0,codable,OWL_ANS,emissible,2008
M90.41,XIII,XIII/M90.41.md,"Ostéonécrose due à une hémoglobinopathie (D50-D64)   - "" Région scapulaire """,false,true,true,false,false,0,codable,OWL_ANS,emissible,2295
M90.42,XIII,XIII/M90.42.md,"Ostéonécrose due à une hémoglobinopathie (D50-D64)   - "" Bras """,false,true,true,false,false,0,codable,OWL_ANS,emissible,2110
M90.43,XIII,XIII/M90.43.md,"Ostéonécrose due à une hémoglobinopathie (D50-D64)   - "" Avant-bras """,false,true,true,false,false,0,codable,OWL_ANS,emissible,2136
M90.44,XIII,XIII/M90.44.md,"Ostéonécrose due à une hémoglobinopathie (D50-D64)   - "" Main """,false,true,true,false,false,0,codable,OWL_ANS,emissible,2154
M90.45,XIII,XIII/M90.45.md,"Ostéonécrose due à une hémoglobinopathie (D50-D64)   - "" Région pelvienne et cuisse """,false,true,true,false,false,0,codable,OWL_ANS,emissible,2224
M90.46,XIII,XIII/M90.46.md,"Ostéonécrose due à une hémoglobinopathie (D50-D64)   - "" Jambe """,false,true,true,false,false,0,codable,OWL_ANS,emissible,2123
M90.47,XIII,XIII/M90.47.md,"Ostéonécrose due à une hémoglobinopathie (D50-D64)   - "" Cheville et pied """,false,true,true,false,false,0,codable,OWL_ANS,emissible,2230
M90.48,XIII,XIII/M90.48.md,"Ostéonécrose due à une hémoglobinopathie (D50-D64)   - "" Autres """,false,true,true,false,false,0,codable,OWL_ANS,emissible,2152
M90.49,XIII,XIII/M90.49.md,"Ostéonécrose due à une hémoglobinopathie (D50-D64)   - "" Siège non précisé """,false,false,true,false,false,0,codable,OWL_ANS,emissible,2009
M90.5,XIII,XIII/M90.5.md,Ostéonécrose au cours d'autres maladies classées ailleurs,false,false,true,false,false,0,codable,OWL_ANS,emissible,1965
M90.50,XIII,XIII/M90.50.md,"Ostéonécrose au cours d'autres maladies classées ailleurs - "" Sièges multiples """,false,false,true,false,false,0,codable,OWL_ANS,emissible,2013
M90.51,XIII,XIII/M90.51.md,"Ostéonécrose au cours d'autres maladies classées ailleurs - "" Région scapulaire """,false,true,true,false,false,0,codable,OWL_ANS,emissible,2300
M90.52,XIII,XIII/M90.52.md,"Ostéonécrose au cours d'autres maladies classées ailleurs - "" Bras """,false,true,true,false,false,0,codable,OWL_ANS,emissible,2115
M90.53,XIII,XIII/M90.53.md,"Ostéonécrose au cours d'autres maladies classées ailleurs - "" Avant-bras """,false,true,true,false,false,0,codable,OWL_ANS,emissible,2141
M90.54,XIII,XIII/M90.54.md,"Ostéonécrose au cours d'autres maladies classées ailleurs - "" Main """,false,true,true,false,false,0,codable,OWL_ANS,emissible,2159
M90.55,XIII,XIII/M90.55.md,"Ostéonécrose au cours d'autres maladies classées ailleurs - "" Région pelvienne et cuisse """,false,true,true,false,false,0,codable,OWL_ANS,emissible,2229
M90.56,XIII,XIII/M90.56.md,"Ostéonécrose au cours d'autres maladies classées ailleurs - "" Jambe """,false,true,true,false,false,0,codable,OWL_ANS,emissible,2128
M90.57,XIII,XIII/M90.57.md,"Ostéonécrose au cours d'autres maladies classées ailleurs - "" Cheville et pied """,false,true,true,false,false,0,codable,OWL_ANS,emissible,2235
M90.58,XIII,XIII/M90.58.md,"Ostéonécrose au cours d'autres maladies classées ailleurs - "" Autres """,false,true,true,false,false,0,codable,OWL_ANS,emissible,2157
M90.59,XIII,XIII/M90.59.md,"Ostéonécrose au cours d'autres maladies classées ailleurs - "" Siège non précisé """,false,false,true,false,false,0,codable,OWL_ANS,emissible,2014
M90.6,XIII,XIII/M90.6.md,Ostéite déformante au cours de maladies tumorales ,true,false,true,false,false,0,codable,OWL_ANS,emissible,2069
M90.60,XIII,XIII/M90.60.md,"Ostéite déformante au cours de maladies tumorales (C00-D48)   - "" Sièges multiples """,true,false,true,false,false,0,codable,OWL_ANS,emissible,2162
M90.61,XIII,XIII/M90.61.md,"Ostéite déformante au cours de maladies tumorales (C00-D48)   - "" Région scapulaire """,true,true,true,false,false,0,codable,OWL_ANS,emissible,2449
M90.62,XIII,XIII/M90.62.md,"Ostéite déformante au cours de maladies tumorales (C00-D48)   - "" Bras """,true,true,true,false,false,0,codable,OWL_ANS,emissible,2264
M90.63,XIII,XIII/M90.63.md,"Ostéite déformante au cours de maladies tumorales (C00-D48)   - "" Avant-bras """,true,true,true,false,false,0,codable,OWL_ANS,emissible,2290
M90.64,XIII,XIII/M90.64.md,"Ostéite déformante au cours de maladies tumorales (C00-D48)   - "" Main """,true,true,true,false,false,0,codable,OWL_ANS,emissible,2308
M90.65,XIII,XIII/M90.65.md,"Ostéite déformante au cours de maladies tumorales (C00-D48)   - "" Région pelvienne et cuisse """,true,true,true,false,false,0,codable,OWL_ANS,emissible,2378
M90.66,XIII,XIII/M90.66.md,"Ostéite déformante au cours de maladies tumorales (C00-D48)   - "" Jambe """,true,true,true,false,false,0,codable,OWL_ANS,emissible,2277
M90.67,XIII,XIII/M90.67.md,"Ostéite déformante au cours de maladies tumorales (C00-D48)   - "" Cheville et pied """,true,true,true,false,false,0,codable,OWL_ANS,emissible,2384
M90.68,XIII,XIII/M90.68.md,"Ostéite déformante au cours de maladies tumorales (C00-D48)   - "" Autres """,true,true,true,false,false,0,codable,OWL_ANS,emissible,2306
M90.69,XIII,XIII/M90.69.md,"Ostéite déformante au cours de maladies tumorales (C00-D48)   - "" Siège non précisé """,true,false,true,false,false,0,codable,OWL_ANS,emissible,2163
M90.7,XIII,XIII/M90.7.md,Fracture osseuse au cours de maladies tumorales ,false,false,true,false,true,0,codable,OWL_ANS,emissible,2165
M90.70,XIII,XIII/M90.70.md,"Fracture osseuse au cours de maladies tumorales (C00-D48)   - "" Sièges multiples """,false,false,true,false,false,0,codable,OWL_ANS,emissible,2144
M90.71,XIII,XIII/M90.71.md,"Fracture osseuse au cours de maladies tumorales (C00-D48)   - "" Région scapulaire """,false,true,true,false,false,0,codable,OWL_ANS,emissible,2431
M90.72,XIII,XIII/M90.72.md,"Fracture osseuse au cours de maladies tumorales (C00-D48)   - "" Bras """,false,true,true,false,false,0,codable,OWL_ANS,emissible,2246
M90.73,XIII,XIII/M90.73.md,"Fracture osseuse au cours de maladies tumorales (C00-D48)   - "" Avant-bras """,false,true,true,false,false,0,codable,OWL_ANS,emissible,2272
M90.74,XIII,XIII/M90.74.md,"Fracture osseuse au cours de maladies tumorales (C00-D48)   - "" Main """,false,true,true,false,false,0,codable,OWL_ANS,emissible,2290
M90.75,XIII,XIII/M90.75.md,"Fracture osseuse au cours de maladies tumorales (C00-D48)   - "" Région pelvienne et cuisse """,false,true,true,false,false,0,codable,OWL_ANS,emissible,2360
M90.76,XIII,XIII/M90.76.md,"Fracture osseuse au cours de maladies tumorales (C00-D48)   - "" Jambe """,false,true,true,false,false,0,codable,OWL_ANS,emissible,2259
M90.77,XIII,XIII/M90.77.md,"Fracture osseuse au cours de maladies tumorales (C00-D48)   - "" Cheville et pied """,false,true,true,false,false,0,codable,OWL_ANS,emissible,2366
M90.78,XIII,XIII/M90.78.md,"Fracture osseuse au cours de maladies tumorales (C00-D48)   - "" Autres """,false,true,true,false,false,0,codable,OWL_ANS,emissible,2288
M90.79,XIII,XIII/M90.79.md,"Fracture osseuse au cours de maladies tumorales (C00-D48)   - "" Siège non précisé """,false,false,true,false,false,0,codable,OWL_ANS,emissible,2145
M90.8,XIII,XIII/M90.8.md,Ostéopathie au cours d'autres maladies classées ailleurs,true,false,true,false,true,0,codable,OWL_ANS,emissible,2706
M90.80,XIII,XIII/M90.80.md,"Ostéopathie au cours d'autres maladies classées ailleurs - "" Sièges multiples """,true,false,true,false,false,0,codable,OWL_ANS,emissible,2144
M90.81,XIII,XIII/M90.81.md,"Ostéopathie au cours d'autres maladies classées ailleurs - "" Région scapulaire """,true,true,true,false,false,0,codable,OWL_ANS,emissible,2431
M90.82,XIII,XIII/M90.82.md,"Ostéopathie au cours d'autres maladies classées ailleurs - "" Bras """,true,true,true,false,false,0,codable,OWL_ANS,emissible,2246
M90.83,XIII,XIII/M90.83.md,"Ostéopathie au cours d'autres maladies classées ailleurs - "" Avant-bras """,true,true,true,false,false,0,codable,OWL_ANS,emissible,2272
M90.84,XIII,XIII/M90.84.md,"Ostéopathie au cours d'autres maladies classées ailleurs - "" Main """,true,true,true,false,false,0,codable,OWL_ANS,emissible,2290
M90.85,XIII,XIII/M90.85.md,"Ostéopathie au cours d'autres maladies classées ailleurs - "" Région pelvienne et cuisse """,true,true,true,false,false,0,codable,OWL_ANS,emissible,2360
M90.86,XIII,XIII/M90.86.md,"Ostéopathie au cours d'autres maladies classées ailleurs - "" Jambe """,true,true,true,false,false,0,codable,OWL_ANS,emissible,2259
M90.87,XIII,XIII/M90.87.md,"Ostéopathie au cours d'autres maladies classées ailleurs - "" Cheville et pied """,true,true,true,false,false,0,codable,OWL_ANS,emissible,2366
M90.88,XIII,XIII/M90.88.md,"Ostéopathie au cours d'autres maladies classées ailleurs - "" Autres """,true,true,true,false,false,0,codable,OWL_ANS,emissible,2288
M90.89,XIII,XIII/M90.89.md,"Ostéopathie au cours d'autres maladies classées ailleurs - "" Siège non précisé """,true,false,true,false,false,0,codable,OWL_ANS,emissible,2145
M91.0,XIII,XIII/M91.0.md,Ostéochondrite juvénile du bassin,true,false,true,false,true,0,codable,OWL_ANS,emissible,2621
M91.00,XIII,XIII/M91.00.md,"Ostéochondrite juvénile du bassin - "" Sièges multiples """,true,false,true,false,false,3,supprime,OWL_ANS,emissible,2342
M91.01,XIII,XIII/M91.01.md,"Ostéochondrite juvénile du bassin - "" Région scapulaire """,true,true,true,false,false,,inconnu_atih,OWL_ANS,emissible,2621
M91.02,XIII,XIII/M91.02.md,"Ostéochondrite juvénile du bassin - "" Bras """,true,true,true,false,false,,inconnu_atih,OWL_ANS,emissible,2436
M91.03,XIII,XIII/M91.03.md,"Ostéochondrite juvénile du bassin - "" Avant-bras """,true,true,true,false,false,,inconnu_atih,OWL_ANS,emissible,2462
M91.04,XIII,XIII/M91.04.md,"Ostéochondrite juvénile du bassin - "" Main """,true,true,true,false,false,,inconnu_atih,OWL_ANS,emissible,2480
M91.05,XIII,XIII/M91.05.md,"Ostéochondrite juvénile du bassin - "" Région pelvienne et cuisse """,true,true,true,false,false,0,codable,OWL_ANS,emissible,2565
M91.06,XIII,XIII/M91.06.md,"Ostéochondrite juvénile du bassin - "" Jambe """,true,true,true,false,false,,inconnu_atih,OWL_ANS,emissible,2449
M91.07,XIII,XIII/M91.07.md,"Ostéochondrite juvénile du bassin - "" Cheville et pied """,true,true,true,false,false,,inconnu_atih,OWL_ANS,emissible,2556
M91.08,XIII,XIII/M91.08.md,"Ostéochondrite juvénile du bassin - "" Autres """,true,true,true,false,false,,inconnu_atih,OWL_ANS,emissible,2478
M91.09,XIII,XIII/M91.09.md,"Ostéochondrite juvénile du bassin - "" Siège non précisé """,true,false,true,false,false,,inconnu_atih,OWL_ANS,emissible,2335
M91.1,XIII,XIII/M91.1.md,Ostéochondrite juvénile de la tête du fémur [Legg–Calvé–Perthes],false,false,true,false,true,0,codable,OWL_ANS,emissible,2409
M91.10,XIII,XIII/M91.10.md,"Ostéochondrite juvénile de la tête du fémur [Legg–Calvé–Perthes] - "" Sièges multiples """,false,false,true,false,false,3,supprime,OWL_ANS,emissible,2160
M91.11,XIII,XIII/M91.11.md,"Ostéochondrite juvénile de la tête du fémur [Legg–Calvé–Perthes] - "" Région scapulaire """,false,true,true,false,false,,inconnu_atih,OWL_ANS,emissible,2439
M91.12,XIII,XIII/M91.12.md,"Ostéochondrite juvénile de la tête du fémur [Legg–Calvé–Perthes] - "" Bras """,false,true,true,false,false,,inconnu_atih,OWL_ANS,emissible,2254
M91.13,XIII,XIII/M91.13.md,"Ostéochondrite juvénile de la tête du fémur [Legg–Calvé–Perthes] - "" Avant-bras """,false,true,true,false,false,,inconnu_atih,OWL_ANS,emissible,2280
M91.14,XIII,XIII/M91.14.md,"Ostéochondrite juvénile de la tête du fémur [Legg–Calvé–Perthes] - "" Main """,false,true,true,false,false,,inconnu_atih,OWL_ANS,emissible,2298
M91.15,XIII,XIII/M91.15.md,"Ostéochondrite juvénile de la tête du fémur [Legg–Calvé–Perthes] - "" Région pelvienne et cuisse """,false,true,true,false,false,0,codable,OWL_ANS,emissible,2383
M91.16,XIII,XIII/M91.16.md,"Ostéochondrite juvénile de la tête du fémur [Legg–Calvé–Perthes] - "" Jambe """,false,true,true,false,false,,inconnu_atih,OWL_ANS,emissible,2267
M91.17,XIII,XIII/M91.17.md,"Ostéochondrite juvénile de la tête du fémur [Legg–Calvé–Perthes] - "" Cheville et pied """,false,true,true,false,false,,inconnu_atih,OWL_ANS,emissible,2374
M91.18,XIII,XIII/M91.18.md,"Ostéochondrite juvénile de la tête du fémur [Legg–Calvé–Perthes] - "" Autres """,false,true,true,false,false,,inconnu_atih,OWL_ANS,emissible,2296
M91.19,XIII,XIII/M91.19.md,"Ostéochondrite juvénile de la tête du fémur [Legg–Calvé–Perthes] - "" Siège non précisé """,false,false,true,false,false,,inconnu_atih,OWL_ANS,emissible,2153
M91.2,XIII,XIII/M91.2.md,Coxa plana,true,false,true,false,true,0,codable,OWL_ANS,emissible,2302
M91.20,XIII,XIII/M91.20.md,"Coxa plana - "" Sièges multiples """,true,false,true,false,false,3,supprime,OWL_ANS,emissible,2254
M91.21,XIII,XIII/M91.21.md,"Coxa plana - "" Région scapulaire """,true,true,true,false,false,,inconnu_atih,OWL_ANS,emissible,2533
M91.22,XIII,XIII/M91.22.md,"Coxa plana - "" Bras """,true,true,true,false,false,,inconnu_atih,OWL_ANS,emissible,2348
M91.23,XIII,XIII/M91.23.md,"Coxa plana - "" Avant-bras """,true,true,true,false,false,,inconnu_atih,OWL_ANS,emissible,2374
M91.24,XIII,XIII/M91.24.md,"Coxa plana - "" Main """,true,true,true,false,false,,inconnu_atih,OWL_ANS,emissible,2392
M91.25,XIII,XIII/M91.25.md,"Coxa plana - "" Région pelvienne et cuisse """,true,true,true,false,false,0,codable,OWL_ANS,emissible,2477
M91.26,XIII,XIII/M91.26.md,"Coxa plana - "" Jambe """,true,true,true,false,false,,inconnu_atih,OWL_ANS,emissible,2361
M91.27,XIII,XIII/M91.27.md,"Coxa plana - "" Cheville et pied """,true,true,true,false,false,,inconnu_atih,OWL_ANS,emissible,2468
M91.28,XIII,XIII/M91.28.md,"Coxa plana - "" Autres """,true,true,true,false,false,,inconnu_atih,OWL_ANS,emissible,2390
M91.29,XIII,XIII/M91.29.md,"Coxa plana - "" Siège non précisé """,true,false,true,false,false,,inconnu_atih,OWL_ANS,emissible,2247
M91.3,XIII,XIII/M91.3.md,Pseudocoxalgie,false,false,true,false,true,0,codable,OWL_ANS,emissible,2126
M91.30,XIII,XIII/M91.30.md,"Pseudocoxalgie - "" Sièges multiples """,false,false,true,false,false,3,supprime,OWL_ANS,emissible,2110
M91.31,XIII,XIII/M91.31.md,"Pseudocoxalgie - "" Région scapulaire """,false,true,true,false,false,,inconnu_atih,OWL_ANS,emissible,2389
M91.32,XIII,XIII/M91.32.md,"Pseudocoxalgie - "" Bras """,false,true,true,false,false,,inconnu_atih,OWL_ANS,emissible,2204
M91.33,XIII,XIII/M91.33.md,"Pseudocoxalgie - "" Avant-bras """,false,true,true,false,false,,inconnu_atih,OWL_ANS,emissible,2230
M91.34,XIII,XIII/M91.34.md,"Pseudocoxalgie - "" Main """,false,true,true,false,false,,inconnu_atih,OWL_ANS,emissible,2248
M91.35,XIII,XIII/M91.35.md,"Pseudocoxalgie - "" Région pelvienne et cuisse """,false,true,true,false,false,0,codable,OWL_ANS,emissible,2333
M91.36,XIII,XIII/M91.36.md,"Pseudocoxalgie - "" Jambe """,false,true,true,false,false,,inconnu_atih,OWL_ANS,emissible,2217
M91.37,XIII,XIII/M91.37.md,"Pseudocoxalgie - "" Cheville et pied """,false,true,true,false,false,,inconnu_atih,OWL_ANS,emissible,2324
M91.38,XIII,XIII/M91.38.md,"Pseudocoxalgie - "" Autres """,false,true,true,false,false,,inconnu_atih,OWL_ANS,emissible,2246
M91.39,XIII,XIII/M91.39.md,"Pseudocoxalgie - "" Siège non précisé """,false,false,true,false,false,,inconnu_atih,OWL_ANS,emissible,2103
M91.8,XIII,XIII/M91.8.md,Autres ostéochondrites juvéniles de la hanche et du bassin,true,false,true,false,false,0,codable,OWL_ANS,emissible,2461
M91.80,XIII,XIII/M91.80.md,"Autres ostéochondrites juvéniles de la hanche et du bassin - "" Sièges multiples """,true,false,true,false,false,3,supprime,OWL_ANS,emissible,2312
M91.81,XIII,XIII/M91.81.md,"Autres ostéochondrites juvéniles de la hanche et du bassin - "" Région scapulaire """,true,true,true,false,false,,inconnu_atih,OWL_ANS,emissible,2591
M91.82,XIII,XIII/M91.82.md,"Autres ostéochondrites juvéniles de la hanche et du bassin - "" Bras """,true,true,true,false,false,,inconnu_atih,OWL_ANS,emissible,2406
M91.83,XIII,XIII/M91.83.md,"Autres ostéochondrites juvéniles de la hanche et du bassin - "" Avant-bras """,true,true,true,false,false,,inconnu_atih,OWL_ANS,emissible,2432
M91.84,XIII,XIII/M91.84.md,"Autres ostéochondrites juvéniles de la hanche et du bassin - "" Main """,true,true,true,false,false,,inconnu_atih,OWL_ANS,emissible,2450
M91.85,XIII,XIII/M91.85.md,"Autres ostéochondrites juvéniles de la hanche et du bassin - "" Région pelvienne et cuisse """,true,true,true,false,false,0,codable,OWL_ANS,emissible,2535
M91.86,XIII,XIII/M91.86.md,"Autres ostéochondrites juvéniles de la hanche et du bassin - "" Jambe """,true,true,true,false,false,,inconnu_atih,OWL_ANS,emissible,2419
M91.87,XIII,XIII/M91.87.md,"Autres ostéochondrites juvéniles de la hanche et du bassin - "" Cheville et pied """,true,true,true,false,false,,inconnu_atih,OWL_ANS,emissible,2526
M91.88,XIII,XIII/M91.88.md,"Autres ostéochondrites juvéniles de la hanche et du bassin - "" Autres """,true,true,true,false,false,,inconnu_atih,OWL_ANS,emissible,2448
M91.89,XIII,XIII/M91.89.md,"Autres ostéochondrites juvéniles de la hanche et du bassin - "" Siège non précisé """,true,false,true,false,false,,inconnu_atih,OWL_ANS,emissible,2305
M91.9,XIII,XIII/M91.9.md,"Ostéochondrite juvénile de la hanche et du bassin, sans précision",false,false,true,false,true,0,codable,OWL_ANS,emissible,2201
M91.90,XIII,XIII/M91.90.md,"Ostéochondrite juvénile de la hanche et du bassin, sans précision - "" Sièges multiples """,false,false,true,false,false,3,supprime,OWL_ANS,emissible,2161
M91.91,XIII,XIII/M91.91.md,"Ostéochondrite juvénile de la hanche et du bassin, sans précision - "" Région scapulaire """,false,true,true,false,false,,inconnu_atih,OWL_ANS,emissible,2440
M91.92,XIII,XIII/M91.92.md,"Ostéochondrite juvénile de la hanche et du bassin, sans précision - "" Bras """,false,true,true,false,false,,inconnu_atih,OWL_ANS,emissible,2255
M91.93,XIII,XIII/M91.93.md,"Ostéochondrite juvénile de la hanche et du bassin, sans précision - "" Avant-bras """,false,true,true,false,false,,inconnu_atih,OWL_ANS,emissible,2281
M91.94,XIII,XIII/M91.94.md,"Ostéochondrite juvénile de la hanche et du bassin, sans précision - "" Main """,false,true,true,false,false,,inconnu_atih,OWL_ANS,emissible,2299
M91.95,XIII,XIII/M91.95.md,"Ostéochondrite juvénile de la hanche et du bassin, sans précision - "" Région pelvienne et cuisse """,false,true,true,false,false,0,codable,OWL_ANS,emissible,2384
M91.96,XIII,XIII/M91.96.md,"Ostéochondrite juvénile de la hanche et du bassin, sans précision - "" Jambe """,false,true,true,false,false,,inconnu_atih,OWL_ANS,emissible,2268
M91.97,XIII,XIII/M91.97.md,"Ostéochondrite juvénile de la hanche et du bassin, sans précision - "" Cheville et pied """,false,true,true,false,false,,inconnu_atih,OWL_ANS,emissible,2375
M91.98,XIII,XIII/M91.98.md,"Ostéochondrite juvénile de la hanche et du bassin, sans précision - "" Autres """,false,true,true,false,false,,inconnu_atih,OWL_ANS,emissible,2297
M91.99,XIII,XIII/M91.99.md,"Ostéochondrite juvénile de la hanche et du bassin, sans précision - "" Siège non précisé """,false,false,true,false,false,,inconnu_atih,OWL_ANS,emissible,2154
M92.0,XIII,XIII/M92.0.md,Ostéochondrite juvénile de l'humérus,true,false,true,false,true,0,codable,OWL_ANS,emissible,2271
M92.00,XIII,XIII/M92.00.md,"Ostéochondrite juvénile de l'humérus - "" Sièges multiples """,true,false,true,false,false,,inconnu_atih,OWL_ANS,emissible,2140
M92.01,XIII,XIII/M92.01.md,"Ostéochondrite juvénile de l'humérus - "" Région scapulaire """,true,false,true,false,false,,inconnu_atih,OWL_ANS,emissible,2285
M92.02,XIII,XIII/M92.02.md,"Ostéochondrite juvénile de l'humérus - "" Bras """,true,false,true,false,false,,inconnu_atih,OWL_ANS,emissible,2183
M92.03,XIII,XIII/M92.03.md,"Ostéochondrite juvénile de l'humérus - "" Avant-bras """,true,false,true,false,false,,inconnu_atih,OWL_ANS,emissible,2200
M92.04,XIII,XIII/M92.04.md,"Ostéochondrite juvénile de l'humérus - "" Main """,true,false,true,false,false,,inconnu_atih,OWL_ANS,emissible,2207
M92.05,XIII,XIII/M92.05.md,"Ostéochondrite juvénile de l'humérus - "" Région pelvienne et cuisse """,true,false,true,false,false,,inconnu_atih,OWL_ANS,emissible,2254
M92.06,XIII,XIII/M92.06.md,"Ostéochondrite juvénile de l'humérus - "" Jambe """,true,false,true,false,false,,inconnu_atih,OWL_ANS,emissible,2191
M92.07,XIII,XIII/M92.07.md,"Ostéochondrite juvénile de l'humérus - "" Cheville et pied """,true,false,true,false,false,,inconnu_atih,OWL_ANS,emissible,2252
M92.08,XIII,XIII/M92.08.md,"Ostéochondrite juvénile de l'humérus - "" Autres """,true,false,true,false,false,,inconnu_atih,OWL_ANS,emissible,2209
M92.09,XIII,XIII/M92.09.md,"Ostéochondrite juvénile de l'humérus - "" Siège non précisé """,true,false,true,false,false,,inconnu_atih,OWL_ANS,emissible,2141
M92.1,XIII,XIII/M92.1.md,Ostéochondrite juvénile du radius et du cubitus,true,false,true,false,true,0,codable,OWL_ANS,emissible,2282
M92.10,XIII,XIII/M92.10.md,"Ostéochondrite juvénile du radius et du cubitus - "" Sièges multiples """,true,false,true,false,false,,inconnu_atih,OWL_ANS,emissible,2166
M92.11,XIII,XIII/M92.11.md,"Ostéochondrite juvénile du radius et du cubitus - "" Région scapulaire """,true,false,true,false,false,,inconnu_atih,OWL_ANS,emissible,2311
M92.12,XIII,XIII/M92.12.md,"Ostéochondrite juvénile du radius et du cubitus - "" Bras """,true,false,true,false,false,,inconnu_atih,OWL_ANS,emissible,2209
M92.13,XIII,XIII/M92.13.md,"Ostéochondrite juvénile du radius et du cubitus - "" Avant-bras """,true,false,true,false,false,,inconnu_atih,OWL_ANS,emissible,2226
M92.14,XIII,XIII/M92.14.md,"Ostéochondrite juvénile du radius et du cubitus - "" Main """,true,false,true,false,false,,inconnu_atih,OWL_ANS,emissible,2233
M92.15,XIII,XIII/M92.15.md,"Ostéochondrite juvénile du radius et du cubitus - "" Région pelvienne et cuisse """,true,false,true,false,false,,inconnu_atih,OWL_ANS,emissible,2280
M92.16,XIII,XIII/M92.16.md,"Ostéochondrite juvénile du radius et du cubitus - "" Jambe """,true,false,true,false,false,,inconnu_atih,OWL_ANS,emissible,2217
M92.17,XIII,XIII/M92.17.md,"Ostéochondrite juvénile du radius et du cubitus - "" Cheville et pied """,true,false,true,false,false,,inconnu_atih,OWL_ANS,emissible,2278
M92.18,XIII,XIII/M92.18.md,"Ostéochondrite juvénile du radius et du cubitus - "" Autres """,true,false,true,false,false,,inconnu_atih,OWL_ANS,emissible,2235
M92.19,XIII,XIII/M92.19.md,"Ostéochondrite juvénile du radius et du cubitus - "" Siège non précisé """,true,false,true,false,false,,inconnu_atih,OWL_ANS,emissible,2167
M92.2,XIII,XIII/M92.2.md,Ostéochondrite juvénile de la main,true,false,true,false,true,0,codable,OWL_ANS,emissible,2348
M92.20,XIII,XIII/M92.20.md,"Ostéochondrite juvénile de la main - "" Sièges multiples """,true,false,true,false,false,,inconnu_atih,OWL_ANS,emissible,2146
M92.21,XIII,XIII/M92.21.md,"Ostéochondrite juvénile de la main - "" Région scapulaire """,true,false,true,false,false,,inconnu_atih,OWL_ANS,emissible,2291
M92.22,XIII,XIII/M92.22.md,"Ostéochondrite juvénile de la main - "" Bras """,true,false,true,false,false,,inconnu_atih,OWL_ANS,emissible,2189
M92.23,XIII,XIII/M92.23.md,"Ostéochondrite juvénile de la main - "" Avant-bras """,true,false,true,false,false,,inconnu_atih,OWL_ANS,emissible,2206
M92.24,XIII,XIII/M92.24.md,"Ostéochondrite juvénile de la main - "" Main """,true,false,true,false,false,,inconnu_atih,OWL_ANS,emissible,2213
M92.25,XIII,XIII/M92.25.md,"Ostéochondrite juvénile de la main - "" Région pelvienne et cuisse """,true,false,true,false,false,,inconnu_atih,OWL_ANS,emissible,2260
M92.26,XIII,XIII/M92.26.md,"Ostéochondrite juvénile de la main - "" Jambe """,true,false,true,false,false,,inconnu_atih,OWL_ANS,emissible,2197
M92.27,XIII,XIII/M92.27.md,"Ostéochondrite juvénile de la main - "" Cheville et pied """,true,false,true,false,false,,inconnu_atih,OWL_ANS,emissible,2258
M92.28,XIII,XIII/M92.28.md,"Ostéochondrite juvénile de la main - "" Autres """,true,false,true,false,false,,inconnu_atih,OWL_ANS,emissible,2215
M92.29,XIII,XIII/M92.29.md,"Ostéochondrite juvénile de la main - "" Siège non précisé """,true,false,true,false,false,,inconnu_atih,OWL_ANS,emissible,2147
M92.3,XIII,XIII/M92.3.md,Autres ostéochondrites juvéniles du membre supérieur,false,false,true,false,true,0,codable,OWL_ANS,emissible,2048
M92.30,XIII,XIII/M92.30.md,"Autres ostéochondrites juvéniles du membre supérieur - "" Sièges multiples """,false,false,true,false,false,,inconnu_atih,OWL_ANS,emissible,1991
M92.31,XIII,XIII/M92.31.md,"Autres ostéochondrites juvéniles du membre supérieur - "" Région scapulaire """,true,false,true,false,false,,inconnu_atih,OWL_ANS,emissible,2167
M92.32,XIII,XIII/M92.32.md,"Autres ostéochondrites juvéniles du membre supérieur - "" Bras """,true,false,true,false,false,,inconnu_atih,OWL_ANS,emissible,2065
M92.33,XIII,XIII/M92.33.md,"Autres ostéochondrites juvéniles du membre supérieur - "" Avant-bras """,true,false,true,false,false,,inconnu_atih,OWL_ANS,emissible,2082
M92.34,XIII,XIII/M92.34.md,"Autres ostéochondrites juvéniles du membre supérieur - "" Main """,true,false,true,false,false,,inconnu_atih,OWL_ANS,emissible,2089
M92.35,XIII,XIII/M92.35.md,"Autres ostéochondrites juvéniles du membre supérieur - "" Région pelvienne et cuisse """,true,false,true,false,false,,inconnu_atih,OWL_ANS,emissible,2136
M92.36,XIII,XIII/M92.36.md,"Autres ostéochondrites juvéniles du membre supérieur - "" Jambe """,true,false,true,false,false,,inconnu_atih,OWL_ANS,emissible,2073
M92.37,XIII,XIII/M92.37.md,"Autres ostéochondrites juvéniles du membre supérieur - "" Cheville et pied """,true,false,true,false,false,,inconnu_atih,OWL_ANS,emissible,2134
M92.38,XIII,XIII/M92.38.md,"Autres ostéochondrites juvéniles du membre supérieur - "" Autres """,true,false,true,false,false,,inconnu_atih,OWL_ANS,emissible,2091
M92.39,XIII,XIII/M92.39.md,"Autres ostéochondrites juvéniles du membre supérieur - "" Siège non précisé """,false,false,true,false,false,,inconnu_atih,OWL_ANS,emissible,1992
M92.4,XIII,XIII/M92.4.md,Ostéochondrite juvénile de la rotule,true,false,true,false,true,0,codable,OWL_ANS,emissible,2331
M92.40,XIII,XIII/M92.40.md,"Ostéochondrite juvénile de la rotule - "" Sièges multiples """,true,false,true,false,false,,inconnu_atih,OWL_ANS,emissible,2153
M92.41,XIII,XIII/M92.41.md,"Ostéochondrite juvénile de la rotule - "" Région scapulaire """,true,false,true,false,false,,inconnu_atih,OWL_ANS,emissible,2298
M92.42,XIII,XIII/M92.42.md,"Ostéochondrite juvénile de la rotule - "" Bras """,true,false,true,false,false,,inconnu_atih,OWL_ANS,emissible,2196
M92.43,XIII,XIII/M92.43.md,"Ostéochondrite juvénile de la rotule - "" Avant-bras """,true,false,true,false,false,,inconnu_atih,OWL_ANS,emissible,2213
M92.44,XIII,XIII/M92.44.md,"Ostéochondrite juvénile de la rotule - "" Main """,true,false,true,false,false,,inconnu_atih,OWL_ANS,emissible,2220
M92.45,XIII,XIII/M92.45.md,"Ostéochondrite juvénile de la rotule - "" Région pelvienne et cuisse """,true,false,true,false,false,,inconnu_atih,OWL_ANS,emissible,2267
M92.46,XIII,XIII/M92.46.md,"Ostéochondrite juvénile de la rotule - "" Jambe """,true,false,true,false,false,,inconnu_atih,OWL_ANS,emissible,2204
M92.47,XIII,XIII/M92.47.md,"Ostéochondrite juvénile de la rotule - "" Cheville et pied """,true,false,true,false,false,,inconnu_atih,OWL_ANS,emissible,2265
M92.48,XIII,XIII/M92.48.md,"Ostéochondrite juvénile de la rotule - "" Autres """,true,false,true,false,false,,inconnu_atih,OWL_ANS,emissible,2222
M92.49,XIII,XIII/M92.49.md,"Ostéochondrite juvénile de la rotule - "" Siège non précisé """,true,false,true,false,false,,inconnu_atih,OWL_ANS,emissible,2154
M92.5,XIII,XIII/M92.5.md,Ostéochondrite juvénile du tibia et du péroné,true,false,true,false,true,0,codable,OWL_ANS,emissible,2419
M92.50,XIII,XIII/M92.50.md,"Ostéochondrite juvénile du tibia et du péroné - "" Sièges multiples """,true,false,true,false,false,,inconnu_atih,OWL_ANS,emissible,2184
M92.51,XIII,XIII/M92.51.md,"Ostéochondrite juvénile du tibia et du péroné - "" Région scapulaire """,true,false,true,false,false,,inconnu_atih,OWL_ANS,emissible,2329
M92.52,XIII,XIII/M92.52.md,"Ostéochondrite juvénile du tibia et du péroné - "" Bras """,true,false,true,false,false,,inconnu_atih,OWL_ANS,emissible,2227
M92.53,XIII,XIII/M92.53.md,"Ostéochondrite juvénile du tibia et du péroné - "" Avant-bras """,true,false,true,false,false,,inconnu_atih,OWL_ANS,emissible,2244
M92.54,XIII,XIII/M92.54.md,"Ostéochondrite juvénile du tibia et du péroné - "" Main """,true,false,true,false,false,,inconnu_atih,OWL_ANS,emissible,2251
M92.55,XIII,XIII/M92.55.md,"Ostéochondrite juvénile du tibia et du péroné - "" Région pelvienne et cuisse """,true,false,true,false,false,,inconnu_atih,OWL_ANS,emissible,2298
M92.56,XIII,XIII/M92.56.md,"Ostéochondrite juvénile du tibia et du péroné - "" Jambe """,true,false,true,false,false,,inconnu_atih,OWL_ANS,emissible,2235
M92.57,XIII,XIII/M92.57.md,"Ostéochondrite juvénile du tibia et du péroné - "" Cheville et pied """,true,false,true,false,false,,inconnu_atih,OWL_ANS,emissible,2296
M92.58,XIII,XIII/M92.58.md,"Ostéochondrite juvénile du tibia et du péroné - "" Autres """,true,false,true,false,false,,inconnu_atih,OWL_ANS,emissible,2253
M92.59,XIII,XIII/M92.59.md,"Ostéochondrite juvénile du tibia et du péroné - "" Siège non précisé """,true,false,true,false,false,,inconnu_atih,OWL_ANS,emissible,2185
M92.6,XIII,XIII/M92.6.md,Ostéochondrite juvénile du tarse,true,false,true,false,true,0,codable,OWL_ANS,emissible,2558
M92.60,XIII,XIII/M92.60.md,"Ostéochondrite juvénile du tarse - "" Sièges multiples """,true,false,true,false,false,,inconnu_atih,OWL_ANS,emissible,2189
M92.61,XIII,XIII/M92.61.md,"Ostéochondrite juvénile du tarse - "" Région scapulaire """,true,false,true,false,false,,inconnu_atih,OWL_ANS,emissible,2334
M92.62,XIII,XIII/M92.62.md,"Ostéochondrite juvénile du tarse - "" Bras """,true,false,true,false,false,,inconnu_atih,OWL_ANS,emissible,2232
M92.63,XIII,XIII/M92.63.md,"Ostéochondrite juvénile du tarse - "" Avant-bras """,true,false,true,false,false,,inconnu_atih,OWL_ANS,emissible,2249
M92.64,XIII,XIII/M92.64.md,"Ostéochondrite juvénile du tarse - "" Main """,true,false,true,false,false,,inconnu_atih,OWL_ANS,emissible,2256
M92.65,XIII,XIII/M92.65.md,"Ostéochondrite juvénile du tarse - "" Région pelvienne et cuisse """,true,false,true,false,false,,inconnu_atih,OWL_ANS,emissible,2303
M92.66,XIII,XIII/M92.66.md,"Ostéochondrite juvénile du tarse - "" Jambe """,true,false,true,false,false,,inconnu_atih,OWL_ANS,emissible,2240
M92.67,XIII,XIII/M92.67.md,"Ostéochondrite juvénile du tarse - "" Cheville et pied """,true,false,true,false,false,,inconnu_atih,OWL_ANS,emissible,2301
M92.68,XIII,XIII/M92.68.md,"Ostéochondrite juvénile du tarse - "" Autres """,true,false,true,false,false,,inconnu_atih,OWL_ANS,emissible,2258
M92.69,XIII,XIII/M92.69.md,"Ostéochondrite juvénile du tarse - "" Siège non précisé """,true,false,true,false,false,,inconnu_atih,OWL_ANS,emissible,2190
M92.7,XIII,XIII/M92.7.md,Ostéochondrite juvénile du métatarse,true,false,true,false,true,0,codable,OWL_ANS,emissible,2285
M92.70,XIII,XIII/M92.70.md,"Ostéochondrite juvénile du métatarse - "" Sièges multiples """,true,false,true,false,false,,inconnu_atih,OWL_ANS,emissible,2153
M92.71,XIII,XIII/M92.71.md,"Ostéochondrite juvénile du métatarse - "" Région scapulaire """,true,false,true,false,false,,inconnu_atih,OWL_ANS,emissible,2298
M92.72,XIII,XIII/M92.72.md,"Ostéochondrite juvénile du métatarse - "" Bras """,true,false,true,false,false,,inconnu_atih,OWL_ANS,emissible,2196
M92.73,XIII,XIII/M92.73.md,"Ostéochondrite juvénile du métatarse - "" Avant-bras """,true,false,true,false,false,,inconnu_atih,OWL_ANS,emissible,2213
M92.74,XIII,XIII/M92.74.md,"Ostéochondrite juvénile du métatarse - "" Main """,true,false,true,false,false,,inconnu_atih,OWL_ANS,emissible,2220
M92.75,XIII,XIII/M92.75.md,"Ostéochondrite juvénile du métatarse - "" Région pelvienne et cuisse """,true,false,true,false,false,,inconnu_atih,OWL_ANS,emissible,2267
M92.76,XIII,XIII/M92.76.md,"Ostéochondrite juvénile du métatarse - "" Jambe """,true,false,true,false,false,,inconnu_atih,OWL_ANS,emissible,2204
M92.77,XIII,XIII/M92.77.md,"Ostéochondrite juvénile du métatarse - "" Cheville et pied """,true,false,true,false,false,,inconnu_atih,OWL_ANS,emissible,2265
M92.78,XIII,XIII/M92.78.md,"Ostéochondrite juvénile du métatarse - "" Autres """,true,false,true,false,false,,inconnu_atih,OWL_ANS,emissible,2222
M92.79,XIII,XIII/M92.79.md,"Ostéochondrite juvénile du métatarse - "" Siège non précisé """,true,false,true,false,false,,inconnu_atih,OWL_ANS,emissible,2154
M92.8,XIII,XIII/M92.8.md,Autres ostéochondrites juvéniles précisées,true,false,true,false,true,0,codable,OWL_ANS,emissible,2550
M92.80,XIII,XIII/M92.80.md,"Autres ostéochondrites juvéniles précisées - "" Sièges multiples """,true,false,true,false,false,,inconnu_atih,OWL_ANS,emissible,2082
M92.81,XIII,XIII/M92.81.md,"Autres ostéochondrites juvéniles précisées - "" Région scapulaire """,true,false,true,false,false,,inconnu_atih,OWL_ANS,emissible,2227
M92.82,XIII,XIII/M92.82.md,"Autres ostéochondrites juvéniles précisées - "" Bras """,true,false,true,false,false,,inconnu_atih,OWL_ANS,emissible,2125
M92.83,XIII,XIII/M92.83.md,"Autres ostéochondrites juvéniles précisées - "" Avant-bras """,true,false,true,false,false,,inconnu_atih,OWL_ANS,emissible,2142
M92.84,XIII,XIII/M92.84.md,"Autres ostéochondrites juvéniles précisées - "" Main """,true,false,true,false,false,,inconnu_atih,OWL_ANS,emissible,2149
M92.85,XIII,XIII/M92.85.md,"Autres ostéochondrites juvéniles précisées - "" Région pelvienne et cuisse """,true,false,true,false,false,,inconnu_atih,OWL_ANS,emissible,2196
M92.86,XIII,XIII/M92.86.md,"Autres ostéochondrites juvéniles précisées - "" Jambe """,true,false,true,false,false,,inconnu_atih,OWL_ANS,emissible,2133
M92.87,XIII,XIII/M92.87.md,"Autres ostéochondrites juvéniles précisées - "" Cheville et pied """,true,false,true,false,false,,inconnu_atih,OWL_ANS,emissible,2194
M92.88,XIII,XIII/M92.88.md,"Autres ostéochondrites juvéniles précisées - "" Autres """,true,false,true,false,false,,inconnu_atih,OWL_ANS,emissible,2151
M92.89,XIII,XIII/M92.89.md,"Autres ostéochondrites juvéniles précisées - "" Siège non précisé """,true,false,true,false,false,,inconnu_atih,OWL_ANS,emissible,2083
M92.9,XIII,XIII/M92.9.md,"Ostéochondrite juvénile, sans précision",true,false,true,false,true,0,codable,OWL_ANS,emissible,2345
M92.90,XIII,XIII/M92.90.md,"Ostéochondrite juvénile, sans précision - "" Sièges multiples """,true,false,true,false,false,,inconnu_atih,OWL_ANS,emissible,2304
M92.91,XIII,XIII/M92.91.md,"Ostéochondrite juvénile, sans précision - "" Région scapulaire """,true,false,true,false,false,,inconnu_atih,OWL_ANS,emissible,2449
M92.92,XIII,XIII/M92.92.md,"Ostéochondrite juvénile, sans précision - "" Bras """,true,false,true,false,false,,inconnu_atih,OWL_ANS,emissible,2347
M92.93,XIII,XIII/M92.93.md,"Ostéochondrite juvénile, sans précision - "" Avant-bras """,true,false,true,false,false,,inconnu_atih,OWL_ANS,emissible,2364
M92.94,XIII,XIII/M92.94.md,"Ostéochondrite juvénile, sans précision - "" Main """,true,false,true,false,false,,inconnu_atih,OWL_ANS,emissible,2371
M92.95,XIII,XIII/M92.95.md,"Ostéochondrite juvénile, sans précision - "" Région pelvienne et cuisse """,true,false,true,false,false,,inconnu_atih,OWL_ANS,emissible,2418
M92.96,XIII,XIII/M92.96.md,"Ostéochondrite juvénile, sans précision - "" Jambe """,true,false,true,false,false,,inconnu_atih,OWL_ANS,emissible,2355
M92.97,XIII,XIII/M92.97.md,"Ostéochondrite juvénile, sans précision - "" Cheville et pied """,true,false,true,false,false,,inconnu_atih,OWL_ANS,emissible,2416
M92.98,XIII,XIII/M92.98.md,"Ostéochondrite juvénile, sans précision - "" Autres """,true,false,true,false,false,,inconnu_atih,OWL_ANS,emissible,2373
M92.99,XIII,XIII/M92.99.md,"Ostéochondrite juvénile, sans précision - "" Siège non précisé """,true,false,true,false,false,,inconnu_atih,OWL_ANS,emissible,2305
M93.0,XIII,XIII/M93.0.md,Épiphysiolyse de la tête fémorale [coxa vara retrorsa] (non traumatique),false,false,true,false,true,0,codable,OWL_ANS,emissible,2207
M93.00,XIII,XIII/M93.00.md,"Épiphysiolyse de la tête fémorale [coxa vara retrorsa] (non traumatique) - "" Sièges multiples """,false,false,true,false,false,,inconnu_atih,OWL_ANS,emissible,2113
M93.01,XIII,XIII/M93.01.md,"Épiphysiolyse de la tête fémorale [coxa vara retrorsa] (non traumatique) - "" Région scapulaire """,true,false,true,false,false,,inconnu_atih,OWL_ANS,emissible,2289
M93.02,XIII,XIII/M93.02.md,"Épiphysiolyse de la tête fémorale [coxa vara retrorsa] (non traumatique) - "" Bras """,true,false,true,false,false,,inconnu_atih,OWL_ANS,emissible,2187
M93.03,XIII,XIII/M93.03.md,"Épiphysiolyse de la tête fémorale [coxa vara retrorsa] (non traumatique) - "" Avant-bras """,true,false,true,false,false,,inconnu_atih,OWL_ANS,emissible,2204
M93.04,XIII,XIII/M93.04.md,"Épiphysiolyse de la tête fémorale [coxa vara retrorsa] (non traumatique) - "" Main """,true,false,true,false,false,,inconnu_atih,OWL_ANS,emissible,2211
M93.05,XIII,XIII/M93.05.md,"Épiphysiolyse de la tête fémorale [coxa vara retrorsa] (non traumatique) - "" Région pelvienne et cuisse """,true,false,true,false,false,,inconnu_atih,OWL_ANS,emissible,2258
M93.06,XIII,XIII/M93.06.md,"Épiphysiolyse de la tête fémorale [coxa vara retrorsa] (non traumatique) - "" Jambe """,true,false,true,false,false,,inconnu_atih,OWL_ANS,emissible,2195
M93.07,XIII,XIII/M93.07.md,"Épiphysiolyse de la tête fémorale [coxa vara retrorsa] (non traumatique) - "" Cheville et pied """,true,false,true,false,false,,inconnu_atih,OWL_ANS,emissible,2256
M93.08,XIII,XIII/M93.08.md,"Épiphysiolyse de la tête fémorale [coxa vara retrorsa] (non traumatique) - "" Autres """,true,false,true,false,false,,inconnu_atih,OWL_ANS,emissible,2213
M93.09,XIII,XIII/M93.09.md,"Épiphysiolyse de la tête fémorale [coxa vara retrorsa] (non traumatique) - "" Siège non précisé """,false,false,true,false,false,,inconnu_atih,OWL_ANS,emissible,2114
M93.1,XIII,XIII/M93.1.md,Maladie de Kienböck de l'adulte,true,false,true,false,true,0,codable,OWL_ANS,emissible,2216
M93.10,XIII,XIII/M93.10.md,"Maladie de Kienböck de l'adulte - "" Sièges multiples """,true,false,true,false,false,,inconnu_atih,OWL_ANS,emissible,2194
M93.11,XIII,XIII/M93.11.md,"Maladie de Kienböck de l'adulte - "" Région scapulaire """,true,false,true,false,false,,inconnu_atih,OWL_ANS,emissible,2339
M93.12,XIII,XIII/M93.12.md,"Maladie de Kienböck de l'adulte - "" Bras """,true,false,true,false,false,,inconnu_atih,OWL_ANS,emissible,2237
M93.13,XIII,XIII/M93.13.md,"Maladie de Kienböck de l'adulte - "" Avant-bras """,true,false,true,false,false,,inconnu_atih,OWL_ANS,emissible,2254
M93.14,XIII,XIII/M93.14.md,"Maladie de Kienböck de l'adulte - "" Main """,true,false,true,false,false,,inconnu_atih,OWL_ANS,emissible,2261
M93.15,XIII,XIII/M93.15.md,"Maladie de Kienböck de l'adulte - "" Région pelvienne et cuisse """,true,false,true,false,false,,inconnu_atih,OWL_ANS,emissible,2308
M93.16,XIII,XIII/M93.16.md,"Maladie de Kienböck de l'adulte - "" Jambe """,true,false,true,false,false,,inconnu_atih,OWL_ANS,emissible,2245
M93.17,XIII,XIII/M93.17.md,"Maladie de Kienböck de l'adulte - "" Cheville et pied """,true,false,true,false,false,,inconnu_atih,OWL_ANS,emissible,2306
M93.18,XIII,XIII/M93.18.md,"Maladie de Kienböck de l'adulte - "" Autres """,true,false,true,false,false,,inconnu_atih,OWL_ANS,emissible,2263
M93.19,XIII,XIII/M93.19.md,"Maladie de Kienböck de l'adulte - "" Siège non précisé """,true,false,true,false,false,,inconnu_atih,OWL_ANS,emissible,2195
M93.2,XIII,XIII/M93.2.md,Ostéochondrite disséquante,false,false,true,false,true,0,codable,OWL_ANS,emissible,2150
M93.20,XIII,XIII/M93.20.md,"Ostéochondrite disséquante - "" Sièges multiples """,false,false,true,false,false,,inconnu_atih,OWL_ANS,emissible,2067
M93.21,XIII,XIII/M93.21.md,"Ostéochondrite disséquante - "" Région scapulaire """,true,false,true,false,false,,inconnu_atih,OWL_ANS,emissible,2243
M93.22,XIII,XIII/M93.22.md,"Ostéochondrite disséquante - "" Bras """,true,false,true,false,false,,inconnu_atih,OWL_ANS,emissible,2141
M93.23,XIII,XIII/M93.23.md,"Ostéochondrite disséquante - "" Avant-bras """,true,false,true,false,false,,inconnu_atih,OWL_ANS,emissible,2158
M93.24,XIII,XIII/M93.24.md,"Ostéochondrite disséquante - "" Main """,true,false,true,false,false,,inconnu_atih,OWL_ANS,emissible,2165
M93.25,XIII,XIII/M93.25.md,"Ostéochondrite disséquante - "" Région pelvienne et cuisse """,true,false,true,false,false,,inconnu_atih,OWL_ANS,emissible,2212
M93.26,XIII,XIII/M93.26.md,"Ostéochondrite disséquante - "" Jambe """,true,false,true,false,false,,inconnu_atih,OWL_ANS,emissible,2149
M93.27,XIII,XIII/M93.27.md,"Ostéochondrite disséquante - "" Cheville et pied """,true,false,true,false,false,,inconnu_atih,OWL_ANS,emissible,2210
M93.28,XIII,XIII/M93.28.md,"Ostéochondrite disséquante - "" Autres """,true,false,true,false,false,,inconnu_atih,OWL_ANS,emissible,2167
M93.29,XIII,XIII/M93.29.md,"Ostéochondrite disséquante - "" Siège non précisé """,false,false,true,false,false,,inconnu_atih,OWL_ANS,emissible,2068
M93.8,XIII,XIII/M93.8.md,Autres ostéochondropathies précisées,false,false,true,false,true,0,codable,OWL_ANS,emissible,2316
M93.80,XIII,XIII/M93.80.md,"Autres ostéochondropathies précisées - "" Sièges multiples """,false,false,true,false,false,,inconnu_atih,OWL_ANS,emissible,2077
M93.81,XIII,XIII/M93.81.md,"Autres ostéochondropathies précisées - "" Région scapulaire """,true,false,true,false,false,,inconnu_atih,OWL_ANS,emissible,2253
M93.82,XIII,XIII/M93.82.md,"Autres ostéochondropathies précisées - "" Bras """,true,false,true,false,false,,inconnu_atih,OWL_ANS,emissible,2151
M93.83,XIII,XIII/M93.83.md,"Autres ostéochondropathies précisées - "" Avant-bras """,true,false,true,false,false,,inconnu_atih,OWL_ANS,emissible,2168
M93.84,XIII,XIII/M93.84.md,"Autres ostéochondropathies précisées - "" Main """,true,false,true,false,false,,inconnu_atih,OWL_ANS,emissible,2175
M93.85,XIII,XIII/M93.85.md,"Autres ostéochondropathies précisées - "" Région pelvienne et cuisse """,true,false,true,false,false,,inconnu_atih,OWL_ANS,emissible,2222
M93.86,XIII,XIII/M93.86.md,"Autres ostéochondropathies précisées - "" Jambe """,true,false,true,false,false,,inconnu_atih,OWL_ANS,emissible,2159
M93.87,XIII,XIII/M93.87.md,"Autres ostéochondropathies précisées - "" Cheville et pied """,true,false,true,false,false,,inconnu_atih,OWL_ANS,emissible,2220
M93.88,XIII,XIII/M93.88.md,"Autres ostéochondropathies précisées - "" Autres """,true,false,true,false,false,,inconnu_atih,OWL_ANS,emissible,2177
M93.89,XIII,XIII/M93.89.md,"Autres ostéochondropathies précisées - "" Siège non précisé """,false,false,true,false,false,,inconnu_atih,OWL_ANS,emissible,2078
M93.9,XIII,XIII/M93.9.md,"Ostéochondropathie, sans précision",true,false,true,false,true,0,codable,OWL_ANS,emissible,2517
M93.90,XIII,XIII/M93.90.md,"Ostéochondropathie, sans précision - "" Sièges multiples """,true,false,true,false,false,,inconnu_atih,OWL_ANS,emissible,2485
M93.91,XIII,XIII/M93.91.md,"Ostéochondropathie, sans précision - "" Région scapulaire """,true,false,true,false,false,,inconnu_atih,OWL_ANS,emissible,2630
M93.92,XIII,XIII/M93.92.md,"Ostéochondropathie, sans précision - "" Bras """,true,false,true,false,false,,inconnu_atih,OWL_ANS,emissible,2528
M93.93,XIII,XIII/M93.93.md,"Ostéochondropathie, sans précision - "" Avant-bras """,true,false,true,false,false,,inconnu_atih,OWL_ANS,emissible,2545
M93.94,XIII,XIII/M93.94.md,"Ostéochondropathie, sans précision - "" Main """,true,false,true,false,false,,inconnu_atih,OWL_ANS,emissible,2552
M93.95,XIII,XIII/M93.95.md,"Ostéochondropathie, sans précision - "" Région pelvienne et cuisse """,true,false,true,false,false,,inconnu_atih,OWL_ANS,emissible,2599
M93.96,XIII,XIII/M93.96.md,"Ostéochondropathie, sans précision - "" Jambe """,true,false,true,false,false,,inconnu_atih,OWL_ANS,emissible,2536
M93.97,XIII,XIII/M93.97.md,"Ostéochondropathie, sans précision - "" Cheville et pied """,true,false,true,false,false,,inconnu_atih,OWL_ANS,emissible,2597
M93.98,XIII,XIII/M93.98.md,"Ostéochondropathie, sans précision - "" Autres """,true,false,true,false,false,,inconnu_atih,OWL_ANS,emissible,2554
M93.99,XIII,XIII/M93.99.md,"Ostéochondropathie, sans précision - "" Siège non précisé """,true,false,true,false,false,,inconnu_atih,OWL_ANS,emissible,2486
M94.0,XIII,XIII/M94.0.md,Syndrome des articulations chondrocostales [Tietze],true,false,true,false,true,0,codable,OWL_ANS,emissible,2188
M94.00,XIII,XIII/M94.00.md,"Syndrome des articulations chondrocostales [Tietze] - "" Sièges multiples """,true,false,true,false,false,,inconnu_atih,OWL_ANS,emissible,2101
M94.01,XIII,XIII/M94.01.md,"Syndrome des articulations chondrocostales [Tietze] - "" Région scapulaire """,true,true,true,false,false,,inconnu_atih,OWL_ANS,emissible,2388
M94.02,XIII,XIII/M94.02.md,"Syndrome des articulations chondrocostales [Tietze] - "" Bras """,true,true,true,false,false,,inconnu_atih,OWL_ANS,emissible,2203
M94.03,XIII,XIII/M94.03.md,"Syndrome des articulations chondrocostales [Tietze] - "" Avant-bras """,true,true,true,false,false,,inconnu_atih,OWL_ANS,emissible,2229
M94.04,XIII,XIII/M94.04.md,"Syndrome des articulations chondrocostales [Tietze] - "" Main """,true,true,true,false,false,,inconnu_atih,OWL_ANS,emissible,2247
M94.05,XIII,XIII/M94.05.md,"Syndrome des articulations chondrocostales [Tietze] - "" Région pelvienne et cuisse """,true,true,true,false,false,,inconnu_atih,OWL_ANS,emissible,2317
M94.06,XIII,XIII/M94.06.md,"Syndrome des articulations chondrocostales [Tietze] - "" Jambe """,true,true,true,false,false,,inconnu_atih,OWL_ANS,emissible,2216
M94.07,XIII,XIII/M94.07.md,"Syndrome des articulations chondrocostales [Tietze] - "" Cheville et pied """,true,true,true,false,false,,inconnu_atih,OWL_ANS,emissible,2323
M94.08,XIII,XIII/M94.08.md,"Syndrome des articulations chondrocostales [Tietze] - "" Autres """,true,true,true,false,false,0,codable,OWL_ANS,emissible,2260
M94.09,XIII,XIII/M94.09.md,"Syndrome des articulations chondrocostales [Tietze] - "" Siège non précisé """,true,false,true,false,false,,inconnu_atih,OWL_ANS,emissible,2102
M94.1,XIII,XIII/M94.1.md,Polychondrite récidivante,false,false,true,false,true,0,codable,OWL_ANS,emissible,2076
M94.10,XIII,XIII/M94.10.md,"Polychondrite récidivante - "" Sièges multiples """,false,false,true,false,false,0,codable,OWL_ANS,emissible,1979
M94.11,XIII,XIII/M94.11.md,"Polychondrite récidivante - "" Région scapulaire """,false,true,true,false,false,0,codable,OWL_ANS,emissible,2266
M94.12,XIII,XIII/M94.12.md,"Polychondrite récidivante - "" Bras """,false,true,true,false,false,0,codable,OWL_ANS,emissible,2081
M94.13,XIII,XIII/M94.13.md,"Polychondrite récidivante - "" Avant-bras """,false,true,true,false,false,0,codable,OWL_ANS,emissible,2107
M94.14,XIII,XIII/M94.14.md,"Polychondrite récidivante - "" Main """,false,true,true,false,false,0,codable,OWL_ANS,emissible,2125
M94.15,XIII,XIII/M94.15.md,"Polychondrite récidivante - "" Région pelvienne et cuisse """,false,true,true,false,false,0,codable,OWL_ANS,emissible,2195
M94.16,XIII,XIII/M94.16.md,"Polychondrite récidivante - "" Jambe """,false,true,true,false,false,0,codable,OWL_ANS,emissible,2094
M94.17,XIII,XIII/M94.17.md,"Polychondrite récidivante - "" Cheville et pied """,false,true,true,false,false,0,codable,OWL_ANS,emissible,2201
M94.18,XIII,XIII/M94.18.md,"Polychondrite récidivante - "" Autres """,false,true,true,false,false,0,codable,OWL_ANS,emissible,2123
M94.19,XIII,XIII/M94.19.md,"Polychondrite récidivante - "" Siège non précisé """,false,false,true,false,false,0,codable,OWL_ANS,emissible,1980
M94.2,XIII,XIII/M94.2.md,Chondromalacie,false,false,true,false,true,0,codable,OWL_ANS,emissible,2050
M94.20,XIII,XIII/M94.20.md,"Chondromalacie - "" Sièges multiples """,false,false,true,false,false,0,codable,OWL_ANS,emissible,2072
M94.21,XIII,XIII/M94.21.md,"Chondromalacie - "" Région scapulaire """,false,true,true,false,false,0,codable,OWL_ANS,emissible,2359
M94.22,XIII,XIII/M94.22.md,"Chondromalacie - "" Bras """,false,true,true,false,false,0,codable,OWL_ANS,emissible,2174
M94.23,XIII,XIII/M94.23.md,"Chondromalacie - "" Avant-bras """,false,true,true,false,false,0,codable,OWL_ANS,emissible,2200
M94.24,XIII,XIII/M94.24.md,"Chondromalacie - "" Main """,false,true,true,false,false,0,codable,OWL_ANS,emissible,2218
M94.25,XIII,XIII/M94.25.md,"Chondromalacie - "" Région pelvienne et cuisse """,false,true,true,false,false,0,codable,OWL_ANS,emissible,2288
M94.26,XIII,XIII/M94.26.md,"Chondromalacie - "" Jambe """,false,true,true,false,false,0,codable,OWL_ANS,emissible,2187
M94.27,XIII,XIII/M94.27.md,"Chondromalacie - "" Cheville et pied """,false,true,true,false,false,0,codable,OWL_ANS,emissible,2294
M94.28,XIII,XIII/M94.28.md,"Chondromalacie - "" Autres """,false,true,true,false,false,0,codable,OWL_ANS,emissible,2216
M94.29,XIII,XIII/M94.29.md,"Chondromalacie - "" Siège non précisé """,false,false,true,false,false,0,codable,OWL_ANS,emissible,2073
M94.3,XIII,XIII/M94.3.md,Chondrolyse,false,false,true,false,true,0,codable,OWL_ANS,emissible,1971
M94.30,XIII,XIII/M94.30.md,"Chondrolyse - "" Sièges multiples """,false,false,true,false,false,0,codable,OWL_ANS,emissible,1965
M94.31,XIII,XIII/M94.31.md,"Chondrolyse - "" Région scapulaire """,false,true,true,false,false,0,codable,OWL_ANS,emissible,2252
M94.32,XIII,XIII/M94.32.md,"Chondrolyse - "" Bras """,false,true,true,false,false,0,codable,OWL_ANS,emissible,2067
M94.33,XIII,XIII/M94.33.md,"Chondrolyse - "" Avant-bras """,false,true,true,false,false,0,codable,OWL_ANS,emissible,2093
M94.34,XIII,XIII/M94.34.md,"Chondrolyse - "" Main """,false,true,true,false,false,0,codable,OWL_ANS,emissible,2111
M94.35,XIII,XIII/M94.35.md,"Chondrolyse - "" Région pelvienne et cuisse """,false,true,true,false,false,0,codable,OWL_ANS,emissible,2181
M94.36,XIII,XIII/M94.36.md,"Chondrolyse - "" Jambe """,false,true,true,false,false,0,codable,OWL_ANS,emissible,2080
M94.37,XIII,XIII/M94.37.md,"Chondrolyse - "" Cheville et pied """,false,true,true,false,false,0,codable,OWL_ANS,emissible,2187
M94.38,XIII,XIII/M94.38.md,"Chondrolyse - "" Autres """,false,true,true,false,false,0,codable,OWL_ANS,emissible,2109
M94.39,XIII,XIII/M94.39.md,"Chondrolyse - "" Siège non précisé """,false,false,true,false,false,0,codable,OWL_ANS,emissible,1966
M94.8,XIII,XIII/M94.8.md,Autres affections précisées du cartilage,false,false,true,false,true,0,codable,OWL_ANS,emissible,2422
M94.80,XIII,XIII/M94.80.md,"Autres affections précisées du cartilage - "" Sièges multiples """,false,false,true,false,false,0,codable,OWL_ANS,emissible,1994
M94.81,XIII,XIII/M94.81.md,"Autres affections précisées du cartilage - "" Région scapulaire """,false,true,true,false,false,0,codable,OWL_ANS,emissible,2281
M94.82,XIII,XIII/M94.82.md,"Autres affections précisées du cartilage - "" Bras """,false,true,true,false,false,0,codable,OWL_ANS,emissible,2096
M94.83,XIII,XIII/M94.83.md,"Autres affections précisées du cartilage - "" Avant-bras """,false,true,true,false,false,0,codable,OWL_ANS,emissible,2122
M94.84,XIII,XIII/M94.84.md,"Autres affections précisées du cartilage - "" Main """,false,true,true,false,false,0,codable,OWL_ANS,emissible,2140
M94.85,XIII,XIII/M94.85.md,"Autres affections précisées du cartilage - "" Région pelvienne et cuisse """,false,true,true,false,false,0,codable,OWL_ANS,emissible,2210
M94.86,XIII,XIII/M94.86.md,"Autres affections précisées du cartilage - "" Jambe """,false,true,true,false,false,0,codable,OWL_ANS,emissible,2109
M94.87,XIII,XIII/M94.87.md,"Autres affections précisées du cartilage - "" Cheville et pied """,false,true,true,false,false,0,codable,OWL_ANS,emissible,2216
M94.88,XIII,XIII/M94.88.md,"Autres affections précisées du cartilage - "" Autres """,false,true,true,false,false,0,codable,OWL_ANS,emissible,2138
M94.89,XIII,XIII/M94.89.md,"Autres affections précisées du cartilage - "" Siège non précisé """,false,false,true,false,false,0,codable,OWL_ANS,emissible,1995
M94.9,XIII,XIII/M94.9.md,"Affection du cartilage, sans précision",false,false,true,false,true,1,interdit_dp_dr,OWL_ANS,emissible,2033
M94.90,XIII,XIII/M94.90.md,"Affection du cartilage, sans précision - "" Sièges multiples """,false,false,true,false,false,1,interdit_dp_dr,OWL_ANS,emissible,1994
M94.91,XIII,XIII/M94.91.md,"Affection du cartilage, sans précision - "" Région scapulaire """,false,true,true,false,false,1,interdit_dp_dr,OWL_ANS,emissible,2281
M94.92,XIII,XIII/M94.92.md,"Affection du cartilage, sans précision - "" Bras """,false,true,true,false,false,1,interdit_dp_dr,OWL_ANS,emissible,2096
M94.93,XIII,XIII/M94.93.md,"Affection du cartilage, sans précision - "" Avant-bras """,false,true,true,false,false,1,interdit_dp_dr,OWL_ANS,emissible,2122
M94.94,XIII,XIII/M94.94.md,"Affection du cartilage, sans précision - "" Main """,false,true,true,false,false,1,interdit_dp_dr,OWL_ANS,emissible,2140
M94.95,XIII,XIII/M94.95.md,"Affection du cartilage, sans précision - "" Région pelvienne et cuisse """,false,true,true,false,false,1,interdit_dp_dr,OWL_ANS,emissible,2210
M94.96,XIII,XIII/M94.96.md,"Affection du cartilage, sans précision - "" Jambe """,false,true,true,false,false,1,interdit_dp_dr,OWL_ANS,emissible,2109
M94.97,XIII,XIII/M94.97.md,"Affection du cartilage, sans précision - "" Cheville et pied """,false,true,true,false,false,1,interdit_dp_dr,OWL_ANS,emissible,2216
M94.98,XIII,XIII/M94.98.md,"Affection du cartilage, sans précision - "" Autres """,false,true,true,false,false,1,interdit_dp_dr,OWL_ANS,emissible,2138
M94.99,XIII,XIII/M94.99.md,"Affection du cartilage, sans précision - "" Siège non précisé """,false,false,true,false,false,1,interdit_dp_dr,OWL_ANS,emissible,1995
M95.0,XIII,XIII/M95.0.md,Déformation du nez,false,false,true,false,true,0,codable,OWL_ANS,emissible,2407
M95.00,XIII,XIII/M95.00.md,"Déformation du nez - "" Sièges multiples """,false,false,true,false,false,,inconnu_atih,OWL_ANS,emissible,2321
M95.01,XIII,XIII/M95.01.md,"Déformation du nez - "" Région scapulaire """,true,false,true,false,false,,inconnu_atih,OWL_ANS,emissible,2497
M95.02,XIII,XIII/M95.02.md,"Déformation du nez - "" Bras """,true,false,true,false,false,,inconnu_atih,OWL_ANS,emissible,2395
M95.03,XIII,XIII/M95.03.md,"Déformation du nez - "" Avant-bras """,true,false,true,false,false,,inconnu_atih,OWL_ANS,emissible,2412
M95.04,XIII,XIII/M95.04.md,"Déformation du nez - "" Main """,true,false,true,false,false,,inconnu_atih,OWL_ANS,emissible,2419
M95.05,XIII,XIII/M95.05.md,"Déformation du nez - "" Région pelvienne et cuisse """,true,false,true,false,false,,inconnu_atih,OWL_ANS,emissible,2466
M95.06,XIII,XIII/M95.06.md,"Déformation du nez - "" Jambe """,true,false,true,false,false,,inconnu_atih,OWL_ANS,emissible,2403
M95.07,XIII,XIII/M95.07.md,"Déformation du nez - "" Cheville et pied """,true,false,true,false,false,,inconnu_atih,OWL_ANS,emissible,2464
M95.08,XIII,XIII/M95.08.md,"Déformation du nez - "" Autres """,true,false,true,false,false,,inconnu_atih,OWL_ANS,emissible,2421
M95.09,XIII,XIII/M95.09.md,"Déformation du nez - "" Siège non précisé """,false,false,true,false,false,,inconnu_atih,OWL_ANS,emissible,2322
M95.1,XIII,XIII/M95.1.md,Oreille « en chou-fleur »,false,false,true,false,false,0,codable,OWL_ANS,emissible,1672
M95.2,XIII,XIII/M95.2.md,Autres déformations de la tête,false,false,true,false,true,0,codable,OWL_ANS,emissible,2467
M95.20,XIII,XIII/M95.20.md,"Autres déformations de la tête - "" Sièges multiples """,false,false,true,false,false,,inconnu_atih,OWL_ANS,emissible,2294
M95.21,XIII,XIII/M95.21.md,"Autres déformations de la tête - "" Région scapulaire """,true,false,true,false,false,,inconnu_atih,OWL_ANS,emissible,2470
M95.22,XIII,XIII/M95.22.md,"Autres déformations de la tête - "" Bras """,true,false,true,false,false,,inconnu_atih,OWL_ANS,emissible,2368
M95.23,XIII,XIII/M95.23.md,"Autres déformations de la tête - "" Avant-bras """,true,false,true,false,false,,inconnu_atih,OWL_ANS,emissible,2385
M95.24,XIII,XIII/M95.24.md,"Autres déformations de la tête - "" Main """,true,false,true,false,false,,inconnu_atih,OWL_ANS,emissible,2392
M95.25,XIII,XIII/M95.25.md,"Autres déformations de la tête - "" Région pelvienne et cuisse """,true,false,true,false,false,,inconnu_atih,OWL_ANS,emissible,2439
M95.26,XIII,XIII/M95.26.md,"Autres déformations de la tête - "" Jambe """,true,false,true,false,false,,inconnu_atih,OWL_ANS,emissible,2376
M95.27,XIII,XIII/M95.27.md,"Autres déformations de la tête - "" Cheville et pied """,true,false,true,false,false,,inconnu_atih,OWL_ANS,emissible,2437
M95.28,XIII,XIII/M95.28.md,"Autres déformations de la tête - "" Autres """,true,false,true,false,false,,inconnu_atih,OWL_ANS,emissible,2394
M95.29,XIII,XIII/M95.29.md,"Autres déformations de la tête - "" Siège non précisé """,false,false,true,false,false,,inconnu_atih,OWL_ANS,emissible,2295
M95.3,XIII,XIII/M95.3.md,Déformation du cou,false,false,true,false,true,0,codable,OWL_ANS,emissible,2358
M95.30,XIII,XIII/M95.30.md,"Déformation du cou - "" Sièges multiples """,false,false,true,false,false,,inconnu_atih,OWL_ANS,emissible,2282
M95.31,XIII,XIII/M95.31.md,"Déformation du cou - "" Région scapulaire """,true,false,true,false,false,,inconnu_atih,OWL_ANS,emissible,2458
M95.32,XIII,XIII/M95.32.md,"Déformation du cou - "" Bras """,true,false,true,false,false,,inconnu_atih,OWL_ANS,emissible,2356
M95.33,XIII,XIII/M95.33.md,"Déformation du cou - "" Avant-bras """,true,false,true,false,false,,inconnu_atih,OWL_ANS,emissible,2373
M95.34,XIII,XIII/M95.34.md,"Déformation du cou - "" Main """,true,false,true,false,false,,inconnu_atih,OWL_ANS,emissible,2380
M95.35,XIII,XIII/M95.35.md,"Déformation du cou - "" Région pelvienne et cuisse """,true,false,true,false,false,,inconnu_atih,OWL_ANS,emissible,2427
M95.36,XIII,XIII/M95.36.md,"Déformation du cou - "" Jambe """,true,false,true,false,false,,inconnu_atih,OWL_ANS,emissible,2364
M95.37,XIII,XIII/M95.37.md,"Déformation du cou - "" Cheville et pied """,true,false,true,false,false,,inconnu_atih,OWL_ANS,emissible,2425
M95.38,XIII,XIII/M95.38.md,"Déformation du cou - "" Autres """,true,false,true,false,false,,inconnu_atih,OWL_ANS,emissible,2382
M95.39,XIII,XIII/M95.39.md,"Déformation du cou - "" Siège non précisé """,false,false,true,false,false,,inconnu_atih,OWL_ANS,emissible,2283
M95.4,XIII,XIII/M95.4.md,Déformation du thorax et des côtes,false,false,true,false,true,0,codable,OWL_ANS,emissible,2662
M95.40,XIII,XIII/M95.40.md,"Déformation du thorax et des côtes - "" Sièges multiples """,false,false,true,false,false,,inconnu_atih,OWL_ANS,emissible,2298
M95.41,XIII,XIII/M95.41.md,"Déformation du thorax et des côtes - "" Région scapulaire """,true,false,true,false,false,,inconnu_atih,OWL_ANS,emissible,2474
M95.42,XIII,XIII/M95.42.md,"Déformation du thorax et des côtes - "" Bras """,true,false,true,false,false,,inconnu_atih,OWL_ANS,emissible,2372
M95.43,XIII,XIII/M95.43.md,"Déformation du thorax et des côtes - "" Avant-bras """,true,false,true,false,false,,inconnu_atih,OWL_ANS,emissible,2389
M95.44,XIII,XIII/M95.44.md,"Déformation du thorax et des côtes - "" Main """,true,false,true,false,false,,inconnu_atih,OWL_ANS,emissible,2396
M95.45,XIII,XIII/M95.45.md,"Déformation du thorax et des côtes - "" Région pelvienne et cuisse """,true,false,true,false,false,,inconnu_atih,OWL_ANS,emissible,2443
M95.46,XIII,XIII/M95.46.md,"Déformation du thorax et des côtes - "" Jambe """,true,false,true,false,false,,inconnu_atih,OWL_ANS,emissible,2380
M95.47,XIII,XIII/M95.47.md,"Déformation du thorax et des côtes - "" Cheville et pied """,true,false,true,false,false,,inconnu_atih,OWL_ANS,emissible,2441
M95.48,XIII,XIII/M95.48.md,"Déformation du thorax et des côtes - "" Autres """,true,false,true,false,false,,inconnu_atih,OWL_ANS,emissible,2398
M95.49,XIII,XIII/M95.49.md,"Déformation du thorax et des côtes - "" Siège non précisé """,false,false,true,false,false,,inconnu_atih,OWL_ANS,emissible,2299
M95.5,XIII,XIII/M95.5.md,Déformation du bassin,false,false,true,false,true,0,codable,OWL_ANS,emissible,2478
M95.50,XIII,XIII/M95.50.md,"Déformation du bassin - "" Sièges multiples """,false,false,true,false,false,,inconnu_atih,OWL_ANS,emissible,2341
M95.51,XIII,XIII/M95.51.md,"Déformation du bassin - "" Région scapulaire """,true,false,true,false,false,,inconnu_atih,OWL_ANS,emissible,2517
M95.52,XIII,XIII/M95.52.md,"Déformation du bassin - "" Bras """,true,false,true,false,false,,inconnu_atih,OWL_ANS,emissible,2415
M95.53,XIII,XIII/M95.53.md,"Déformation du bassin - "" Avant-bras """,true,false,true,false,false,,inconnu_atih,OWL_ANS,emissible,2432
M95.54,XIII,XIII/M95.54.md,"Déformation du bassin - "" Main """,true,false,true,false,false,,inconnu_atih,OWL_ANS,emissible,2439
M95.55,XIII,XIII/M95.55.md,"Déformation du bassin - "" Région pelvienne et cuisse """,true,false,true,false,false,,inconnu_atih,OWL_ANS,emissible,2486
M95.56,XIII,XIII/M95.56.md,"Déformation du bassin - "" Jambe """,true,false,true,false,false,,inconnu_atih,OWL_ANS,emissible,2423
M95.57,XIII,XIII/M95.57.md,"Déformation du bassin - "" Cheville et pied """,true,false,true,false,false,,inconnu_atih,OWL_ANS,emissible,2484
M95.58,XIII,XIII/M95.58.md,"Déformation du bassin - "" Autres """,true,false,true,false,false,,inconnu_atih,OWL_ANS,emissible,2441
M95.59,XIII,XIII/M95.59.md,"Déformation du bassin - "" Siège non précisé """,false,false,true,false,false,,inconnu_atih,OWL_ANS,emissible,2342
M95.8,XIII,XIII/M95.8.md,"Autres déformations précisées du système ostéoarticulaire, des muscles et du tissu conjonctif",false,false,true,false,true,0,codable,OWL_ANS,emissible,2914
M95.80,XIII,XIII/M95.80.md,"Autres déformations précisées du système ostéoarticulaire, des muscles et du tissu conjonctif - "" Sièges multiples """,false,false,true,false,false,,inconnu_atih,OWL_ANS,emissible,2357
M95.81,XIII,XIII/M95.81.md,"Autres déformations précisées du système ostéoarticulaire, des muscles et du tissu conjonctif - "" Région scapulaire """,true,false,true,false,false,,inconnu_atih,OWL_ANS,emissible,2533
M95.82,XIII,XIII/M95.82.md,"Autres déformations précisées du système ostéoarticulaire, des muscles et du tissu conjonctif - "" Bras """,true,false,true,false,false,,inconnu_atih,OWL_ANS,emissible,2431
M95.83,XIII,XIII/M95.83.md,"Autres déformations précisées du système ostéoarticulaire, des muscles et du tissu conjonctif - "" Avant-bras """,true,false,true,false,false,,inconnu_atih,OWL_ANS,emissible,2448
M95.84,XIII,XIII/M95.84.md,"Autres déformations précisées du système ostéoarticulaire, des muscles et du tissu conjonctif - "" Main """,true,false,true,false,false,,inconnu_atih,OWL_ANS,emissible,2455
M95.85,XIII,XIII/M95.85.md,"Autres déformations précisées du système ostéoarticulaire, des muscles et du tissu conjonctif - "" Région pelvienne et cuisse """,true,false,true,false,false,,inconnu_atih,OWL_ANS,emissible,2502
M95.86,XIII,XIII/M95.86.md,"Autres déformations précisées du système ostéoarticulaire, des muscles et du tissu conjonctif - "" Jambe """,true,false,true,false,false,,inconnu_atih,OWL_ANS,emissible,2439
M95.87,XIII,XIII/M95.87.md,"Autres déformations précisées du système ostéoarticulaire, des muscles et du tissu conjonctif - "" Cheville et pied """,true,false,true,false,false,,inconnu_atih,OWL_ANS,emissible,2500
M95.88,XIII,XIII/M95.88.md,"Autres déformations précisées du système ostéoarticulaire, des muscles et du tissu conjonctif - "" Autres """,true,false,true,false,false,,inconnu_atih,OWL_ANS,emissible,2457
M95.89,XIII,XIII/M95.89.md,"Autres déformations précisées du système ostéoarticulaire, des muscles et du tissu conjonctif - "" Siège non précisé """,false,false,true,false,false,,inconnu_atih,OWL_ANS,emissible,2358
M95.9,XIII,XIII/M95.9.md,"Déformation du système ostéoarticulaire, des muscles et du tissu conjonctif, sans précision",false,false,true,false,true,0,codable,OWL_ANS,emissible,2525
M95.90,XIII,XIII/M95.90.md,"Déformation du système ostéoarticulaire, des muscles et du tissu conjonctif, sans précision - "" Sièges multiples """,false,false,true,false,false,,inconnu_atih,OWL_ANS,emissible,2355
M95.91,XIII,XIII/M95.91.md,"Déformation du système ostéoarticulaire, des muscles et du tissu conjonctif, sans précision - "" Région scapulaire """,true,false,true,false,false,,inconnu_atih,OWL_ANS,emissible,2531
M95.92,XIII,XIII/M95.92.md,"Déformation du système ostéoarticulaire, des muscles et du tissu conjonctif, sans précision - "" Bras """,true,false,true,false,false,,inconnu_atih,OWL_ANS,emissible,2429
M95.93,XIII,XIII/M95.93.md,"Déformation du système ostéoarticulaire, des muscles et du tissu conjonctif, sans précision - "" Avant-bras """,true,false,true,false,false,,inconnu_atih,OWL_ANS,emissible,2446
M95.94,XIII,XIII/M95.94.md,"Déformation du système ostéoarticulaire, des muscles et du tissu conjonctif, sans précision - "" Main """,true,false,true,false,false,,inconnu_atih,OWL_ANS,emissible,2453
M95.95,XIII,XIII/M95.95.md,"Déformation du système ostéoarticulaire, des muscles et du tissu conjonctif, sans précision - "" Région pelvienne et cuisse """,true,false,true,false,false,,inconnu_atih,OWL_ANS,emissible,2500
M95.96,XIII,XIII/M95.96.md,"Déformation du système ostéoarticulaire, des muscles et du tissu conjonctif, sans précision - "" Jambe """,true,false,true,false,false,,inconnu_atih,OWL_ANS,emissible,2437
M95.97,XIII,XIII/M95.97.md,"Déformation du système ostéoarticulaire, des muscles et du tissu conjonctif, sans précision - "" Cheville et pied """,true,false,true,false,false,,inconnu_atih,OWL_ANS,emissible,2498
M95.98,XIII,XIII/M95.98.md,"Déformation du système ostéoarticulaire, des muscles et du tissu conjonctif, sans précision - "" Autres """,true,false,true,false,false,,inconnu_atih,OWL_ANS,emissible,2455
M95.99,XIII,XIII/M95.99.md,"Déformation du système ostéoarticulaire, des muscles et du tissu conjonctif, sans précision - "" Siège non précisé """,false,false,true,false,false,,inconnu_atih,OWL_ANS,emissible,2356
M96.0,XIII,XIII/M96.0.md,Pseudarthrose après arthrodèse,false,false,true,false,true,0,codable,OWL_ANS,emissible,2136
M96.00,XIII,XIII/M96.00.md,"Pseudarthrose après arthrodèse - "" Sièges multiples """,false,false,true,false,false,,inconnu_atih,OWL_ANS,emissible,2073
M96.01,XIII,XIII/M96.01.md,"Pseudarthrose après arthrodèse - "" Région scapulaire """,true,false,true,false,false,,inconnu_atih,OWL_ANS,emissible,2249
M96.02,XIII,XIII/M96.02.md,"Pseudarthrose après arthrodèse - "" Bras """,true,false,true,false,false,,inconnu_atih,OWL_ANS,emissible,2147
M96.03,XIII,XIII/M96.03.md,"Pseudarthrose après arthrodèse - "" Avant-bras """,true,false,true,false,false,,inconnu_atih,OWL_ANS,emissible,2164
M96.04,XIII,XIII/M96.04.md,"Pseudarthrose après arthrodèse - "" Main """,true,false,true,false,false,,inconnu_atih,OWL_ANS,emissible,2171
M96.05,XIII,XIII/M96.05.md,"Pseudarthrose après arthrodèse - "" Région pelvienne et cuisse """,true,false,true,false,false,,inconnu_atih,OWL_ANS,emissible,2218
M96.06,XIII,XIII/M96.06.md,"Pseudarthrose après arthrodèse - "" Jambe """,true,false,true,false,false,,inconnu_atih,OWL_ANS,emissible,2155
M96.07,XIII,XIII/M96.07.md,"Pseudarthrose après arthrodèse - "" Cheville et pied """,true,false,true,false,false,,inconnu_atih,OWL_ANS,emissible,2216
M96.08,XIII,XIII/M96.08.md,"Pseudarthrose après arthrodèse - "" Autres """,true,false,true,false,false,,inconnu_atih,OWL_ANS,emissible,2173
M96.09,XIII,XIII/M96.09.md,"Pseudarthrose après arthrodèse - "" Siège non précisé """,false,false,true,false,false,,inconnu_atih,OWL_ANS,emissible,2074
M96.1,XIII,XIII/M96.1.md,"Syndrome postlaminectomie, non classé ailleurs",false,false,true,false,true,0,codable,OWL_ANS,emissible,2124
M96.10,XIII,XIII/M96.10.md,"Syndrome postlaminectomie, non classé ailleurs - "" Sièges multiples """,false,false,true,false,false,,inconnu_atih,OWL_ANS,emissible,2089
M96.11,XIII,XIII/M96.11.md,"Syndrome postlaminectomie, non classé ailleurs - "" Région scapulaire """,true,false,true,false,false,,inconnu_atih,OWL_ANS,emissible,2265
M96.12,XIII,XIII/M96.12.md,"Syndrome postlaminectomie, non classé ailleurs - "" Bras """,true,false,true,false,false,,inconnu_atih,OWL_ANS,emissible,2163
M96.13,XIII,XIII/M96.13.md,"Syndrome postlaminectomie, non classé ailleurs - "" Avant-bras """,true,false,true,false,false,,inconnu_atih,OWL_ANS,emissible,2180
M96.14,XIII,XIII/M96.14.md,"Syndrome postlaminectomie, non classé ailleurs - "" Main """,true,false,true,false,false,,inconnu_atih,OWL_ANS,emissible,2187
M96.15,XIII,XIII/M96.15.md,"Syndrome postlaminectomie, non classé ailleurs - "" Région pelvienne et cuisse """,true,false,true,false,false,,inconnu_atih,OWL_ANS,emissible,2234
M96.16,XIII,XIII/M96.16.md,"Syndrome postlaminectomie, non classé ailleurs - "" Jambe """,true,false,true,false,false,,inconnu_atih,OWL_ANS,emissible,2171
M96.17,XIII,XIII/M96.17.md,"Syndrome postlaminectomie, non classé ailleurs - "" Cheville et pied """,true,false,true,false,false,,inconnu_atih,OWL_ANS,emissible,2232
M96.18,XIII,XIII/M96.18.md,"Syndrome postlaminectomie, non classé ailleurs - "" Autres """,true,false,true,false,false,,inconnu_atih,OWL_ANS,emissible,2189
M96.19,XIII,XIII/M96.19.md,"Syndrome postlaminectomie, non classé ailleurs - "" Siège non précisé """,false,false,true,false,false,,inconnu_atih,OWL_ANS,emissible,2090
M96.2,XIII,XIII/M96.2.md,Cyphose après irradiation,false,false,true,false,false,0,codable,OWL_ANS,emissible,2035
M96.20,XIII,XIII/M96.20.md,"Cyphose après irradiation - "" Sièges multiples """,false,false,true,false,false,,inconnu_atih,OWL_ANS,emissible,2068
M96.21,XIII,XIII/M96.21.md,"Cyphose après irradiation - "" Région scapulaire """,true,false,true,false,false,,inconnu_atih,OWL_ANS,emissible,2244
M96.22,XIII,XIII/M96.22.md,"Cyphose après irradiation - "" Bras """,true,false,true,false,false,,inconnu_atih,OWL_ANS,emissible,2142
M96.23,XIII,XIII/M96.23.md,"Cyphose après irradiation - "" Avant-bras """,true,false,true,false,false,,inconnu_atih,OWL_ANS,emissible,2159
M96.24,XIII,XIII/M96.24.md,"Cyphose après irradiation - "" Main """,true,false,true,false,false,,inconnu_atih,OWL_ANS,emissible,2166
M96.25,XIII,XIII/M96.25.md,"Cyphose après irradiation - "" Région pelvienne et cuisse """,true,false,true,false,false,,inconnu_atih,OWL_ANS,emissible,2213
M96.26,XIII,XIII/M96.26.md,"Cyphose après irradiation - "" Jambe """,true,false,true,false,false,,inconnu_atih,OWL_ANS,emissible,2150
M96.27,XIII,XIII/M96.27.md,"Cyphose après irradiation - "" Cheville et pied """,true,false,true,false,false,,inconnu_atih,OWL_ANS,emissible,2211
M96.28,XIII,XIII/M96.28.md,"Cyphose après irradiation - "" Autres """,true,false,true,false,false,,inconnu_atih,OWL_ANS,emissible,2168
M96.29,XIII,XIII/M96.29.md,"Cyphose après irradiation - "" Siège non précisé """,false,false,true,false,false,,inconnu_atih,OWL_ANS,emissible,2069
M96.3,XIII,XIII/M96.3.md,Cyphose après laminectomie,false,false,true,false,false,0,codable,OWL_ANS,emissible,2036
M96.30,XIII,XIII/M96.30.md,"Cyphose après laminectomie - "" Sièges multiples """,false,false,true,false,false,,inconnu_atih,OWL_ANS,emissible,2069
M96.31,XIII,XIII/M96.31.md,"Cyphose après laminectomie - "" Région scapulaire """,true,false,true,false,false,,inconnu_atih,OWL_ANS,emissible,2245
M96.32,XIII,XIII/M96.32.md,"Cyphose après laminectomie - "" Bras """,true,false,true,false,false,,inconnu_atih,OWL_ANS,emissible,2143
M96.33,XIII,XIII/M96.33.md,"Cyphose après laminectomie - "" Avant-bras """,true,false,true,false,false,,inconnu_atih,OWL_ANS,emissible,2160
M96.34,XIII,XIII/M96.34.md,"Cyphose après laminectomie - "" Main """,true,false,true,false,false,,inconnu_atih,OWL_ANS,emissible,2167
M96.35,XIII,XIII/M96.35.md,"Cyphose après laminectomie - "" Région pelvienne et cuisse """,true,false,true,false,false,,inconnu_atih,OWL_ANS,emissible,2214
M96.36,XIII,XIII/M96.36.md,"Cyphose après laminectomie - "" Jambe """,true,false,true,false,false,,inconnu_atih,OWL_ANS,emissible,2151
M96.37,XIII,XIII/M96.37.md,"Cyphose après laminectomie - "" Cheville et pied """,true,false,true,false,false,,inconnu_atih,OWL_ANS,emissible,2212
M96.38,XIII,XIII/M96.38.md,"Cyphose après laminectomie - "" Autres """,true,false,true,false,false,,inconnu_atih,OWL_ANS,emissible,2169
M96.39,XIII,XIII/M96.39.md,"Cyphose après laminectomie - "" Siège non précisé """,false,false,true,false,false,,inconnu_atih,OWL_ANS,emissible,2070
M96.4,XIII,XIII/M96.4.md,Lordose après chirurgie,false,false,true,false,true,0,codable,OWL_ANS,emissible,2099
M96.40,XIII,XIII/M96.40.md,"Lordose après chirurgie - "" Sièges multiples """,false,false,true,false,false,,inconnu_atih,OWL_ANS,emissible,2066
M96.41,XIII,XIII/M96.41.md,"Lordose après chirurgie - "" Région scapulaire """,true,false,true,false,false,,inconnu_atih,OWL_ANS,emissible,2242
M96.42,XIII,XIII/M96.42.md,"Lordose après chirurgie - "" Bras """,true,false,true,false,false,,inconnu_atih,OWL_ANS,emissible,2140
M96.43,XIII,XIII/M96.43.md,"Lordose après chirurgie - "" Avant-bras """,true,false,true,false,false,,inconnu_atih,OWL_ANS,emissible,2157
M96.44,XIII,XIII/M96.44.md,"Lordose après chirurgie - "" Main """,true,false,true,false,false,,inconnu_atih,OWL_ANS,emissible,2164
M96.45,XIII,XIII/M96.45.md,"Lordose après chirurgie - "" Région pelvienne et cuisse """,true,false,true,false,false,,inconnu_atih,OWL_ANS,emissible,2211
M96.46,XIII,XIII/M96.46.md,"Lordose après chirurgie - "" Jambe """,true,false,true,false,false,,inconnu_atih,OWL_ANS,emissible,2148
M96.47,XIII,XIII/M96.47.md,"Lordose après chirurgie - "" Cheville et pied """,true,false,true,false,false,,inconnu_atih,OWL_ANS,emissible,2209
M96.48,XIII,XIII/M96.48.md,"Lordose après chirurgie - "" Autres """,true,false,true,false,false,,inconnu_atih,OWL_ANS,emissible,2166
M96.49,XIII,XIII/M96.49.md,"Lordose après chirurgie - "" Siège non précisé """,false,false,true,false,false,,inconnu_atih,OWL_ANS,emissible,2067
M96.5,XIII,XIII/M96.5.md,Scoliose après irradiation,false,false,true,false,true,0,codable,OWL_ANS,emissible,2105
M96.50,XIII,XIII/M96.50.md,"Scoliose après irradiation - "" Sièges multiples """,false,false,true,false,false,,inconnu_atih,OWL_ANS,emissible,2069
M96.51,XIII,XIII/M96.51.md,"Scoliose après irradiation - "" Région scapulaire """,true,false,true,false,false,,inconnu_atih,OWL_ANS,emissible,2245
M96.52,XIII,XIII/M96.52.md,"Scoliose après irradiation - "" Bras """,true,false,true,false,false,,inconnu_atih,OWL_ANS,emissible,2143
M96.53,XIII,XIII/M96.53.md,"Scoliose après irradiation - "" Avant-bras """,true,false,true,false,false,,inconnu_atih,OWL_ANS,emissible,2160
M96.54,XIII,XIII/M96.54.md,"Scoliose après irradiation - "" Main """,true,false,true,false,false,,inconnu_atih,OWL_ANS,emissible,2167
M96.55,XIII,XIII/M96.55.md,"Scoliose après irradiation - "" Région pelvienne et cuisse """,true,false,true,false,false,,inconnu_atih,OWL_ANS,emissible,2214
M96.56,XIII,XIII/M96.56.md,"Scoliose après irradiation - "" Jambe """,true,false,true,false,false,,inconnu_atih,OWL_ANS,emissible,2151
M96.57,XIII,XIII/M96.57.md,"Scoliose après irradiation - "" Cheville et pied """,true,false,true,false,false,,inconnu_atih,OWL_ANS,emissible,2212
M96.58,XIII,XIII/M96.58.md,"Scoliose après irradiation - "" Autres """,true,false,true,false,false,,inconnu_atih,OWL_ANS,emissible,2169
M96.59,XIII,XIII/M96.59.md,"Scoliose après irradiation - "" Siège non précisé """,false,false,true,false,false,,inconnu_atih,OWL_ANS,emissible,2070
M96.6,XIII,XIII/M96.6.md,"Fracture osseuse après mise en place d'un implant, d'une prothèse articulaire ou d'une plaque d'ostéosynthèse",false,false,true,false,true,0,codable,OWL_ANS,emissible,2609
M96.60,XIII,XIII/M96.60.md,"Fracture osseuse après mise en place d'un implant, d'une prothèse articulaire ou d'une plaque d'ostéosynthèse - "" Sièges multiples """,false,false,true,false,false,,inconnu_atih,OWL_ANS,emissible,2230
M96.61,XIII,XIII/M96.61.md,"Fracture osseuse après mise en place d'un implant, d'une prothèse articulaire ou d'une plaque d'ostéosynthèse - "" Région scapulaire """,true,false,true,false,false,,inconnu_atih,OWL_ANS,emissible,2406
M96.62,XIII,XIII/M96.62.md,"Fracture osseuse après mise en place d'un implant, d'une prothèse articulaire ou d'une plaque d'ostéosynthèse - "" Bras """,true,false,true,false,false,,inconnu_atih,OWL_ANS,emissible,2304
M96.63,XIII,XIII/M96.63.md,"Fracture osseuse après mise en place d'un implant, d'une prothèse articulaire ou d'une plaque d'ostéosynthèse - "" Avant-bras """,true,false,true,false,false,,inconnu_atih,OWL_ANS,emissible,2321
M96.64,XIII,XIII/M96.64.md,"Fracture osseuse après mise en place d'un implant, d'une prothèse articulaire ou d'une plaque d'ostéosynthèse - "" Main """,true,false,true,false,false,,inconnu_atih,OWL_ANS,emissible,2328
M96.65,XIII,XIII/M96.65.md,"Fracture osseuse après mise en place d'un implant, d'une prothèse articulaire ou d'une plaque d'ostéosynthèse - "" Région pelvienne et cuisse """,true,false,true,false,false,,inconnu_atih,OWL_ANS,emissible,2375
M96.66,XIII,XIII/M96.66.md,"Fracture osseuse après mise en place d'un implant, d'une prothèse articulaire ou d'une plaque d'ostéosynthèse - "" Jambe """,true,false,true,false,false,,inconnu_atih,OWL_ANS,emissible,2312
M96.67,XIII,XIII/M96.67.md,"Fracture osseuse après mise en place d'un implant, d'une prothèse articulaire ou d'une plaque d'ostéosynthèse - "" Cheville et pied """,true,false,true,false,false,,inconnu_atih,OWL_ANS,emissible,2373
M96.68,XIII,XIII/M96.68.md,"Fracture osseuse après mise en place d'un implant, d'une prothèse articulaire ou d'une plaque d'ostéosynthèse - "" Autres """,true,false,true,false,false,,inconnu_atih,OWL_ANS,emissible,2330
M96.69,XIII,XIII/M96.69.md,"Fracture osseuse après mise en place d'un implant, d'une prothèse articulaire ou d'une plaque d'ostéosynthèse - "" Siège non précisé """,false,false,true,false,false,,inconnu_atih,OWL_ANS,emissible,2231
M96.8,XIII,XIII/M96.8.md,Autres affections du système ostéoarticulaire et des muscles après un acte à visée diagnostique et thérapeutique,true,false,true,false,true,0,codable,OWL_ANS,emissible,3003
M96.80,XIII,XIII/M96.80.md,"Autres affections du système ostéoarticulaire et des muscles après un acte à visée diagnostique et thérapeutique - "" Sièges multiples """,true,false,true,false,false,,inconnu_atih,OWL_ANS,emissible,2298
M96.81,XIII,XIII/M96.81.md,"Autres affections du système ostéoarticulaire et des muscles après un acte à visée diagnostique et thérapeutique - "" Région scapulaire """,true,false,true,false,false,,inconnu_atih,OWL_ANS,emissible,2443
M96.82,XIII,XIII/M96.82.md,"Autres affections du système ostéoarticulaire et des muscles après un acte à visée diagnostique et thérapeutique - "" Bras """,true,false,true,false,false,,inconnu_atih,OWL_ANS,emissible,2341
M96.83,XIII,XIII/M96.83.md,"Autres affections du système ostéoarticulaire et des muscles après un acte à visée diagnostique et thérapeutique - "" Avant-bras """,true,false,true,false,false,,inconnu_atih,OWL_ANS,emissible,2358
M96.84,XIII,XIII/M96.84.md,"Autres affections du système ostéoarticulaire et des muscles après un acte à visée diagnostique et thérapeutique - "" Main """,true,false,true,false,false,,inconnu_atih,OWL_ANS,emissible,2365
M96.85,XIII,XIII/M96.85.md,"Autres affections du système ostéoarticulaire et des muscles après un acte à visée diagnostique et thérapeutique - "" Région pelvienne et cuisse """,true,false,true,false,false,,inconnu_atih,OWL_ANS,emissible,2412
M96.86,XIII,XIII/M96.86.md,"Autres affections du système ostéoarticulaire et des muscles après un acte à visée diagnostique et thérapeutique - "" Jambe """,true,false,true,false,false,,inconnu_atih,OWL_ANS,emissible,2349
M96.87,XIII,XIII/M96.87.md,"Autres affections du système ostéoarticulaire et des muscles après un acte à visée diagnostique et thérapeutique - "" Cheville et pied """,true,false,true,false,false,,inconnu_atih,OWL_ANS,emissible,2410
M96.88,XIII,XIII/M96.88.md,"Autres affections du système ostéoarticulaire et des muscles après un acte à visée diagnostique et thérapeutique - "" Autres """,true,false,true,false,false,,inconnu_atih,OWL_ANS,emissible,2367
M96.89,XIII,XIII/M96.89.md,"Autres affections du système ostéoarticulaire et des muscles après un acte à visée diagnostique et thérapeutique - "" Siège non précisé """,true,false,true,false,false,,inconnu_atih,OWL_ANS,emissible,2299
M96.9,XIII,XIII/M96.9.md,"Affection du système ostéoarticulaire et des muscles après un acte à visée diagnostique et thérapeutique, sans précision",false,false,true,false,true,1,interdit_dp_dr,OWL_ANS,emissible,2234
M96.90,XIII,XIII/M96.90.md,"Affection du système ostéoarticulaire et des muscles après un acte à visée diagnostique et thérapeutique, sans précision - "" Sièges multiples """,false,false,true,false,false,,inconnu_atih,OWL_ANS,emissible,2163
M96.91,XIII,XIII/M96.91.md,"Affection du système ostéoarticulaire et des muscles après un acte à visée diagnostique et thérapeutique, sans précision - "" Région scapulaire """,true,false,true,false,false,,inconnu_atih,OWL_ANS,emissible,2339
M96.92,XIII,XIII/M96.92.md,"Affection du système ostéoarticulaire et des muscles après un acte à visée diagnostique et thérapeutique, sans précision - "" Bras """,true,false,true,false,false,,inconnu_atih,OWL_ANS,emissible,2237
M96.93,XIII,XIII/M96.93.md,"Affection du système ostéoarticulaire et des muscles après un acte à visée diagnostique et thérapeutique, sans précision - "" Avant-bras """,true,false,true,false,false,,inconnu_atih,OWL_ANS,emissible,2254
M96.94,XIII,XIII/M96.94.md,"Affection du système ostéoarticulaire et des muscles après un acte à visée diagnostique et thérapeutique, sans précision - "" Main """,true,false,true,false,false,,inconnu_atih,OWL_ANS,emissible,2261
M96.95,XIII,XIII/M96.95.md,"Affection du système ostéoarticulaire et des muscles après un acte à visée diagnostique et thérapeutique, sans précision - "" Région pelvienne et cuisse """,true,false,true,false,false,,inconnu_atih,OWL_ANS,emissible,2308
M96.96,XIII,XIII/M96.96.md,"Affection du système ostéoarticulaire et des muscles après un acte à visée diagnostique et thérapeutique, sans précision - "" Jambe """,true,false,true,false,false,,inconnu_atih,OWL_ANS,emissible,2245
M96.97,XIII,XIII/M96.97.md,"Affection du système ostéoarticulaire et des muscles après un acte à visée diagnostique et thérapeutique, sans précision - "" Cheville et pied """,true,false,true,false,false,,inconnu_atih,OWL_ANS,emissible,2306
M96.98,XIII,XIII/M96.98.md,"Affection du système ostéoarticulaire et des muscles après un acte à visée diagnostique et thérapeutique, sans précision - "" Autres """,true,false,true,false,false,,inconnu_atih,OWL_ANS,emissible,2263
M96.99,XIII,XIII/M96.99.md,"Affection du système ostéoarticulaire et des muscles après un acte à visée diagnostique et thérapeutique, sans précision - "" Siège non précisé """,false,false,true,false,false,,inconnu_atih,OWL_ANS,emissible,2164
M99.0,XIII,XIII/M99.0.md,Dysfonctionnement segmentaire et somatique,false,false,true,false,false,0,codable,OWL_ANS,emissible,1369
M99.00,XIII,XIII/M99.00.md,"Dysfonctionnement segmentaire et somatique - "" Tête """,true,false,true,false,false,0,codable,OWL_ANS,emissible,1461
M99.01,XIII,XIII/M99.01.md,"Dysfonctionnement segmentaire et somatique - "" Région cervicale """,true,false,true,false,false,0,codable,OWL_ANS,emissible,1466
M99.02,XIII,XIII/M99.02.md,"Dysfonctionnement segmentaire et somatique - "" Région thoracique """,true,false,true,false,false,0,codable,OWL_ANS,emissible,1465
M99.03,XIII,XIII/M99.03.md,"Dysfonctionnement segmentaire et somatique - "" Région lombaire """,true,false,true,false,false,0,codable,OWL_ANS,emissible,1459
M99.04,XIII,XIII/M99.04.md,"Dysfonctionnement segmentaire et somatique - "" Région sacrée """,true,false,true,false,false,0,codable,OWL_ANS,emissible,1477
M99.05,XIII,XIII/M99.05.md,"Dysfonctionnement segmentaire et somatique - "" Région pelvienne """,true,false,true,false,false,0,codable,OWL_ANS,emissible,1462
M99.06,XIII,XIII/M99.06.md,"Dysfonctionnement segmentaire et somatique - "" Membre inférieur """,false,false,true,false,false,0,codable,OWL_ANS,emissible,1394
M99.07,XIII,XIII/M99.07.md,"Dysfonctionnement segmentaire et somatique - "" Membre supérieur """,true,false,true,false,false,0,codable,OWL_ANS,emissible,1488
M99.08,XIII,XIII/M99.08.md,"Dysfonctionnement segmentaire et somatique - "" Cage thoracique """,true,false,true,false,false,0,codable,OWL_ANS,emissible,1496
M99.09,XIII,XIII/M99.09.md,"Dysfonctionnement segmentaire et somatique - "" Abdomen et autre """,false,false,true,false,false,0,codable,OWL_ANS,emissible,1394
M99.1,XIII,XIII/M99.1.md,Subluxation complexe (vertébrale),false,false,true,false,false,0,codable,OWL_ANS,emissible,1360
M99.10,XIII,XIII/M99.10.md,"Subluxation complexe (vertébrale) - "" Tête """,true,false,true,false,false,0,codable,OWL_ANS,emissible,1452
M99.11,XIII,XIII/M99.11.md,"Subluxation complexe (vertébrale) - "" Région cervicale """,true,false,true,false,false,0,codable,OWL_ANS,emissible,1457
M99.12,XIII,XIII/M99.12.md,"Subluxation complexe (vertébrale) - "" Région thoracique """,true,false,true,false,false,0,codable,OWL_ANS,emissible,1456
M99.13,XIII,XIII/M99.13.md,"Subluxation complexe (vertébrale) - "" Région lombaire """,true,false,true,false,false,0,codable,OWL_ANS,emissible,1450
M99.14,XIII,XIII/M99.14.md,"Subluxation complexe (vertébrale) - "" Région sacrée """,true,false,true,false,false,0,codable,OWL_ANS,emissible,1468
M99.15,XIII,XIII/M99.15.md,"Subluxation complexe (vertébrale) - "" Région pelvienne """,true,false,true,false,false,0,codable,OWL_ANS,emissible,1453
M99.16,XIII,XIII/M99.16.md,"Subluxation complexe (vertébrale) - "" Membre inférieur """,false,false,true,false,false,0,codable,OWL_ANS,emissible,1385
M99.17,XIII,XIII/M99.17.md,"Subluxation complexe (vertébrale) - "" Membre supérieur """,true,false,true,false,false,0,codable,OWL_ANS,emissible,1479
M99.18,XIII,XIII/M99.18.md,"Subluxation complexe (vertébrale) - "" Cage thoracique """,true,false,true,false,false,0,codable,OWL_ANS,emissible,1487
M99.19,XIII,XIII/M99.19.md,"Subluxation complexe (vertébrale) - "" Abdomen et autre """,false,false,true,false,false,0,codable,OWL_ANS,emissible,1385
M99.2,XIII,XIII/M99.2.md,Rétrécissement du canal rachidien par subluxation,false,false,true,false,false,0,codable,OWL_ANS,emissible,1376
M99.20,XIII,XIII/M99.20.md,"Rétrécissement du canal rachidien par subluxation - "" Tête """,true,false,true,false,false,0,codable,OWL_ANS,emissible,1468
M99.21,XIII,XIII/M99.21.md,"Rétrécissement du canal rachidien par subluxation - "" Région cervicale """,true,false,true,false,false,0,codable,OWL_ANS,emissible,1473
M99.22,XIII,XIII/M99.22.md,"Rétrécissement du canal rachidien par subluxation - "" Région thoracique """,true,false,true,false,false,0,codable,OWL_ANS,emissible,1472
M99.23,XIII,XIII/M99.23.md,"Rétrécissement du canal rachidien par subluxation - "" Région lombaire """,true,false,true,false,false,0,codable,OWL_ANS,emissible,1466
M99.24,XIII,XIII/M99.24.md,"Rétrécissement du canal rachidien par subluxation - "" Région sacrée """,true,false,true,false,false,0,codable,OWL_ANS,emissible,1484
M99.25,XIII,XIII/M99.25.md,"Rétrécissement du canal rachidien par subluxation - "" Région pelvienne """,true,false,true,false,false,,inconnu_atih,OWL_ANS,emissible,1454
M99.26,XIII,XIII/M99.26.md,"Rétrécissement du canal rachidien par subluxation - "" Membre inférieur """,false,false,true,false,false,,inconnu_atih,OWL_ANS,emissible,1386
M99.27,XIII,XIII/M99.27.md,"Rétrécissement du canal rachidien par subluxation - "" Membre supérieur """,true,false,true,false,false,,inconnu_atih,OWL_ANS,emissible,1480
M99.28,XIII,XIII/M99.28.md,"Rétrécissement du canal rachidien par subluxation - "" Cage thoracique """,true,false,true,false,false,,inconnu_atih,OWL_ANS,emissible,1488
M99.29,XIII,XIII/M99.29.md,"Rétrécissement du canal rachidien par subluxation - "" Abdomen et autre """,false,false,true,false,false,,inconnu_atih,OWL_ANS,emissible,1386
M99.3,XIII,XIII/M99.3.md,Rétrécissement osseux du canal rachidien,false,false,true,false,false,0,codable,OWL_ANS,emissible,1367
M99.30,XIII,XIII/M99.30.md,"Rétrécissement osseux du canal rachidien - "" Tête """,true,false,true,false,false,0,codable,OWL_ANS,emissible,1459
M99.31,XIII,XIII/M99.31.md,"Rétrécissement osseux du canal rachidien - "" Région cervicale """,true,false,true,false,false,0,codable,OWL_ANS,emissible,1464
M99.32,XIII,XIII/M99.32.md,"Rétrécissement osseux du canal rachidien - "" Région thoracique """,true,false,true,false,false,0,codable,OWL_ANS,emissible,1463
M99.33,XIII,XIII/M99.33.md,"Rétrécissement osseux du canal rachidien - "" Région lombaire """,true,false,true,false,false,0,codable,OWL_ANS,emissible,1457
M99.34,XIII,XIII/M99.34.md,"Rétrécissement osseux du canal rachidien - "" Région sacrée """,true,false,true,false,false,0,codable,OWL_ANS,emissible,1475
M99.35,XIII,XIII/M99.35.md,"Rétrécissement osseux du canal rachidien - "" Région pelvienne """,true,false,true,false,false,,inconnu_atih,OWL_ANS,emissible,1445
M99.36,XIII,XIII/M99.36.md,"Rétrécissement osseux du canal rachidien - "" Membre inférieur """,false,false,true,false,false,,inconnu_atih,OWL_ANS,emissible,1377
M99.37,XIII,XIII/M99.37.md,"Rétrécissement osseux du canal rachidien - "" Membre supérieur """,true,false,true,false,false,,inconnu_atih,OWL_ANS,emissible,1471
M99.38,XIII,XIII/M99.38.md,"Rétrécissement osseux du canal rachidien - "" Cage thoracique """,true,false,true,false,false,,inconnu_atih,OWL_ANS,emissible,1479
M99.39,XIII,XIII/M99.39.md,"Rétrécissement osseux du canal rachidien - "" Abdomen et autre """,false,false,true,false,false,,inconnu_atih,OWL_ANS,emissible,1377
M99.4,XIII,XIII/M99.4.md,Rétrécissement du canal rachidien par tissu conjonctif,false,false,true,false,false,0,codable,OWL_ANS,emissible,1381
M99.40,XIII,XIII/M99.40.md,"Rétrécissement du canal rachidien par tissu conjonctif - "" Tête """,true,false,true,false,false,0,codable,OWL_ANS,emissible,1473
M99.41,XIII,XIII/M99.41.md,"Rétrécissement du canal rachidien par tissu conjonctif - "" Région cervicale """,true,false,true,false,false,0,codable,OWL_ANS,emissible,1478
M99.42,XIII,XIII/M99.42.md,"Rétrécissement du canal rachidien par tissu conjonctif - "" Région thoracique """,true,false,true,false,false,0,codable,OWL_ANS,emissible,1477
M99.43,XIII,XIII/M99.43.md,"Rétrécissement du canal rachidien par tissu conjonctif - "" Région lombaire """,true,false,true,false,false,0,codable,OWL_ANS,emissible,1471
M99.44,XIII,XIII/M99.44.md,"Rétrécissement du canal rachidien par tissu conjonctif - "" Région sacrée """,true,false,true,false,false,0,codable,OWL_ANS,emissible,1489
M99.45,XIII,XIII/M99.45.md,"Rétrécissement du canal rachidien par tissu conjonctif - "" Région pelvienne """,true,false,true,false,false,,inconnu_atih,OWL_ANS,emissible,1459
M99.46,XIII,XIII/M99.46.md,"Rétrécissement du canal rachidien par tissu conjonctif - "" Membre inférieur """,false,false,true,false,false,,inconnu_atih,OWL_ANS,emissible,1391
M99.47,XIII,XIII/M99.47.md,"Rétrécissement du canal rachidien par tissu conjonctif - "" Membre supérieur """,true,false,true,false,false,,inconnu_atih,OWL_ANS,emissible,1485
M99.48,XIII,XIII/M99.48.md,"Rétrécissement du canal rachidien par tissu conjonctif - "" Cage thoracique """,true,false,true,false,false,,inconnu_atih,OWL_ANS,emissible,1493
M99.49,XIII,XIII/M99.49.md,"Rétrécissement du canal rachidien par tissu conjonctif - "" Abdomen et autre """,false,false,true,false,false,3,supprime,OWL_ANS,emissible,1399
M99.5,XIII,XIII/M99.5.md,Rétrécissement du canal rachidien par lésion discale,false,false,true,false,false,0,codable,OWL_ANS,emissible,1379
M99.50,XIII,XIII/M99.50.md,"Rétrécissement du canal rachidien par lésion discale - "" Tête """,true,false,true,false,false,3,supprime,OWL_ANS,emissible,1464
M99.51,XIII,XIII/M99.51.md,"Rétrécissement du canal rachidien par lésion discale - "" Région cervicale """,true,false,true,false,false,0,codable,OWL_ANS,emissible,1476
M99.52,XIII,XIII/M99.52.md,"Rétrécissement du canal rachidien par lésion discale - "" Région thoracique """,true,false,true,false,false,0,codable,OWL_ANS,emissible,1475
M99.53,XIII,XIII/M99.53.md,"Rétrécissement du canal rachidien par lésion discale - "" Région lombaire """,true,false,true,false,false,0,codable,OWL_ANS,emissible,1469
M99.54,XIII,XIII/M99.54.md,"Rétrécissement du canal rachidien par lésion discale - "" Région sacrée """,true,false,true,false,false,3,supprime,OWL_ANS,emissible,1480
M99.55,XIII,XIII/M99.55.md,"Rétrécissement du canal rachidien par lésion discale - "" Région pelvienne """,true,false,true,false,false,,inconnu_atih,OWL_ANS,emissible,1457
M99.56,XIII,XIII/M99.56.md,"Rétrécissement du canal rachidien par lésion discale - "" Membre inférieur """,false,false,true,false,false,,inconnu_atih,OWL_ANS,emissible,1389
M99.57,XIII,XIII/M99.57.md,"Rétrécissement du canal rachidien par lésion discale - "" Membre supérieur """,true,false,true,false,false,,inconnu_atih,OWL_ANS,emissible,1483
M99.58,XIII,XIII/M99.58.md,"Rétrécissement du canal rachidien par lésion discale - "" Cage thoracique """,true,false,true,false,false,,inconnu_atih,OWL_ANS,emissible,1491
M99.59,XIII,XIII/M99.59.md,"Rétrécissement du canal rachidien par lésion discale - "" Abdomen et autre """,false,false,true,false,false,,inconnu_atih,OWL_ANS,emissible,1389
M99.6,XIII,XIII/M99.6.md,Rétrécissement des espaces intervertébraux par ossification et subluxation,false,false,true,false,false,0,codable,OWL_ANS,emissible,1401
M99.60,XIII,XIII/M99.60.md,"Rétrécissement des espaces intervertébraux par ossification et subluxation - "" Tête """,true,false,true,false,false,0,codable,OWL_ANS,emissible,1493
M99.61,XIII,XIII/M99.61.md,"Rétrécissement des espaces intervertébraux par ossification et subluxation - "" Région cervicale """,true,false,true,false,false,0,codable,OWL_ANS,emissible,1498
M99.62,XIII,XIII/M99.62.md,"Rétrécissement des espaces intervertébraux par ossification et subluxation - "" Région thoracique """,true,false,true,false,false,0,codable,OWL_ANS,emissible,1497
M99.63,XIII,XIII/M99.63.md,"Rétrécissement des espaces intervertébraux par ossification et subluxation - "" Région lombaire """,true,false,true,false,false,0,codable,OWL_ANS,emissible,1491
M99.64,XIII,XIII/M99.64.md,"Rétrécissement des espaces intervertébraux par ossification et subluxation - "" Région sacrée """,true,false,true,false,false,3,supprime,OWL_ANS,emissible,1502
M99.65,XIII,XIII/M99.65.md,"Rétrécissement des espaces intervertébraux par ossification et subluxation - "" Région pelvienne """,true,false,true,false,false,,inconnu_atih,OWL_ANS,emissible,1479
M99.66,XIII,XIII/M99.66.md,"Rétrécissement des espaces intervertébraux par ossification et subluxation - "" Membre inférieur """,false,false,true,false,false,,inconnu_atih,OWL_ANS,emissible,1411
M99.67,XIII,XIII/M99.67.md,"Rétrécissement des espaces intervertébraux par ossification et subluxation - "" Membre supérieur """,true,false,true,false,false,,inconnu_atih,OWL_ANS,emissible,1505
M99.68,XIII,XIII/M99.68.md,"Rétrécissement des espaces intervertébraux par ossification et subluxation - "" Cage thoracique """,true,false,true,false,false,,inconnu_atih,OWL_ANS,emissible,1513
M99.69,XIII,XIII/M99.69.md,"Rétrécissement des espaces intervertébraux par ossification et subluxation - "" Abdomen et autre """,false,false,true,false,false,3,supprime,OWL_ANS,emissible,1419
M99.7,XIII,XIII/M99.7.md,Rétrécissement des espaces intervertébraux par tissu conjonctif et discal,false,false,true,false,false,0,codable,OWL_ANS,emissible,1400
M99.70,XIII,XIII/M99.70.md,"Rétrécissement des espaces intervertébraux par tissu conjonctif et discal - "" Tête """,true,false,true,false,false,3,supprime,OWL_ANS,emissible,1485
M99.71,XIII,XIII/M99.71.md,"Rétrécissement des espaces intervertébraux par tissu conjonctif et discal - "" Région cervicale """,true,false,true,false,false,0,codable,OWL_ANS,emissible,1497
M99.72,XIII,XIII/M99.72.md,"Rétrécissement des espaces intervertébraux par tissu conjonctif et discal - "" Région thoracique """,true,false,true,false,false,0,codable,OWL_ANS,emissible,1496
M99.73,XIII,XIII/M99.73.md,"Rétrécissement des espaces intervertébraux par tissu conjonctif et discal - "" Région lombaire """,true,false,true,false,false,0,codable,OWL_ANS,emissible,1490
M99.74,XIII,XIII/M99.74.md,"Rétrécissement des espaces intervertébraux par tissu conjonctif et discal - "" Région sacrée """,true,false,true,false,false,3,supprime,OWL_ANS,emissible,1501
M99.75,XIII,XIII/M99.75.md,"Rétrécissement des espaces intervertébraux par tissu conjonctif et discal - "" Région pelvienne """,true,false,true,false,false,,inconnu_atih,OWL_ANS,emissible,1478
M99.76,XIII,XIII/M99.76.md,"Rétrécissement des espaces intervertébraux par tissu conjonctif et discal - "" Membre inférieur """,false,false,true,false,false,,inconnu_atih,OWL_ANS,emissible,1410
M99.77,XIII,XIII/M99.77.md,"Rétrécissement des espaces intervertébraux par tissu conjonctif et discal - "" Membre supérieur """,true,false,true,false,false,,inconnu_atih,OWL_ANS,emissible,1504
M99.78,XIII,XIII/M99.78.md,"Rétrécissement des espaces intervertébraux par tissu conjonctif et discal - "" Cage thoracique """,true,false,true,false,false,,inconnu_atih,OWL_ANS,emissible,1512
M99.79,XIII,XIII/M99.79.md,"Rétrécissement des espaces intervertébraux par tissu conjonctif et discal - "" Abdomen et autre """,false,false,true,false,false,,inconnu_atih,OWL_ANS,emissible,1410
M99.8,XIII,XIII/M99.8.md,Autres lésions biomécaniques,false,false,true,false,false,0,codable,OWL_ANS,emissible,1917
M99.80,XIII,XIII/M99.80.md,"Autres lésions biomécaniques - "" Tête """,true,false,true,false,false,0,codable,OWL_ANS,emissible,1447
M99.81,XIII,XIII/M99.81.md,"Autres lésions biomécaniques - "" Région cervicale """,true,false,true,false,false,0,codable,OWL_ANS,emissible,1452
M99.82,XIII,XIII/M99.82.md,"Autres lésions biomécaniques - "" Région thoracique """,true,false,true,false,false,0,codable,OWL_ANS,emissible,1451
M99.83,XIII,XIII/M99.83.md,"Autres lésions biomécaniques - "" Région lombaire """,true,false,true,false,false,0,codable,OWL_ANS,emissible,1445
M99.84,XIII,XIII/M99.84.md,"Autres lésions biomécaniques - "" Région sacrée """,true,false,true,false,false,0,codable,OWL_ANS,emissible,1463
M99.85,XIII,XIII/M99.85.md,"Autres lésions biomécaniques - "" Région pelvienne """,true,false,true,false,false,0,codable,OWL_ANS,emissible,1448
M99.86,XIII,XIII/M99.86.md,"Autres lésions biomécaniques - "" Membre inférieur """,false,false,true,false,false,0,codable,OWL_ANS,emissible,1380
M99.87,XIII,XIII/M99.87.md,"Autres lésions biomécaniques - "" Membre supérieur """,true,false,true,false,false,0,codable,OWL_ANS,emissible,1474
M99.88,XIII,XIII/M99.88.md,"Autres lésions biomécaniques - "" Cage thoracique """,true,false,true,false,false,0,codable,OWL_ANS,emissible,1482
M99.89,XIII,XIII/M99.89.md,"Autres lésions biomécaniques - "" Abdomen et autre """,false,false,true,false,false,0,codable,OWL_ANS,emissible,1380
M99.9,XIII,XIII/M99.9.md,"Lésion biomécanique, sans précision",false,false,true,false,false,0,codable,OWL_ANS,emissible,1362
M99.90,XIII,XIII/M99.90.md,"Lésion biomécanique, sans précision - "" Tête """,true,false,true,false,false,0,codable,OWL_ANS,emissible,1454
M99.91,XIII,XIII/M99.91.md,"Lésion biomécanique, sans précision - "" Région cervicale """,true,false,true,false,false,0,codable,OWL_ANS,emissible,1459
M99.92,XIII,XIII/M99.92.md,"Lésion biomécanique, sans précision - "" Région thoracique """,true,false,true,false,false,0,codable,OWL_ANS,emissible,1458
M99.93,XIII,XIII/M99.93.md,"Lésion biomécanique, sans précision - "" Région lombaire """,true,false,true,false,false,0,codable,OWL_ANS,emissible,1452
M99.94,XIII,XIII/M99.94.md,"Lésion biomécanique, sans précision - "" Région sacrée """,true,false,true,false,false,0,codable,OWL_ANS,emissible,1470
M99.95,XIII,XIII/M99.95.md,"Lésion biomécanique, sans précision - "" Région pelvienne """,true,false,true,false,false,0,codable,OWL_ANS,emissible,1455
M99.96,XIII,XIII/M99.96.md,"Lésion biomécanique, sans précision - "" Membre inférieur """,false,false,true,false,false,0,codable,OWL_ANS,emissible,1387
M99.97,XIII,XIII/M99.97.md,"Lésion biomécanique, sans précision - "" Membre supérieur """,true,false,true,false,false,0,codable,OWL_ANS,emissible,1481
M99.98,XIII,XIII/M99.98.md,"Lésion biomécanique, sans précision - "" Cage thoracique """,true,false,true,false,false,0,codable,OWL_ANS,emissible,1489
M99.99,XIII,XIII/M99.99.md,"Lésion biomécanique, sans précision - "" Abdomen et autre """,false,false,true,false,false,0,codable,OWL_ANS,emissible,1387
N00.0,XIV,XIV/N00.0.md,"Syndrome néphritique aigu - "" Anomalies glomérulaires mineures """,true,false,true,false,false,0,codable,OWL_ANS,emissible,1957
N00.1,XIV,XIV/N00.1.md,"Syndrome néphritique aigu - "" Lésions glomérulaires segmentaires et focales """,true,false,true,false,false,0,codable,OWL_ANS,emissible,2046
N00.2,XIV,XIV/N00.2.md,"Syndrome néphritique aigu - "" Glomérulonéphrite membraneuse diffuse """,true,false,true,false,false,0,codable,OWL_ANS,emissible,1923
N00.3,XIV,XIV/N00.3.md,"Syndrome néphritique aigu - "" Glomérulonéphrite proliférative mésangiale diffuse """,true,false,true,false,false,0,codable,OWL_ANS,emissible,1936
N00.4,XIV,XIV/N00.4.md,"Syndrome néphritique aigu - "" Glomérulonéphrite proliférative endocapillaire diffuse """,true,false,true,false,true,0,codable,OWL_ANS,emissible,2055
N00.5,XIV,XIV/N00.5.md,"Syndrome néphritique aigu - "" Glomérulonéphrite mésangiocapillaire diffuse """,true,false,true,false,false,0,codable,OWL_ANS,emissible,2016
N00.6,XIV,XIV/N00.6.md,"Syndrome néphritique aigu - "" Maladie à dépôt dense """,true,false,true,false,false,0,codable,OWL_ANS,emissible,1979
N00.7,XIV,XIV/N00.7.md,"Syndrome néphritique aigu - "" Glomérulonéphrite diffuse en croissant """,true,false,true,false,false,0,codable,OWL_ANS,emissible,1981
N00.8,XIV,XIV/N00.8.md,"Syndrome néphritique aigu - "" Autres """,true,false,true,false,false,0,codable,OWL_ANS,emissible,2673
N00.9,XIV,XIV/N00.9.md,"Syndrome néphritique aigu - "" Sans précision """,true,false,true,false,true,0,codable,OWL_ANS,emissible,2544
N01.0,XIV,XIV/N01.0.md,"Syndrome néphritique d'évolution rapide - "" Anomalies glomérulaires mineures """,true,false,true,false,false,0,codable,OWL_ANS,emissible,1912
N01.1,XIV,XIV/N01.1.md,"Syndrome néphritique d'évolution rapide - "" Lésions glomérulaires segmentaires et focales """,true,false,true,false,false,0,codable,OWL_ANS,emissible,2001
N01.2,XIV,XIV/N01.2.md,"Syndrome néphritique d'évolution rapide - "" Glomérulonéphrite membraneuse diffuse """,true,false,true,false,false,0,codable,OWL_ANS,emissible,1878
N01.3,XIV,XIV/N01.3.md,"Syndrome néphritique d'évolution rapide - "" Glomérulonéphrite proliférative mésangiale diffuse """,true,false,true,false,false,0,codable,OWL_ANS,emissible,1891
N01.4,XIV,XIV/N01.4.md,"Syndrome néphritique d'évolution rapide - "" Glomérulonéphrite proliférative endocapillaire diffuse """,true,false,true,false,false,0,codable,OWL_ANS,emissible,1895
N01.5,XIV,XIV/N01.5.md,"Syndrome néphritique d'évolution rapide - "" Glomérulonéphrite mésangiocapillaire diffuse """,true,false,true,false,false,0,codable,OWL_ANS,emissible,1971
N01.6,XIV,XIV/N01.6.md,"Syndrome néphritique d'évolution rapide - "" Maladie à dépôt dense """,true,false,true,false,false,0,codable,OWL_ANS,emissible,1934
N01.7,XIV,XIV/N01.7.md,"Syndrome néphritique d'évolution rapide - "" Glomérulonéphrite diffuse en croissant """,true,false,true,false,true,0,codable,OWL_ANS,emissible,2207
N01.70,XIV,XIV/N01.70.md,"Syndrome néphritique d’évolution rapide avec glomérulonéphrite diffuse en croissant, avec dépôts d’immunoglobuline A [IgA]",true,false,true,false,true,0,codable,OWL_ANS,emissible,2080
N01.79,XIV,XIV/N01.79.md,"Syndromes néphritiques d’évolution rapide avec glomérulonéphrite diffuse en croissant, autres et sans précision",true,false,true,false,false,0,codable,OWL_ANS,emissible,1946
N01.8,XIV,XIV/N01.8.md,"Syndrome néphritique d'évolution rapide - "" Autres """,true,false,true,false,false,0,codable,OWL_ANS,emissible,2740
N01.9,XIV,XIV/N01.9.md,"Syndrome néphritique d'évolution rapide - "" Sans précision """,true,false,true,false,true,0,codable,OWL_ANS,emissible,2491
N02.0,XIV,XIV/N02.0.md,"Hématurie récidivante et persistante - "" Anomalies glomérulaires mineures """,true,false,true,false,false,0,codable,OWL_ANS,emissible,1930
N02.00,XIV,XIV/N02.00.md,"Hématurie récidivante et persistante avec anomalies glomérulaires mineures, avec dépôts d’immunoglobuline A [IgA]",true,false,true,false,false,0,codable,OWL_ANS,emissible,1951
N02.09,XIV,XIV/N02.09.md,"Hématuries récidivantes et persistantes avec anomalies glomérulaires mineures, autres et sans précision",true,false,true,false,false,0,codable,OWL_ANS,emissible,1941
N02.1,XIV,XIV/N02.1.md,"Hématurie récidivante et persistante - "" Lésions glomérulaires segmentaires et focales """,true,false,true,false,false,0,codable,OWL_ANS,emissible,2019
N02.10,XIV,XIV/N02.10.md,"Hématurie récidivante et persistante avec anomalies glomérulaires segmentaires et focales, avec dépôts d’immunoglobuline A [IgA]",true,false,true,false,false,0,codable,OWL_ANS,emissible,2040
N02.19,XIV,XIV/N02.19.md,"Hématuries récidivantes et persistantes avec anomalies glomérulaires segmentaires et focales, autres et sans précision",true,false,true,false,false,0,codable,OWL_ANS,emissible,2030
N02.2,XIV,XIV/N02.2.md,"Hématurie récidivante et persistante - "" Glomérulonéphrite membraneuse diffuse """,true,false,true,false,false,0,codable,OWL_ANS,emissible,1896
N02.3,XIV,XIV/N02.3.md,"Hématurie récidivante et persistante - "" Glomérulonéphrite proliférative mésangiale diffuse """,true,false,true,false,false,0,codable,OWL_ANS,emissible,1909
N02.4,XIV,XIV/N02.4.md,"Hématurie récidivante et persistante - "" Glomérulonéphrite proliférative endocapillaire diffuse """,true,false,true,false,false,0,codable,OWL_ANS,emissible,1913
N02.5,XIV,XIV/N02.5.md,"Hématurie récidivante et persistante - "" Glomérulonéphrite mésangiocapillaire diffuse """,true,false,true,false,true,0,codable,OWL_ANS,emissible,2070
N02.6,XIV,XIV/N02.6.md,"Hématurie récidivante et persistante - "" Maladie à dépôt dense """,true,false,true,false,true,0,codable,OWL_ANS,emissible,2009
N02.7,XIV,XIV/N02.7.md,"Hématurie récidivante et persistante - "" Glomérulonéphrite diffuse en croissant """,true,false,true,false,true,0,codable,OWL_ANS,emissible,2035
N02.8,XIV,XIV/N02.8.md,"Hématurie récidivante et persistante - "" Autres """,true,false,true,false,false,0,codable,OWL_ANS,emissible,2734
N02.9,XIV,XIV/N02.9.md,"Hématurie récidivante et persistante - "" Sans précision """,true,false,true,false,true,0,codable,OWL_ANS,emissible,2746
N03.0,XIV,XIV/N03.0.md,"Syndrome néphritique chronique - "" Anomalies glomérulaires mineures """,true,false,true,false,false,0,codable,OWL_ANS,emissible,2024
N03.1,XIV,XIV/N03.1.md,"Syndrome néphritique chronique - "" Lésions glomérulaires segmentaires et focales """,true,false,true,false,true,0,codable,OWL_ANS,emissible,2316
N03.10,XIV,XIV/N03.10.md,"Syndrome néphritique chronique avec lésions glomérulaires segmentaires et focales, avec dépôts d’immunoglobuline A [IgA]",true,false,true,false,true,0,codable,OWL_ANS,emissible,2248
N03.19,XIV,XIV/N03.19.md,"Syndromes néphritiques chroniques avec lésions glomérulaires segmentaires et focales, autres et sans précision",true,false,true,false,false,0,codable,OWL_ANS,emissible,2122
N03.2,XIV,XIV/N03.2.md,"Syndrome néphritique chronique - "" Glomérulonéphrite membraneuse diffuse """,true,false,true,false,true,0,codable,OWL_ANS,emissible,2155
N03.3,XIV,XIV/N03.3.md,"Syndrome néphritique chronique - "" Glomérulonéphrite proliférative mésangiale diffuse """,true,false,true,false,false,0,codable,OWL_ANS,emissible,2003
N03.30,XIV,XIV/N03.30.md,"Syndrome néphritique chronique avec glomérulonéphrite proliférative mésangiale diffuse, avec dépôts d’immunoglobuline A [IgA]",true,false,true,false,true,0,codable,OWL_ANS,emissible,2165
N03.39,XIV,XIV/N03.39.md,"Syndromes néphritiques chroniques avec glomérulonéphrite proliférative mésangiale diffuse, autres et sans précision",true,false,true,false,false,0,codable,OWL_ANS,emissible,2033
N03.4,XIV,XIV/N03.4.md,"Syndrome néphritique chronique - "" Glomérulonéphrite proliférative endocapillaire diffuse """,true,false,true,false,true,0,codable,OWL_ANS,emissible,2127
N03.5,XIV,XIV/N03.5.md,"Syndrome néphritique chronique - "" Glomérulonéphrite mésangiocapillaire diffuse """,true,false,true,false,false,0,codable,OWL_ANS,emissible,2083
N03.6,XIV,XIV/N03.6.md,"Syndrome néphritique chronique - "" Maladie à dépôt dense """,true,false,true,false,false,0,codable,OWL_ANS,emissible,2046
N03.7,XIV,XIV/N03.7.md,"Syndrome néphritique chronique - "" Glomérulonéphrite diffuse en croissant """,true,false,true,false,true,0,codable,OWL_ANS,emissible,2326
N03.8,XIV,XIV/N03.8.md,"Syndrome néphritique chronique - "" Autres """,true,false,true,false,true,0,codable,OWL_ANS,emissible,2852
N03.80,XIV,XIV/N03.80.md,"Syndrome néphritique chronique avec autres lésions, avec dépôts d’immunoglobuline A [IgA]",true,false,true,false,true,0,codable,OWL_ANS,emissible,2160
N03.89,XIV,XIV/N03.89.md,"Syndromes néphritiques chroniques avec autres lésions, autres et sans précision",true,false,true,false,false,0,codable,OWL_ANS,emissible,2037
N03.9,XIV,XIV/N03.9.md,"Syndrome néphritique chronique - "" Sans précision """,true,false,true,false,true,0,codable,OWL_ANS,emissible,2884
N04.0,XIV,XIV/N04.0.md,"Syndrome néphrotique - "" Anomalies glomérulaires mineures """,true,false,true,false,true,0,codable,OWL_ANS,emissible,1832
N04.00,XIV,XIV/N04.00.md,"Syndrome néphrotique avec anomalies glomérulaires mineures, avec dépôts d’immunoglobuline A [IgA]",true,false,true,false,true,0,codable,OWL_ANS,emissible,1827
N04.09,XIV,XIV/N04.09.md,"Syndrome néphrotique avec anomalies glomérulaires mineures, autre et sans précision",true,false,true,false,false,0,codable,OWL_ANS,emissible,1698
N04.1,XIV,XIV/N04.1.md,"Syndrome néphrotique - "" Lésions glomérulaires segmentaires et focales """,true,false,true,false,true,0,codable,OWL_ANS,emissible,1880
N04.2,XIV,XIV/N04.2.md,"Syndrome néphrotique - "" Glomérulonéphrite membraneuse diffuse """,true,false,true,false,true,0,codable,OWL_ANS,emissible,1761
N04.3,XIV,XIV/N04.3.md,"Syndrome néphrotique - "" Glomérulonéphrite proliférative mésangiale diffuse """,true,false,true,false,false,0,codable,OWL_ANS,emissible,1670
N04.4,XIV,XIV/N04.4.md,"Syndrome néphrotique - "" Glomérulonéphrite proliférative endocapillaire diffuse """,true,false,true,false,false,0,codable,OWL_ANS,emissible,1674
N04.5,XIV,XIV/N04.5.md,"Syndrome néphrotique - "" Glomérulonéphrite mésangiocapillaire diffuse """,true,false,true,false,false,0,codable,OWL_ANS,emissible,1750
N04.6,XIV,XIV/N04.6.md,"Syndrome néphrotique - "" Maladie à dépôt dense """,true,false,true,false,false,0,codable,OWL_ANS,emissible,1713
N04.7,XIV,XIV/N04.7.md,"Syndrome néphrotique - "" Glomérulonéphrite diffuse en croissant """,true,false,true,false,false,0,codable,OWL_ANS,emissible,1715
N04.8,XIV,XIV/N04.8.md,"Syndrome néphrotique - "" Autres """,true,false,true,false,true,0,codable,OWL_ANS,emissible,2470
N04.9,XIV,XIV/N04.9.md,"Syndrome néphrotique - "" Sans précision """,true,false,true,false,true,0,codable,OWL_ANS,emissible,2504
N05.0,XIV,XIV/N05.0.md,"Syndrome néphritique, sans précision - "" Anomalies glomérulaires mineures """,true,false,true,false,false,0,codable,OWL_ANS,emissible,2161
N05.1,XIV,XIV/N05.1.md,"Syndrome néphritique, sans précision - "" Lésions glomérulaires segmentaires et focales """,true,false,true,false,true,0,codable,OWL_ANS,emissible,2519
N05.2,XIV,XIV/N05.2.md,"Syndrome néphritique, sans précision - "" Glomérulonéphrite membraneuse diffuse """,true,false,true,false,true,0,codable,OWL_ANS,emissible,2323
N05.3,XIV,XIV/N05.3.md,"Syndrome néphritique, sans précision - "" Glomérulonéphrite proliférative mésangiale diffuse """,true,false,true,false,true,0,codable,OWL_ANS,emissible,2204
N05.4,XIV,XIV/N05.4.md,"Syndrome néphritique, sans précision - "" Glomérulonéphrite proliférative endocapillaire diffuse """,true,false,true,false,true,0,codable,OWL_ANS,emissible,2220
N05.5,XIV,XIV/N05.5.md,"Syndrome néphritique, sans précision - "" Glomérulonéphrite mésangiocapillaire diffuse """,true,false,true,false,true,0,codable,OWL_ANS,emissible,2500
N05.6,XIV,XIV/N05.6.md,"Syndrome néphritique, sans précision - "" Maladie à dépôt dense """,true,false,true,false,true,0,codable,OWL_ANS,emissible,2301
N05.7,XIV,XIV/N05.7.md,"Syndrome néphritique, sans précision - "" Glomérulonéphrite diffuse en croissant """,true,false,true,false,true,0,codable,OWL_ANS,emissible,2615
N05.8,XIV,XIV/N05.8.md,"Syndrome néphritique, sans précision - "" Autres """,true,false,true,false,true,0,codable,OWL_ANS,emissible,3230
N05.9,XIV,XIV/N05.9.md,"Syndrome néphritique, sans précision - "" Sans précision """,true,false,true,false,true,0,codable,OWL_ANS,emissible,2932
N06.0,XIV,XIV/N06.0.md,"Protéinurie isolée avec lésions morphologiques précisées - "" Anomalies glomérulaires mineures """,true,false,true,false,false,0,codable,OWL_ANS,emissible,1954
N06.1,XIV,XIV/N06.1.md,"Protéinurie isolée avec lésions morphologiques précisées - "" Lésions glomérulaires segmentaires et focales """,true,false,true,false,false,0,codable,OWL_ANS,emissible,2043
N06.2,XIV,XIV/N06.2.md,"Protéinurie isolée avec lésions morphologiques précisées - "" Glomérulonéphrite membraneuse diffuse """,true,false,true,false,false,0,codable,OWL_ANS,emissible,1920
N06.3,XIV,XIV/N06.3.md,"Protéinurie isolée avec lésions morphologiques précisées - "" Glomérulonéphrite proliférative mésangiale diffuse """,true,false,true,false,false,0,codable,OWL_ANS,emissible,1933
N06.4,XIV,XIV/N06.4.md,"Protéinurie isolée avec lésions morphologiques précisées - "" Glomérulonéphrite proliférative endocapillaire diffuse """,true,false,true,false,false,0,codable,OWL_ANS,emissible,1937
N06.5,XIV,XIV/N06.5.md,"Protéinurie isolée avec lésions morphologiques précisées - "" Glomérulonéphrite mésangiocapillaire diffuse """,true,false,true,false,false,0,codable,OWL_ANS,emissible,2013
N06.6,XIV,XIV/N06.6.md,"Protéinurie isolée avec lésions morphologiques précisées - "" Maladie à dépôt dense """,true,false,true,false,false,0,codable,OWL_ANS,emissible,1976
N06.7,XIV,XIV/N06.7.md,"Protéinurie isolée avec lésions morphologiques précisées - "" Glomérulonéphrite diffuse en croissant """,true,false,true,false,false,0,codable,OWL_ANS,emissible,1978
N06.8,XIV,XIV/N06.8.md,"Protéinurie isolée avec lésions morphologiques précisées - "" Autres """,true,false,true,false,false,0,codable,OWL_ANS,emissible,2918
N06.9,XIV,XIV/N06.9.md,"Protéinurie isolée avec lésions morphologiques précisées - "" Sans précision """,true,false,true,false,true,,inconnu_atih,OWL_ANS,emissible,2438
N07.0,XIV,XIV/N07.0.md,"Néphropathie héréditaire, non classée ailleurs - "" Anomalies glomérulaires mineures """,true,false,true,false,false,0,codable,OWL_ANS,emissible,1777
N07.1,XIV,XIV/N07.1.md,"Néphropathie héréditaire, non classée ailleurs - "" Lésions glomérulaires segmentaires et focales """,true,false,true,false,false,0,codable,OWL_ANS,emissible,1866
N07.2,XIV,XIV/N07.2.md,"Néphropathie héréditaire, non classée ailleurs - "" Glomérulonéphrite membraneuse diffuse """,false,false,true,false,false,0,codable,OWL_ANS,emissible,1712
N07.3,XIV,XIV/N07.3.md,"Néphropathie héréditaire, non classée ailleurs - "" Glomérulonéphrite proliférative mésangiale diffuse """,false,false,true,false,false,0,codable,OWL_ANS,emissible,1725
N07.4,XIV,XIV/N07.4.md,"Néphropathie héréditaire, non classée ailleurs - "" Glomérulonéphrite proliférative endocapillaire diffuse """,false,false,true,false,false,0,codable,OWL_ANS,emissible,1729
N07.5,XIV,XIV/N07.5.md,"Néphropathie héréditaire, non classée ailleurs - "" Glomérulonéphrite mésangiocapillaire diffuse """,true,false,true,false,false,0,codable,OWL_ANS,emissible,1836
N07.6,XIV,XIV/N07.6.md,"Néphropathie héréditaire, non classée ailleurs - "" Maladie à dépôt dense """,true,false,true,false,false,0,codable,OWL_ANS,emissible,1799
N07.7,XIV,XIV/N07.7.md,"Néphropathie héréditaire, non classée ailleurs - "" Glomérulonéphrite diffuse en croissant """,true,false,true,false,false,0,codable,OWL_ANS,emissible,1801
N07.8,XIV,XIV/N07.8.md,"Néphropathie héréditaire, non classée ailleurs - "" Autres """,true,false,true,false,true,0,codable,OWL_ANS,emissible,2981
N07.9,XIV,XIV/N07.9.md,"Néphropathie héréditaire, non classée ailleurs - "" Sans précision """,true,false,true,false,true,0,codable,OWL_ANS,emissible,2334
N08.0,XIV,XIV/N08.0.md,Glomérulopathie au cours de maladies infectieuses et parasitaires classées ailleurs,true,false,true,false,true,0,codable,OWL_ANS,emissible,1889
N08.1,XIV,XIV/N08.1.md,Glomérulopathie au cours de maladies tumorales,true,false,true,false,true,0,codable,OWL_ANS,emissible,1739
N08.2,XIV,XIV/N08.2.md,Glomérulopathie au cours de maladies du sang et des anomalies du système immunitaire,true,false,true,false,true,0,codable,OWL_ANS,emissible,1931
N08.3,XIV,XIV/N08.3.md,Glomérulopathie au cours du diabète sucré ( avec le quatrième caractère .2),true,false,true,false,true,0,codable,OWL_ANS,emissible,1638
N08.4,XIV,XIV/N08.4.md,"Glomérulopathie au cours d'autres maladies endocriniennes, nutritionnelles et métaboliques",true,false,true,false,true,0,codable,OWL_ANS,emissible,1835
N08.5,XIV,XIV/N08.5.md,Glomérulopathie au cours d'affections disséminées du tissu conjonctif,true,false,true,false,true,0,codable,OWL_ANS,emissible,1989
N08.8,XIV,XIV/N08.8.md,Glomérulopathie au cours d'autres maladies classées ailleurs,true,false,true,false,true,0,codable,OWL_ANS,emissible,2250
N10,XIV,XIV/N10.md,Néphrite tubulo-interstitielle aigüe,true,false,true,true,true,0,codable,OWL_ANS,emissible,2235
N11.0,XIV,XIV/N11.0.md,Pyélonéphrite non obstructive chronique associée à un reflux,true,false,true,false,true,0,codable,OWL_ANS,emissible,1689
N11.1,XIV,XIV/N11.1.md,Pyélonéphrite obstructive chronique,true,false,true,false,true,0,codable,OWL_ANS,emissible,2430
N11.8,XIV,XIV/N11.8.md,Autres néphrites tubulo-interstitielles chroniques,true,false,true,false,true,0,codable,OWL_ANS,emissible,1702
N11.9,XIV,XIV/N11.9.md,"Néphrite tubulo-interstitielle chronique, sans précision",true,false,true,false,true,0,codable,OWL_ANS,emissible,1960
N12,XIV,XIV/N12.md,"Néphrite tubulo-interstitielle, non précisée comme aigüe ou chronique",true,false,true,false,true,0,codable,OWL_ANS,emissible,1711
N13.0,XIV,XIV/N13.0.md,Hydronéphrose avec obstruction de la jonction pyélo-urétérale,true,false,true,false,true,0,codable,OWL_ANS,emissible,1791
N13.1,XIV,XIV/N13.1.md,"Hydronéphrose avec rétrécissement urétéral, non classée ailleurs",true,false,true,false,true,0,codable,OWL_ANS,emissible,1541
N13.2,XIV,XIV/N13.2.md,Hydronéphrose avec obstruction calculeuse rénale et urétérale,true,false,true,false,true,0,codable,OWL_ANS,emissible,1647
N13.3,XIV,XIV/N13.3.md,"Hydronéphroses, autres et sans précision",true,false,true,false,true,0,codable,OWL_ANS,emissible,1867
N13.4,XIV,XIV/N13.4.md,Hydro-uretère,true,false,true,false,true,0,codable,OWL_ANS,emissible,1534
N13.5,XIV,XIV/N13.5.md,"Coudure et rétrécissement urétéral, sans hydronéphrose",true,false,true,false,true,0,codable,OWL_ANS,emissible,2077
N13.6,XIV,XIV/N13.6.md,Pyonéphrose,true,false,true,false,true,0,codable,OWL_ANS,emissible,2175
N13.7,XIV,XIV/N13.7.md,Uropathie associée à un reflux vésico-urétéral,true,false,true,false,true,0,codable,OWL_ANS,emissible,1829
N13.8,XIV,XIV/N13.8.md,Autres uropathies obstructives et par reflux,true,false,true,false,true,0,codable,OWL_ANS,emissible,2019
N13.9,XIV,XIV/N13.9.md,"Uropathie obstructive et par reflux, sans précision",true,false,true,false,true,0,codable,OWL_ANS,emissible,1856
N14.0,XIV,XIV/N14.0.md,Néphropathie due à un analgésique,true,false,true,false,true,0,codable,OWL_ANS,emissible,1325
N14.1,XIV,XIV/N14.1.md,Néphropathie due à d'autres médicaments et substances biologiques,true,false,true,false,true,0,codable,OWL_ANS,emissible,1649
N14.2,XIV,XIV/N14.2.md,"Néphropathie due à un médicament ou une substance biologique, sans précision",true,false,true,false,true,0,codable,OWL_ANS,emissible,1637
N14.3,XIV,XIV/N14.3.md,Néphropathie due à des métaux lourds,true,false,true,false,true,0,codable,OWL_ANS,emissible,1339
N14.4,XIV,XIV/N14.4.md,"Néphropathie toxique, non classée ailleurs",true,false,true,false,true,0,codable,OWL_ANS,emissible,1622
N15.0,XIV,XIV/N15.0.md,Néphropathie des Balkans,true,false,true,false,true,0,codable,OWL_ANS,emissible,1289
N15.1,XIV,XIV/N15.1.md,Abcès rénal et périrénal,true,false,true,false,true,0,codable,OWL_ANS,emissible,1513
N15.8,XIV,XIV/N15.8.md,Autres maladies rénales tubulo-interstitielles précisées,true,false,true,false,true,0,codable,OWL_ANS,emissible,1595
N15.9,XIV,XIV/N15.9.md,"Maladie rénale tubulo-interstitielle, sans précision",true,false,true,false,true,0,codable,OWL_ANS,emissible,1689
N16.0,XIV,XIV/N16.0.md,Maladie rénale tubulo-interstitielle au cours de maladies infectieuses et parasitaires classées ailleurs,true,false,true,false,true,0,codable,OWL_ANS,emissible,1750
N16.1,XIV,XIV/N16.1.md,Maladie rénale tubulo-interstitielle au cours de maladies tumorales,true,false,true,false,true,0,codable,OWL_ANS,emissible,1515
N16.2,XIV,XIV/N16.2.md,Maladie rénale tubulo-interstitielle au cours de maladies du sang et des troubles du système immunitaire,true,false,true,false,false,0,codable,OWL_ANS,emissible,1378
N16.3,XIV,XIV/N16.3.md,Maladie rénale tubulo-interstitielle au cours de maladies métaboliques,true,false,true,false,true,0,codable,OWL_ANS,emissible,1596
N16.4,XIV,XIV/N16.4.md,Maladie rénale tubulo-interstitielle au cours d'affections disséminées du tissu conjonctif,true,false,true,false,true,0,codable,OWL_ANS,emissible,1602
N16.5,XIV,XIV/N16.5.md,Maladie rénale tubulo-interstitielle au cours d'un rejet de greffe ,true,false,true,false,false,0,codable,OWL_ANS,emissible,1184
N16.8,XIV,XIV/N16.8.md,Maladie rénale tubulo-interstitielle au cours d'autres maladies classées ailleurs,true,false,true,false,true,0,codable,OWL_ANS,emissible,2014
N17.0,XIV,XIV/N17.0.md,Insuffisance rénale aigüe avec nécrose tubulaire,true,false,true,true,true,0,codable,OWL_ANS,emissible,2795
N17.1,XIV,XIV/N17.1.md,Insuffisance rénale aigüe avec nécrose corticale aigüe,true,false,true,true,true,0,codable,OWL_ANS,emissible,2578
N17.2,XIV,XIV/N17.2.md,Insuffisance rénale aigüe avec nécrose médullaire,true,false,true,true,true,0,codable,OWL_ANS,emissible,2646
N17.8,XIV,XIV/N17.8.md,Autres insuffisances rénales aigües,true,false,true,true,true,0,codable,OWL_ANS,emissible,2814
N17.9,XIV,XIV/N17.9.md,"Insuffisance rénale aigüe, sans précision",true,false,true,true,true,0,codable,OWL_ANS,emissible,2659
N18.1,XIV,XIV/N18.1.md,"Maladie rénale chronique, stade 1",true,false,true,false,true,0,codable,OWL_ANS,emissible,1852
N18.2,XIV,XIV/N18.2.md,"Maladie rénale chronique, stade 2",true,false,true,false,true,0,codable,OWL_ANS,emissible,1868
N18.3,XIV,XIV/N18.3.md,"Maladie rénale chronique, stade 3",true,false,true,false,true,0,codable,OWL_ANS,emissible,1908
N18.4,XIV,XIV/N18.4.md,"Maladie rénale chronique, stade 4",true,false,true,false,true,0,codable,OWL_ANS,emissible,1987
N18.5,XIV,XIV/N18.5.md,"Maladie rénale chronique, stade 5",true,false,true,false,true,0,codable,OWL_ANS,emissible,2555
N18.9,XIV,XIV/N18.9.md,"Maladie rénale chronique, sans précision",true,false,true,false,true,0,codable,OWL_ANS,emissible,2124
N19,XIV,XIV/N19.md,"Défaillance rénale, sans précision",true,false,true,false,true,0,codable,OWL_ANS,emissible,1998
N20.0,XIV,XIV/N20.0.md,Calcul du rein,true,false,true,false,true,0,codable,OWL_ANS,emissible,1638
N20.1,XIV,XIV/N20.1.md,Calcul de l'uretère,true,false,true,false,true,0,codable,OWL_ANS,emissible,1542
N20.2,XIV,XIV/N20.2.md,Calcul du rein avec calcul de l'uretère,true,false,true,false,true,0,codable,OWL_ANS,emissible,1276
N20.9,XIV,XIV/N20.9.md,"Calcul urinaire, sans précision",true,false,true,false,true,0,codable,OWL_ANS,emissible,1592
N21.0,XIV,XIV/N21.0.md,Calcul de la vessie,true,false,true,false,true,0,codable,OWL_ANS,emissible,1554
N21.1,XIV,XIV/N21.1.md,Calcul de l'urètre,true,false,true,false,true,0,codable,OWL_ANS,emissible,1132
N21.8,XIV,XIV/N21.8.md,Autres calculs des voies urinaires inférieures,true,false,true,false,true,0,codable,OWL_ANS,emissible,1241
N21.9,XIV,XIV/N21.9.md,"Calcul des voies urinaires inférieures, sans précision",true,false,true,false,false,0,codable,OWL_ANS,emissible,1069
N22.0,XIV,XIV/N22.0.md,Calcul urinaire au cours de schistosomiase [bilharziose],false,false,true,false,false,0,codable,OWL_ANS,emissible,970
N22.8,XIV,XIV/N22.8.md,Calcul des voies urinaires au cours d'autres maladies classées ailleurs,false,false,true,false,true,0,codable,OWL_ANS,emissible,1254
N23,XIV,XIV/N23.md,"Colique néphrétique, sans précision",false,false,true,false,true,0,codable,OWL_ANS,emissible,1229
N25.0,XIV,XIV/N25.0.md,Ostéodystrophie rénale,true,false,true,false,true,0,codable,OWL_ANS,emissible,1606
N25.1,XIV,XIV/N25.1.md,Diabète insipide néphrogénique,false,false,true,false,true,0,codable,OWL_ANS,emissible,1236
N25.8,XIV,XIV/N25.8.md,Autres affections dues à une tubulopathie,true,false,true,false,true,0,codable,OWL_ANS,emissible,2018
N25.9,XIV,XIV/N25.9.md,"Affection due à une tubulopathie, sans précision",false,false,true,false,true,0,codable,OWL_ANS,emissible,1292
N26,XIV,XIV/N26.md,"Rein scléreux, sans précision",true,false,true,false,true,0,codable,OWL_ANS,emissible,1678
N27.0,XIV,XIV/N27.0.md,Petit rein unilatéral,false,false,true,false,true,0,codable,OWL_ANS,emissible,1164
N27.1,XIV,XIV/N27.1.md,Petit rein bilatéral,false,false,true,false,true,0,codable,OWL_ANS,emissible,1164
N27.9,XIV,XIV/N27.9.md,"Petit rein, sans précision",false,false,true,false,true,0,codable,OWL_ANS,emissible,1112
N28.0,XIV,XIV/N28.0.md,Ischémie et infarctus du rein,true,false,true,false,true,0,codable,OWL_ANS,emissible,2268
N28.1,XIV,XIV/N28.1.md,Kyste du rein,true,false,true,false,true,0,codable,OWL_ANS,emissible,1862
N28.8,XIV,XIV/N28.8.md,Autres affections précisées du rein et de l'uretère,true,false,true,false,true,0,codable,OWL_ANS,emissible,2241
N28.9,XIV,XIV/N28.9.md,"Affection du rein et de l'uretère, sans précision",true,false,true,false,true,1,interdit_dp_dr,OWL_ANS,emissible,1934
N29.0,XIV,XIV/N29.0.md,Syphilis tardive du rein ,false,false,true,false,false,0,codable,OWL_ANS,emissible,1058
N29.1,XIV,XIV/N29.1.md,Autres affections du rein et de l'uretère au cours de maladies infectieuses et parasitaires classées ailleurs,true,false,true,false,true,0,codable,OWL_ANS,emissible,1542
N29.8,XIV,XIV/N29.8.md,Autres affections du rein et de l'uretère au cours d'autres maladies classées ailleurs,true,false,true,false,true,0,codable,OWL_ANS,emissible,1489
N30.0,XIV,XIV/N30.0.md,Cystite aigüe,false,false,true,true,true,0,codable,OWL_ANS,emissible,2168
N30.1,XIV,XIV/N30.1.md,Cystite interstitielle (chronique),false,false,true,false,true,0,codable,OWL_ANS,emissible,1501
N30.2,XIV,XIV/N30.2.md,Autres cystites chroniques,false,false,true,false,true,0,codable,OWL_ANS,emissible,1463
N30.3,XIV,XIV/N30.3.md,Trigonite,true,false,true,false,true,0,codable,OWL_ANS,emissible,1455
N30.4,XIV,XIV/N30.4.md,Cystite due à une irradiation,false,false,true,false,true,0,codable,OWL_ANS,emissible,1695
N30.8,XIV,XIV/N30.8.md,Autres cystites,true,false,true,false,true,0,codable,OWL_ANS,emissible,2074
N30.9,XIV,XIV/N30.9.md,"Cystite, sans précision",false,false,true,false,true,0,codable,OWL_ANS,emissible,1643
N31.0,XIV,XIV/N31.0.md,"Vessie neurogène non inhibée, non classée ailleurs",false,false,true,false,false,0,codable,OWL_ANS,emissible,1536
N31.1,XIV,XIV/N31.1.md,"Vessie neurogène réflexe, non classée ailleurs",false,false,true,false,false,0,codable,OWL_ANS,emissible,1532
N31.2,XIV,XIV/N31.2.md,"Vessie neurogène flasque (périphérique), non classée ailleurs",true,false,true,false,true,0,codable,OWL_ANS,emissible,1956
N31.8,XIV,XIV/N31.8.md,Autres dysfonctionnements neuromusculaires de la vessie,false,false,true,false,true,0,codable,OWL_ANS,emissible,1887
N31.9,XIV,XIV/N31.9.md,"Dysfonctionnement neuromusculaire de la vessie, sans précision",true,false,true,false,true,0,codable,OWL_ANS,emissible,1920
N32.0,XIV,XIV/N32.0.md,Obstruction du col de la vessie,true,false,true,false,true,0,codable,OWL_ANS,emissible,1856
N32.1,XIV,XIV/N32.1.md,Fistule vésico-intestinale,true,false,true,false,true,0,codable,OWL_ANS,emissible,1783
N32.2,XIV,XIV/N32.2.md,"Fistule vésicale, non classée ailleurs",false,false,true,false,true,0,codable,OWL_ANS,emissible,1810
N32.3,XIV,XIV/N32.3.md,Diverticule de la vessie,true,false,true,false,true,0,codable,OWL_ANS,emissible,1885
N32.4,XIV,XIV/N32.4.md,"Rupture de la vessie, non traumatique",false,false,true,false,true,0,codable,OWL_ANS,emissible,1722
N32.8,XIV,XIV/N32.8.md,Autres affections précisées de la vessie,true,false,true,false,true,0,codable,OWL_ANS,emissible,2281
N32.9,XIV,XIV/N32.9.md,"Affection de la vessie, sans précision",false,false,true,false,true,1,interdit_dp_dr,OWL_ANS,emissible,1671
N33.0,XIV,XIV/N33.0.md,Cystite tuberculeuse ,false,false,true,false,true,0,codable,OWL_ANS,emissible,1313
N33.8,XIV,XIV/N33.8.md,Affections de la vessie au cours d'autres maladies classées ailleurs,true,false,true,false,true,0,codable,OWL_ANS,emissible,1553
N34.0,XIV,XIV/N34.0.md,Abcès urétral,true,false,true,false,true,0,codable,OWL_ANS,emissible,1968
N34.1,XIV,XIV/N34.1.md,Urétrite non spécifique,true,false,true,false,true,0,codable,OWL_ANS,emissible,1698
N34.2,XIV,XIV/N34.2.md,Autres urétrites,true,false,true,false,true,0,codable,OWL_ANS,emissible,1761
N34.3,XIV,XIV/N34.3.md,"Syndrome urétral, sans précision",false,false,true,false,false,0,codable,OWL_ANS,emissible,1493
N35.0,XIV,XIV/N35.0.md,Rétrécissement urétral posttraumatique,true,false,true,false,false,0,codable,OWL_ANS,emissible,1568
N35.1,XIV,XIV/N35.1.md,"Rétrécissement urétral postinfectieux, non classé ailleurs",false,false,true,false,false,0,codable,OWL_ANS,emissible,1417
N35.8,XIV,XIV/N35.8.md,Autres rétrécissements urétraux,false,false,true,false,false,0,codable,OWL_ANS,emissible,1553
N35.9,XIV,XIV/N35.9.md,"Rétrécissement urétral, sans précision",true,false,true,false,true,0,codable,OWL_ANS,emissible,1755
N36.0,XIV,XIV/N36.0.md,Fistule urétrale,true,false,true,false,true,0,codable,OWL_ANS,emissible,1899
N36.1,XIV,XIV/N36.1.md,Diverticule urétral,false,false,true,false,false,0,codable,OWL_ANS,emissible,1227
N36.2,XIV,XIV/N36.2.md,Caroncule urétrale,false,false,true,false,true,0,codable,OWL_ANS,emissible,1305
N36.3,XIV,XIV/N36.3.md,Prolapsus de la muqueuse urétrale,true,false,true,false,true,0,codable,OWL_ANS,emissible,1589
N36.8,XIV,XIV/N36.8.md,Autres affections précisées de l'urètre,false,false,true,false,true,0,codable,OWL_ANS,emissible,1913
N36.9,XIV,XIV/N36.9.md,"Affection de l'urètre, sans précision",false,false,true,false,true,1,interdit_dp_dr,OWL_ANS,emissible,1404
N37.0,XIV,XIV/N37.0.md,Urétrite au cours de maladies classées ailleurs,true,false,true,false,true,0,codable,OWL_ANS,emissible,1436
N37.8,XIV,XIV/N37.8.md,Autres affections de l'urètre au cours de maladies classées ailleurs,false,false,true,false,false,0,codable,OWL_ANS,emissible,1377
N39.0,XIV,XIV/N39.0.md,"Infection des voies urinaires, siège non précisé",false,false,true,true,true,0,codable,OWL_ANS,emissible,2616
N39.1,XIV,XIV/N39.1.md,"Protéinurie persistante, sans précision",false,false,true,false,true,0,codable,OWL_ANS,emissible,1709
N39.2,XIV,XIV/N39.2.md,"Protéinurie orthostatique, sans précision",false,false,true,false,true,0,codable,OWL_ANS,emissible,1646
N39.3,XIV,XIV/N39.3.md,Incontinence urinaire d'effort,false,false,true,false,true,0,codable,OWL_ANS,emissible,1547
N39.4,XIV,XIV/N39.4.md,Autres formes d'incontinence urinaire précisées,true,false,true,false,true,0,codable,OWL_ANS,emissible,1870
N39.8,XIV,XIV/N39.8.md,Autres affections précisées de l'appareil urinaire,false,false,true,false,true,0,codable,OWL_ANS,emissible,2098
N39.9,XIV,XIV/N39.9.md,"Affection de l'appareil urinaire, sans précision",false,false,true,false,true,1,interdit_dp_dr,OWL_ANS,emissible,1807
N40,XIV,XIV/N40.md,Hyperplasie de la prostate,true,false,true,false,true,0,codable,OWL_ANS,emissible,2012
N41.0,XIV,XIV/N41.0.md,Prostatite aigüe,false,false,true,false,true,0,codable,OWL_ANS,emissible,1347
N41.1,XIV,XIV/N41.1.md,Prostatite chronique,false,false,true,false,true,0,codable,OWL_ANS,emissible,1192
N41.2,XIV,XIV/N41.2.md,Abcès de la prostate,false,false,true,false,true,0,codable,OWL_ANS,emissible,1081
N41.3,XIV,XIV/N41.3.md,Prostatocystite,false,false,true,false,true,0,codable,OWL_ANS,emissible,1056
N41.8,XIV,XIV/N41.8.md,Autres affections inflammatoires de la prostate,false,false,true,false,true,0,codable,OWL_ANS,emissible,1220
N41.9,XIV,XIV/N41.9.md,"Affection inflammatoire de la prostate, sans précision",true,false,true,false,true,0,codable,OWL_ANS,emissible,1297
N42.0,XIV,XIV/N42.0.md,Calcul de la prostate,true,false,true,false,true,0,codable,OWL_ANS,emissible,1095
N42.1,XIV,XIV/N42.1.md,Congestion et hémorragie prostatiques,false,false,true,false,true,0,codable,OWL_ANS,emissible,1090
N42.2,XIV,XIV/N42.2.md,Atrophie de la prostate,false,false,true,false,true,0,codable,OWL_ANS,emissible,1024
N42.3,XIV,XIV/N42.3.md,Dysplasie de la prostate,true,false,true,false,true,0,codable,OWL_ANS,emissible,1229
N42.8,XIV,XIV/N42.8.md,Autres affections précisées de la prostate,false,false,true,false,true,0,codable,OWL_ANS,emissible,1666
N42.9,XIV,XIV/N42.9.md,"Affection de la prostate, sans précision",false,false,true,false,true,1,interdit_dp_dr,OWL_ANS,emissible,1313
N43.0,XIV,XIV/N43.0.md,Hydrocèle enkystée,true,false,true,false,true,0,codable,OWL_ANS,emissible,1262
N43.1,XIV,XIV/N43.1.md,Hydrocèle infectée,true,false,true,false,true,0,codable,OWL_ANS,emissible,1286
N43.2,XIV,XIV/N43.2.md,Autres hydrocèles,true,false,true,false,false,0,codable,OWL_ANS,emissible,1200
N43.3,XIV,XIV/N43.3.md,"Hydrocèle, sans précision",true,false,true,false,true,0,codable,OWL_ANS,emissible,1294
N43.4,XIV,XIV/N43.4.md,Spermatocèle,true,false,true,false,true,0,codable,OWL_ANS,emissible,1250
N44,XIV,XIV/N44.md,Torsion du testicule,true,false,true,false,true,0,codable,OWL_ANS,emissible,1144
N45.0,XIV,XIV/N45.0.md,"Orchite, épididymite et épididymoorchite, avec abcès",true,false,true,false,true,0,codable,OWL_ANS,emissible,1340
N45.9,XIV,XIV/N45.9.md,"Orchite, épididymite et épididymoorchite, sans abcès",true,false,true,false,true,0,codable,OWL_ANS,emissible,1501
N46,XIV,XIV/N46.md,"Stérilité, chez l'homme",true,false,true,false,true,0,codable,OWL_ANS,emissible,1302
N47,XIV,XIV/N47.md,"Hypertrophie du prépuce, phimosis et paraphimosis",true,false,true,false,true,0,codable,OWL_ANS,emissible,1194
N48.0,XIV,XIV/N48.0.md,Leucoplasie de la verge,true,false,true,false,true,0,codable,OWL_ANS,emissible,1300
N48.1,XIV,XIV/N48.1.md,Balanoposthite,true,false,true,false,true,0,codable,OWL_ANS,emissible,1197
N48.2,XIV,XIV/N48.2.md,Autres affections inflammatoires de la verge,true,false,true,false,true,0,codable,OWL_ANS,emissible,1882
N48.3,XIV,XIV/N48.3.md,Priapisme,true,false,true,false,true,0,codable,OWL_ANS,emissible,1071
N48.4,XIV,XIV/N48.4.md,Impuissance d'origine organique,false,false,true,false,true,0,codable,OWL_ANS,emissible,1192
N48.5,XIV,XIV/N48.5.md,Ulcère de la verge,false,false,true,false,true,0,codable,OWL_ANS,emissible,1078
N48.6,XIV,XIV/N48.6.md,Induration plastique des corps caverneux,true,false,true,false,true,0,codable,OWL_ANS,emissible,1431
N48.8,XIV,XIV/N48.8.md,Autres affections précisées de la verge,true,false,true,false,true,0,codable,OWL_ANS,emissible,1901
N48.9,XIV,XIV/N48.9.md,"Affection de la verge, sans précision",false,false,true,false,true,1,interdit_dp_dr,OWL_ANS,emissible,1086
N49.0,XIV,XIV/N49.0.md,Affections inflammatoires des vésicules séminales,true,false,true,false,true,0,codable,OWL_ANS,emissible,1313
N49.1,XIV,XIV/N49.1.md,"Affections inflammatoires du cordon spermatique, de la (tunique) vaginale du testicule et du canal déférent",true,false,true,false,true,0,codable,OWL_ANS,emissible,1602
N49.2,XIV,XIV/N49.2.md,Affections inflammatoires du scrotum,false,false,true,false,true,0,codable,OWL_ANS,emissible,1467
N49.8,XIV,XIV/N49.8.md,Affections inflammatoires d'autres organes génitaux précisés de l'homme,true,false,true,false,true,0,codable,OWL_ANS,emissible,1883
N49.9,XIV,XIV/N49.9.md,Affection inflammatoire des organes génitaux non précisés de l'homme,true,false,true,false,true,0,codable,OWL_ANS,emissible,1703
N50.0,XIV,XIV/N50.0.md,Atrophie du testicule,false,false,true,false,true,0,codable,OWL_ANS,emissible,1115
N50.1,XIV,XIV/N50.1.md,Affections vasculaires des organes génitaux de l'homme,true,false,true,false,true,0,codable,OWL_ANS,emissible,1732
N50.8,XIV,XIV/N50.8.md,Autres affections précisées des organes génitaux de l'homme,true,false,true,false,true,0,codable,OWL_ANS,emissible,2512
N50.9,XIV,XIV/N50.9.md,"Affection des organes génitaux de l'homme, sans précision",false,false,true,false,true,1,interdit_dp_dr,OWL_ANS,emissible,1474
N51.0,XIV,XIV/N51.0.md,Affections de la prostate au cours de maladies classées ailleurs,true,false,true,false,false,0,codable,OWL_ANS,emissible,1140
N51.1,XIV,XIV/N51.1.md,Affections du testicule et de l'épididyme au cours de maladies classées ailleurs,true,false,true,false,true,0,codable,OWL_ANS,emissible,1375
N51.2,XIV,XIV/N51.2.md,Balanite au cours de maladies classées ailleurs,true,false,true,false,true,0,codable,OWL_ANS,emissible,1153
N51.8,XIV,XIV/N51.8.md,Autres affections des organes génitaux de l'homme au cours de maladies classées ailleurs,true,false,true,false,true,0,codable,OWL_ANS,emissible,1598
N60.0,XIV,XIV/N60.0.md,Kyste solitaire du sein,true,false,true,false,true,0,codable,OWL_ANS,emissible,1283
N60.1,XIV,XIV/N60.1.md,Mastopathie kystique diffuse,true,false,true,false,true,0,codable,OWL_ANS,emissible,1589
N60.2,XIV,XIV/N60.2.md,Adénofibrose du sein,true,false,true,false,true,0,codable,OWL_ANS,emissible,1262
N60.3,XIV,XIV/N60.3.md,Fibrosclérose du sein,true,false,true,false,true,0,codable,OWL_ANS,emissible,1270
N60.4,XIV,XIV/N60.4.md,Ectasie des canaux galactophores,true,false,true,false,true,0,codable,OWL_ANS,emissible,1267
N60.8,XIV,XIV/N60.8.md,Autres dysplasies mammaires bénignes,true,false,true,false,false,0,codable,OWL_ANS,emissible,1382
N60.9,XIV,XIV/N60.9.md,"Dysplasie mammaire bénigne, sans précision",true,false,true,false,true,0,codable,OWL_ANS,emissible,1269
N61,XIV,XIV/N61.md,Affections inflammatoires du sein,true,false,true,false,true,0,codable,OWL_ANS,emissible,1846
N62,XIV,XIV/N62.md,Hypertrophie mammaire,true,false,true,false,true,0,codable,OWL_ANS,emissible,1292
N63,XIV,XIV/N63.md,"Tuméfaction mammaire, sans précision",true,false,true,false,true,0,codable,OWL_ANS,emissible,1366
N64.0,XIV,XIV/N64.0.md,Fissure et fistule du mamelon,false,false,true,false,true,0,codable,OWL_ANS,emissible,1147
N64.1,XIV,XIV/N64.1.md,Cytostéatonécrose du sein,true,false,true,false,true,0,codable,OWL_ANS,emissible,1215
N64.2,XIV,XIV/N64.2.md,Atrophie mammaire,false,false,true,false,true,0,codable,OWL_ANS,emissible,1110
N64.3,XIV,XIV/N64.3.md,Galactorrhée sans relation avec un accouchement,false,false,true,false,true,0,codable,OWL_ANS,emissible,1202
N64.4,XIV,XIV/N64.4.md,Mastodynie,false,false,true,false,true,0,codable,OWL_ANS,emissible,1126
N64.5,XIV,XIV/N64.5.md,Autres signes et symptômes observés au niveau du sein,true,false,true,false,true,0,codable,OWL_ANS,emissible,1499
N64.8,XIV,XIV/N64.8.md,Autres affections précisées du sein,true,false,true,false,true,0,codable,OWL_ANS,emissible,1964
N64.9,XIV,XIV/N64.9.md,"Affection du sein, sans précision",false,false,true,false,true,1,interdit_dp_dr,OWL_ANS,emissible,1325
N70.0,XIV,XIV/N70.0.md,Salpingite et ovarite aigües,true,false,true,false,true,0,codable,OWL_ANS,emissible,1682
N70.1,XIV,XIV/N70.1.md,Salpingite et ovarite chroniques,true,false,true,false,true,0,codable,OWL_ANS,emissible,1693
N70.9,XIV,XIV/N70.9.md,"Salpingite et ovarite, sans précision",true,false,true,false,true,0,codable,OWL_ANS,emissible,1775
N71.0,XIV,XIV/N71.0.md,Affection inflammatoire aigüe de l'utérus,true,false,true,false,true,0,codable,OWL_ANS,emissible,1787
N71.1,XIV,XIV/N71.1.md,Affection inflammatoire chronique de l'utérus,true,false,true,false,true,0,codable,OWL_ANS,emissible,1563
N71.9,XIV,XIV/N71.9.md,"Affection inflammatoire de l'utérus, sans précision",true,false,true,false,true,0,codable,OWL_ANS,emissible,1740
N72,XIV,XIV/N72.md,Affections inflammatoires du col de l'utérus,true,false,true,false,true,0,codable,OWL_ANS,emissible,1647
N73.0,XIV,XIV/N73.0.md,Paramétrite et phlegmon pelvien aigus,true,false,true,false,true,0,codable,OWL_ANS,emissible,1504
N73.1,XIV,XIV/N73.1.md,Paramétrite et phlegmon pelvien chroniques,true,false,true,false,true,0,codable,OWL_ANS,emissible,1456
N73.2,XIV,XIV/N73.2.md,"Paramétrite et phlegmon pelvien, sans précision",true,false,true,false,true,0,codable,OWL_ANS,emissible,1878
N73.3,XIV,XIV/N73.3.md,Pelvipéritonite aigüe chez la femme,false,false,true,false,false,0,codable,OWL_ANS,emissible,1212
N73.4,XIV,XIV/N73.4.md,Pelvipéritonite chronique chez la femme,false,false,true,false,false,0,codable,OWL_ANS,emissible,1216
N73.5,XIV,XIV/N73.5.md,"Pelvipéritonite chez la femme, sans précision",false,false,true,false,true,0,codable,OWL_ANS,emissible,1381
N73.6,XIV,XIV/N73.6.md,Adhérences pelvipéritonéales chez la femme,false,false,true,false,true,0,codable,OWL_ANS,emissible,1640
N73.8,XIV,XIV/N73.8.md,Autres affections inflammatoires pelviennes précisées de la femme,false,false,true,false,true,0,codable,OWL_ANS,emissible,1956
N73.9,XIV,XIV/N73.9.md,"Affection inflammatoire pelvienne de la femme, sans précision",true,false,true,false,true,0,codable,OWL_ANS,emissible,1701
N74.0,XIV,XIV/N74.0.md,Tuberculose du col de l'utérus ,false,false,true,false,false,0,codable,OWL_ANS,emissible,1208
N74.1,XIV,XIV/N74.1.md,Affection inflammatoire pelvienne tuberculeuse de la femme ,true,false,true,false,true,0,codable,OWL_ANS,emissible,1413
N74.2,XIV,XIV/N74.2.md,Affection inflammatoire pelvienne syphilitique de la femme ,false,false,true,false,false,0,codable,OWL_ANS,emissible,1236
N74.3,XIV,XIV/N74.3.md,Affection inflammatoire pelvienne gonococcique de la femme ,false,false,true,false,false,0,codable,OWL_ANS,emissible,1236
N74.4,XIV,XIV/N74.4.md,"Affection inflammatoire pelvienne à Chlamydia, de la femme ",false,false,true,false,false,0,codable,OWL_ANS,emissible,1236
N74.8,XIV,XIV/N74.8.md,"Affections inflammatoires pelviennes de la femme, au cours d'autres maladies classées ailleurs",false,false,true,false,false,0,codable,OWL_ANS,emissible,1639
N75.0,XIV,XIV/N75.0.md,Kyste de la glande de Bartholin,false,false,true,false,false,0,codable,OWL_ANS,emissible,1208
N75.1,XIV,XIV/N75.1.md,Abcès de la glande de Bartholin,false,false,true,false,false,0,codable,OWL_ANS,emissible,1208
N75.8,XIV,XIV/N75.8.md,Autres affections de la glande de Bartholin,true,false,true,false,true,0,codable,OWL_ANS,emissible,1506
N75.9,XIV,XIV/N75.9.md,"Affection de la glande de Bartholin, sans précision",false,false,true,false,false,0,codable,OWL_ANS,emissible,1228
N76.0,XIV,XIV/N76.0.md,Vaginite aigüe,true,false,true,false,true,0,codable,OWL_ANS,emissible,1739
N76.1,XIV,XIV/N76.1.md,Vaginite subaigüe et chronique,true,false,true,false,true,0,codable,OWL_ANS,emissible,1531
N76.2,XIV,XIV/N76.2.md,Vulvite aigüe,true,false,true,false,true,0,codable,OWL_ANS,emissible,1544
N76.3,XIV,XIV/N76.3.md,Vulvite subaigüe et chronique,false,false,true,false,true,0,codable,OWL_ANS,emissible,1390
N76.4,XIV,XIV/N76.4.md,Abcès de la vulve,true,false,true,false,true,0,codable,OWL_ANS,emissible,1605
N76.5,XIV,XIV/N76.5.md,Ulcération du vagin,false,false,true,false,true,0,codable,OWL_ANS,emissible,1437
N76.6,XIV,XIV/N76.6.md,Ulcération de la vulve,false,false,true,false,true,0,codable,OWL_ANS,emissible,1457
N76.8,XIV,XIV/N76.8.md,Autres inflammations précisées du vagin et de la vulve,false,false,true,false,true,0,codable,OWL_ANS,emissible,2014
N77.0,XIV,XIV/N77.0.md,Ulcération de la vulve au cours de maladies infectieuses et parasitaires classées ailleurs,true,false,true,false,false,0,codable,OWL_ANS,emissible,1457
N77.1,XIV,XIV/N77.1.md,"Vaginite, vulvite et vulvovaginite au cours de maladies infectieuses et parasitaires classées ailleurs",true,false,true,false,true,0,codable,OWL_ANS,emissible,1730
N77.8,XIV,XIV/N77.8.md,Ulcération et inflammation vulvovaginales au cours d'autres maladies classées ailleurs,true,false,true,false,false,0,codable,OWL_ANS,emissible,1632
N80.0,XIV,XIV/N80.0.md,Endométriose de l'utérus,true,false,true,false,true,0,codable,OWL_ANS,emissible,1154
N80.1,XIV,XIV/N80.1.md,Endométriose de l'ovaire,false,false,true,false,true,0,codable,OWL_ANS,emissible,1099
N80.2,XIV,XIV/N80.2.md,Endométriose de la trompe de Fallope,false,false,true,false,true,0,codable,OWL_ANS,emissible,1067
N80.3,XIV,XIV/N80.3.md,Endométriose du péritoine pelvien,false,false,true,false,true,0,codable,OWL_ANS,emissible,1067
N80.4,XIV,XIV/N80.4.md,Endométriose du septum rectovaginal et du vagin,false,false,true,false,true,0,codable,OWL_ANS,emissible,1182
N80.5,XIV,XIV/N80.5.md,Endométriose de l'intestin,false,false,true,false,true,0,codable,OWL_ANS,emissible,1078
N80.6,XIV,XIV/N80.6.md,Endométriose sur cicatrice cutanée,false,false,true,false,true,0,codable,OWL_ANS,emissible,1158
N80.8,XIV,XIV/N80.8.md,Autres endométrioses,true,false,true,false,false,0,codable,OWL_ANS,emissible,1411
N80.9,XIV,XIV/N80.9.md,"Endométriose, sans précision",false,false,true,false,true,0,codable,OWL_ANS,emissible,1102
N81.0,XIV,XIV/N81.0.md,Urétrocèle chez la femme,false,false,true,false,true,0,codable,OWL_ANS,emissible,1452
N81.1,XIV,XIV/N81.1.md,Cystocèle,true,false,true,false,true,0,codable,OWL_ANS,emissible,1640
N81.2,XIV,XIV/N81.2.md,Prolapsus utérovaginal partiel,true,false,true,false,true,0,codable,OWL_ANS,emissible,1472
N81.3,XIV,XIV/N81.3.md,Prolapsus utérovaginal complet,true,false,true,false,true,0,codable,OWL_ANS,emissible,1448
N81.4,XIV,XIV/N81.4.md,"Prolapsus utérovaginal, sans précision",true,false,true,false,true,0,codable,OWL_ANS,emissible,1584
N81.5,XIV,XIV/N81.5.md,Entérocèle vaginale,false,false,true,false,true,0,codable,OWL_ANS,emissible,1385
N81.6,XIV,XIV/N81.6.md,Rectocèle,true,false,true,false,true,0,codable,OWL_ANS,emissible,1550
N81.8,XIV,XIV/N81.8.md,Autres prolapsus génitaux,true,false,true,false,true,0,codable,OWL_ANS,emissible,1911
N81.9,XIV,XIV/N81.9.md,"Prolapsus génital, sans précision",false,false,true,false,true,0,codable,OWL_ANS,emissible,1508
N82.0,XIV,XIV/N82.0.md,Fistule vésicovaginale,false,false,true,false,true,0,codable,OWL_ANS,emissible,1342
N82.1,XIV,XIV/N82.1.md,Autres fistules de l'appareil génito-urinaire de la femme,true,false,true,false,true,0,codable,OWL_ANS,emissible,1502
N82.2,XIV,XIV/N82.2.md,Fistule du vagin à l'intestin grêle,false,false,true,false,true,0,codable,OWL_ANS,emissible,1165
N82.3,XIV,XIV/N82.3.md,Fistule du vagin au gros intestin,true,false,true,false,true,0,codable,OWL_ANS,emissible,1520
N82.4,XIV,XIV/N82.4.md,Autres fistules intestinogénitales chez la femme,true,false,true,false,true,0,codable,OWL_ANS,emissible,1522
N82.5,XIV,XIV/N82.5.md,Fistule génitocutanée chez la femme,true,false,true,false,true,0,codable,OWL_ANS,emissible,1319
N82.8,XIV,XIV/N82.8.md,Autres fistules de l'appareil génital de la femme,false,false,true,false,true,0,codable,OWL_ANS,emissible,1677
N82.9,XIV,XIV/N82.9.md,"Fistule de l'appareil génital de la femme, sans précision",false,false,true,false,true,0,codable,OWL_ANS,emissible,1451
N83.0,XIV,XIV/N83.0.md,Kyste folliculaire de l'ovaire,true,false,true,false,true,0,codable,OWL_ANS,emissible,1301
N83.1,XIV,XIV/N83.1.md,Kyste du corps jaune,true,false,true,false,true,0,codable,OWL_ANS,emissible,1214
N83.2,XIV,XIV/N83.2.md,"Kystes de l'ovaire, autres et sans précision",true,false,true,false,true,0,codable,OWL_ANS,emissible,1708
N83.3,XIV,XIV/N83.3.md,Atrophie acquise de l'ovaire et de la trompe de Fallope,false,false,true,false,true,0,codable,OWL_ANS,emissible,1219
N83.4,XIV,XIV/N83.4.md,Prolapsus et hernie de l'ovaire et de la trompe de Fallope,false,false,true,false,true,0,codable,OWL_ANS,emissible,1328
N83.5,XIV,XIV/N83.5.md,"Torsion de l'ovaire, du pédicule ovarien et de la trompe de Fallope",true,false,true,false,true,0,codable,OWL_ANS,emissible,1395
N83.6,XIV,XIV/N83.6.md,Hématosalpinx,false,false,true,false,true,0,codable,OWL_ANS,emissible,1225
N83.7,XIV,XIV/N83.7.md,Hématome du ligament large,false,false,true,false,false,0,codable,OWL_ANS,emissible,1073
N83.8,XIV,XIV/N83.8.md,"Autres affections non inflammatoires de l'ovaire, de la trompe de Fallope et du ligament large",true,false,true,false,true,0,codable,OWL_ANS,emissible,2198
N83.9,XIV,XIV/N83.9.md,"Affection non inflammatoire de l'ovaire, de la trompe de Fallope et du ligament large, sans précision",false,false,true,false,true,1,interdit_dp_dr,OWL_ANS,emissible,1453
N84.0,XIV,XIV/N84.0.md,Polype du corps de l'utérus,true,false,true,false,true,0,codable,OWL_ANS,emissible,1397
N84.1,XIV,XIV/N84.1.md,Polype du col de l'utérus,true,false,true,false,true,0,codable,OWL_ANS,emissible,1266
N84.2,XIV,XIV/N84.2.md,Polype du vagin,false,false,true,false,true,0,codable,OWL_ANS,emissible,1155
N84.3,XIV,XIV/N84.3.md,Polype de la vulve,true,false,true,false,true,0,codable,OWL_ANS,emissible,1291
N84.8,XIV,XIV/N84.8.md,Polypes d'autres parties de l'appareil génital de la femme,false,false,true,false,true,0,codable,OWL_ANS,emissible,1404
N84.9,XIV,XIV/N84.9.md,"Polype de l'appareil génital de la femme, sans précision",false,false,true,false,true,0,codable,OWL_ANS,emissible,1188
N85.0,XIV,XIV/N85.0.md,Hyperplasie glandulaire de l'endomètre,true,false,true,false,true,0,codable,OWL_ANS,emissible,1652
N85.1,XIV,XIV/N85.1.md,Hyperplasie adénomateuse de l'endomètre,true,false,true,false,false,0,codable,OWL_ANS,emissible,1375
N85.2,XIV,XIV/N85.2.md,Hypertrophie de l'utérus,true,false,true,false,true,0,codable,OWL_ANS,emissible,1570
N85.3,XIV,XIV/N85.3.md,Subinvolution de l'utérus,false,false,true,false,true,0,codable,OWL_ANS,emissible,1404
N85.4,XIV,XIV/N85.4.md,Malposition de l'utérus,true,false,true,false,true,0,codable,OWL_ANS,emissible,1788
N85.5,XIV,XIV/N85.5.md,Inversion de l'utérus,false,false,true,false,true,0,codable,OWL_ANS,emissible,1461
N85.6,XIV,XIV/N85.6.md,Synéchie utérine,false,false,true,false,true,0,codable,OWL_ANS,emissible,1334
N85.7,XIV,XIV/N85.7.md,Hématométrie,true,false,true,false,true,0,codable,OWL_ANS,emissible,1524
N85.8,XIV,XIV/N85.8.md,Autres affections non inflammatoires précisées de l'utérus,true,false,true,false,true,0,codable,OWL_ANS,emissible,2230
N85.9,XIV,XIV/N85.9.md,"Affection non inflammatoire de l'utérus, sans précision",true,false,true,false,true,1,interdit_dp_dr,OWL_ANS,emissible,1617
N86,XIV,XIV/N86.md,Érosion et ectropion du col de l'utérus,true,false,true,false,true,0,codable,OWL_ANS,emissible,1276
N87.0,XIV,XIV/N87.0.md,Dysplasie légère du col de l'utérus,true,false,true,false,true,0,codable,OWL_ANS,emissible,1280
N87.1,XIV,XIV/N87.1.md,Dysplasie moyenne du col de l'utérus,true,false,true,false,false,0,codable,OWL_ANS,emissible,1223
N87.2,XIV,XIV/N87.2.md,"Dysplasie sévère du col de l'utérus, non classée ailleurs",true,false,true,false,false,0,codable,OWL_ANS,emissible,1374
N87.9,XIV,XIV/N87.9.md,"Dysplasie du col de l'utérus, sans précision",false,false,true,false,true,0,codable,OWL_ANS,emissible,1175
N88.0,XIV,XIV/N88.0.md,Leucoplasie du col de l'utérus,false,false,true,false,true,0,codable,OWL_ANS,emissible,1207
N88.1,XIV,XIV/N88.1.md,Déchirure ancienne du col de l'utérus,true,false,true,false,true,0,codable,OWL_ANS,emissible,1433
N88.2,XIV,XIV/N88.2.md,Rétrécissement et sténose du col de l'utérus,false,false,true,false,false,0,codable,OWL_ANS,emissible,1223
N88.3,XIV,XIV/N88.3.md,Béance du col de l'utérus,true,false,true,false,true,0,codable,OWL_ANS,emissible,1520
N88.4,XIV,XIV/N88.4.md,Allongement hypertrophique du col de l'utérus,false,false,true,false,true,0,codable,OWL_ANS,emissible,1222
N88.8,XIV,XIV/N88.8.md,Autres affections non inflammatoires précisées du col de l'utérus,false,false,true,false,true,0,codable,OWL_ANS,emissible,1815
N88.9,XIV,XIV/N88.9.md,"Affection non inflammatoire du col de l'utérus, sans précision",false,false,true,false,true,1,interdit_dp_dr,OWL_ANS,emissible,1211
N89.0,XIV,XIV/N89.0.md,Dysplasie légère du vagin,true,false,true,false,false,0,codable,OWL_ANS,emissible,1292
N89.1,XIV,XIV/N89.1.md,Dysplasie moyenne du vagin,true,false,true,false,false,0,codable,OWL_ANS,emissible,1294
N89.2,XIV,XIV/N89.2.md,"Dysplasie sévère du vagin, non classée ailleurs",true,false,true,false,false,0,codable,OWL_ANS,emissible,1435
N89.3,XIV,XIV/N89.3.md,"Dysplasie du vagin, sans précision",false,false,true,false,true,0,codable,OWL_ANS,emissible,1296
N89.4,XIV,XIV/N89.4.md,Leucoplasie du vagin,false,false,true,false,true,0,codable,OWL_ANS,emissible,1271
N89.5,XIV,XIV/N89.5.md,Rétrécissement et atrésie du vagin,true,false,true,false,true,0,codable,OWL_ANS,emissible,1520
N89.6,XIV,XIV/N89.6.md,Anneau hyménéal serré,true,false,true,false,true,0,codable,OWL_ANS,emissible,1415
N89.7,XIV,XIV/N89.7.md,Hématocolpos,true,false,true,false,true,0,codable,OWL_ANS,emissible,1348
N89.8,XIV,XIV/N89.8.md,Autres affections non inflammatoires précisées du vagin,true,false,true,false,true,0,codable,OWL_ANS,emissible,2300
N89.9,XIV,XIV/N89.9.md,"Affection non inflammatoire du vagin, sans précision",false,false,true,false,true,0,codable,OWL_ANS,emissible,1287
N90.0,XIV,XIV/N90.0.md,Dysplasie légère de la vulve,true,false,true,false,false,0,codable,OWL_ANS,emissible,1287
N90.1,XIV,XIV/N90.1.md,Dysplasie moyenne de la vulve,true,false,true,false,false,0,codable,OWL_ANS,emissible,1289
N90.2,XIV,XIV/N90.2.md,"Dysplasie sévère de la vulve, non classée ailleurs",true,false,true,false,true,0,codable,OWL_ANS,emissible,1502
N90.3,XIV,XIV/N90.3.md,"Dysplasie de la vulve, sans précision",false,false,true,false,true,0,codable,OWL_ANS,emissible,1301
N90.4,XIV,XIV/N90.4.md,Leucoplasie de la vulve,true,false,true,false,true,0,codable,OWL_ANS,emissible,1517
N90.5,XIV,XIV/N90.5.md,Atrophie de la vulve,true,false,true,false,true,0,codable,OWL_ANS,emissible,1377
N90.6,XIV,XIV/N90.6.md,Hypertrophie de la vulve,true,false,true,false,true,0,codable,OWL_ANS,emissible,1382
N90.7,XIV,XIV/N90.7.md,Kyste de la vulve,false,false,true,false,true,0,codable,OWL_ANS,emissible,1272
N90.8,XIV,XIV/N90.8.md,Autres affections non inflammatoires précisées de la vulve et du périnée,true,false,true,false,true,0,codable,OWL_ANS,emissible,2207
N90.9,XIV,XIV/N90.9.md,"Affection non inflammatoire de la vulve et du périnée, sans précision",false,false,true,false,true,0,codable,OWL_ANS,emissible,1306
N91.0,XIV,XIV/N91.0.md,Aménorrhée primaire,true,false,true,false,true,0,codable,OWL_ANS,emissible,1234
N91.1,XIV,XIV/N91.1.md,Aménorrhée secondaire,true,false,true,false,false,0,codable,OWL_ANS,emissible,1195
N91.2,XIV,XIV/N91.2.md,"Aménorrhée, sans précision",true,false,true,false,true,0,codable,OWL_ANS,emissible,1217
N91.3,XIV,XIV/N91.3.md,Oligoménorrhée primaire,true,false,true,false,false,0,codable,OWL_ANS,emissible,1209
N91.4,XIV,XIV/N91.4.md,Oligoménorrhée secondaire,true,false,true,false,false,0,codable,OWL_ANS,emissible,1228
N91.5,XIV,XIV/N91.5.md,"Oligoménorrhée, sans précision",true,false,true,false,true,0,codable,OWL_ANS,emissible,1261
N92.0,XIV,XIV/N92.0.md,Menstruation trop abondante et trop fréquente avec cycle menstruel régulier,true,false,true,false,true,0,codable,OWL_ANS,emissible,1488
N92.1,XIV,XIV/N92.1.md,Menstruation trop abondante et trop fréquente avec cycle menstruel irrégulier,true,false,true,false,true,0,codable,OWL_ANS,emissible,1453
N92.2,XIV,XIV/N92.2.md,Menstruation trop abondante à la puberté,true,false,true,false,true,0,codable,OWL_ANS,emissible,1305
N92.3,XIV,XIV/N92.3.md,Saignements de l'ovulation,true,false,true,false,true,0,codable,OWL_ANS,emissible,1305
N92.4,XIV,XIV/N92.4.md,Saignements abondants de la préménopause,true,false,true,false,true,0,codable,OWL_ANS,emissible,1530
N92.5,XIV,XIV/N92.5.md,Autres irrégularités menstruelles précisées,false,false,true,false,false,0,codable,OWL_ANS,emissible,1107
N92.6,XIV,XIV/N92.6.md,"Irrégularités menstruelles, sans précision",true,false,true,false,true,0,codable,OWL_ANS,emissible,1561
N93.0,XIV,XIV/N93.0.md,Saignements postcoïtaux et de contact,false,false,true,false,true,0,codable,OWL_ANS,emissible,1194
N93.8,XIV,XIV/N93.8.md,Autres saignements anormaux précisés de l'utérus et du vagin,true,false,true,false,false,0,codable,OWL_ANS,emissible,1368
N93.9,XIV,XIV/N93.9.md,"Saignement anormal de l'utérus et du vagin, sans précision",false,false,true,false,true,0,codable,OWL_ANS,emissible,1395
N94.0,XIV,XIV/N94.0.md,Douleurs intermenstruelles,false,false,true,false,true,0,codable,OWL_ANS,emissible,1076
N94.1,XIV,XIV/N94.1.md,Dyspareunie,false,false,true,false,true,0,codable,OWL_ANS,emissible,1117
N94.2,XIV,XIV/N94.2.md,Vaginisme,false,false,true,false,true,0,codable,OWL_ANS,emissible,1105
N94.3,XIV,XIV/N94.3.md,Syndrome de tension prémenstruelle,false,false,true,false,true,0,codable,OWL_ANS,emissible,1083
N94.4,XIV,XIV/N94.4.md,Dysménorrhée primaire,false,false,true,false,true,0,codable,OWL_ANS,emissible,1070
N94.5,XIV,XIV/N94.5.md,Dysménorrhée secondaire,false,false,true,false,true,0,codable,OWL_ANS,emissible,1047
N94.6,XIV,XIV/N94.6.md,"Dysménorrhée, sans précision",false,false,true,false,true,0,codable,OWL_ANS,emissible,1089
N94.8,XIV,XIV/N94.8.md,Autres affections précisées des organes génitaux de la femme et du cycle menstruel,false,false,true,false,true,0,codable,OWL_ANS,emissible,1677
N94.9,XIV,XIV/N94.9.md,"Affection des organes génitaux de la femme et du cycle menstruel, sans précision",false,false,true,false,true,1,interdit_dp_dr,OWL_ANS,emissible,1390
N95.0,XIV,XIV/N95.0.md,Saignements postménopausiques,false,false,true,false,true,0,codable,OWL_ANS,emissible,1526
N95.1,XIV,XIV/N95.1.md,Troubles de la ménopause et du climatère féminin,true,false,true,false,true,0,codable,OWL_ANS,emissible,1659
N95.2,XIV,XIV/N95.2.md,Vaginite atrophique postménopausique,true,false,true,false,true,0,codable,OWL_ANS,emissible,1547
N95.3,XIV,XIV/N95.3.md,Troubles au cours d'une ménopause artificielle,true,false,true,false,true,0,codable,OWL_ANS,emissible,1456
N95.8,XIV,XIV/N95.8.md,Autres troubles précisés de la ménopause et de la périménopause,false,false,true,false,false,0,codable,OWL_ANS,emissible,1529
N95.9,XIV,XIV/N95.9.md,"Trouble de la ménopause et de la périménopause, sans précision",false,false,true,false,true,0,codable,OWL_ANS,emissible,1314
N96,XIV,XIV/N96.md,Avortements à répétition,true,false,true,false,true,0,codable,OWL_ANS,emissible,1325
N97.0,XIV,XIV/N97.0.md,Stérilité associée à une anovulation,true,false,true,false,true,0,codable,OWL_ANS,emissible,1475
N97.1,XIV,XIV/N97.1.md,Stérilité d'origine tubaire,true,false,true,true,true,0,codable,OWL_ANS,emissible,2150
N97.2,XIV,XIV/N97.2.md,Stérilité d'origine utérine,true,false,true,false,true,0,codable,OWL_ANS,emissible,1473
N97.3,XIV,XIV/N97.3.md,Stérilité d'origine cervicale,true,false,true,false,false,0,codable,OWL_ANS,emissible,1296
N97.4,XIV,XIV/N97.4.md,Stérilité de la femme associée à des facteurs relevant de l'homme,true,false,true,false,false,0,codable,OWL_ANS,emissible,1332
N97.8,XIV,XIV/N97.8.md,Stérilité de la femme d'autres origines,true,false,true,false,false,0,codable,OWL_ANS,emissible,1596
N97.9,XIV,XIV/N97.9.md,"Stérilité de la femme, sans précision",true,false,true,false,true,0,codable,OWL_ANS,emissible,1345
N98.0,XIV,XIV/N98.0.md,Infection associée à l'insémination artificielle,false,false,true,false,true,0,codable,OWL_ANS,emissible,1104
N98.1,XIV,XIV/N98.1.md,Hyperstimulation des ovaires,true,false,true,false,true,0,codable,OWL_ANS,emissible,1207
N98.2,XIV,XIV/N98.2.md,Complications de tentative d'implantation d'un œuf fécondé après fécondation in vitro,false,false,true,false,true,0,codable,OWL_ANS,emissible,1166
N98.3,XIV,XIV/N98.3.md,Complications de tentative d'implantation d'un embryon en cas de transfert d'embryon,false,false,true,false,false,0,codable,OWL_ANS,emissible,1042
N98.8,XIV,XIV/N98.8.md,Autres complications de la fécondation artificielle,true,false,true,false,true,0,codable,OWL_ANS,emissible,1617
N98.9,XIV,XIV/N98.9.md,"Complication de la fécondation artificielle, sans précision",false,false,true,false,true,0,codable,OWL_ANS,emissible,1124
N99.0,XIV,XIV/N99.0.md,Insuffisance rénale après un acte à visée diagnostique et thérapeutique,false,false,true,false,true,0,codable,OWL_ANS,emissible,1751
N99.1,XIV,XIV/N99.1.md,Rétrécissement urétral après un acte à visée diagnostique et thérapeutique,true,false,true,false,true,0,codable,OWL_ANS,emissible,1602
N99.2,XIV,XIV/N99.2.md,Adhérences vaginales postopératoires,false,false,true,false,false,0,codable,OWL_ANS,emissible,1219
N99.3,XIV,XIV/N99.3.md,Prolapsus de la paroi supérieure du vagin après hystérectomie,false,false,true,false,false,0,codable,OWL_ANS,emissible,1244
N99.4,XIV,XIV/N99.4.md,Adhérences pelvipéritonéales après un acte à visée diagnostique et thérapeutique,false,false,true,false,true,0,codable,OWL_ANS,emissible,1403
N99.5,XIV,XIV/N99.5.md,Mauvais fonctionnement de stomie de l'appareil urinaire,false,false,true,true,true,0,codable,OWL_ANS,emissible,1703
N99.8,XIV,XIV/N99.8.md,Autres affections de l'appareil génito-urinaire après un acte à visée diagnostique et thérapeutique,true,false,true,false,true,0,codable,OWL_ANS,emissible,2285
N99.9,XIV,XIV/N99.9.md,"Affection de l'appareil génito-urinaire après un acte à visée diagnostique et thérapeutique, sans précision",false,false,true,false,true,1,interdit_dp_dr,OWL_ANS,emissible,1414
O00.0,XV,XV/O00.0.md,Grossesse abdominale,true,false,true,false,true,0,codable,OWL_ANS,emissible,1453
O00.1,XV,XV/O00.1.md,Grossesse tubaire,true,false,true,false,true,0,codable,OWL_ANS,emissible,1514
O00.2,XV,XV/O00.2.md,Grossesse ovarienne,true,false,true,false,true,0,codable,OWL_ANS,emissible,1245
O00.8,XV,XV/O00.8.md,Autres grossesses extra-utérines,true,false,true,false,true,0,codable,OWL_ANS,emissible,1644
O00.9,XV,XV/O00.9.md,"Grossesse extra-utérine, sans précision",true,false,true,false,true,0,codable,OWL_ANS,emissible,1391
O01.0,XV,XV/O01.0.md,Môle hydatiforme classique,true,false,true,false,false,0,codable,OWL_ANS,emissible,1260
O01.1,XV,XV/O01.1.md,Môle hydatiforme incomplète et partielle,false,false,true,false,false,0,codable,OWL_ANS,emissible,1194
O01.9,XV,XV/O01.9.md,"Môle hydatiforme, sans précision",true,false,true,false,true,0,codable,OWL_ANS,emissible,1362
O02.0,XV,XV/O02.0.md,Œuf clair et môle non hydatiforme,true,false,true,false,true,0,codable,OWL_ANS,emissible,1516
O02.1,XV,XV/O02.1.md,Rétention d'un fœtus mort in utero,true,false,true,false,true,0,codable,OWL_ANS,emissible,1561
O02.8,XV,XV/O02.8.md,"Autres produits anormaux de la conception, précisés",false,false,true,false,false,0,codable,OWL_ANS,emissible,1460
O02.9,XV,XV/O02.9.md,"Produit anormal de la conception, sans précision",false,false,true,false,true,0,codable,OWL_ANS,emissible,1268
O03.0,XV,XV/O03.0.md,"Avortement spontané - "" Incomplet, compliqué d'une infection de l'appareil génital et des organes pelviens """,true,false,true,true,false,0,codable,OWL_ANS,emissible,2045
O03.1,XV,XV/O03.1.md,"Avortement spontané - "" Incomplet, compliqué d'une hémorragie retardée ou sévère """,true,false,true,true,false,0,codable,OWL_ANS,emissible,2019
O03.2,XV,XV/O03.2.md,"Avortement spontané - "" Incomplet, compliqué d'une embolie """,true,false,true,true,false,0,codable,OWL_ANS,emissible,1997
O03.3,XV,XV/O03.3.md,"Avortement spontané - "" Incomplet, avec complications autres et non précisées """,true,false,true,true,false,0,codable,OWL_ANS,emissible,2058
O03.4,XV,XV/O03.4.md,"Avortement spontané - "" Incomplet, sans complication """,true,false,true,true,false,0,codable,OWL_ANS,emissible,1944
O03.5,XV,XV/O03.5.md,"Avortement spontané - "" Complet ou sans précision, compliqué d'une infection de l'appareil génital et des organes pelviens """,true,false,true,true,false,0,codable,OWL_ANS,emissible,2061
O03.6,XV,XV/O03.6.md,"Avortement spontané - "" Complet ou sans précision, compliqué d'une hémorragie retardée ou sévère """,true,false,true,true,true,0,codable,OWL_ANS,emissible,2104
O03.7,XV,XV/O03.7.md,"Avortement spontané - "" Complet ou sans précision, compliqué d'une embolie """,true,false,true,true,false,0,codable,OWL_ANS,emissible,2013
O03.8,XV,XV/O03.8.md,"Avortement spontané - "" Complet ou sans précision, avec complications autres et non précisées """,true,false,true,true,false,0,codable,OWL_ANS,emissible,2900
O03.9,XV,XV/O03.9.md,"Avortement spontané - "" Complet ou sans précision, sans complication """,true,false,true,true,true,0,codable,OWL_ANS,emissible,2236
O04.-0.0,XV,XV/O04.-0.0.md,"Interruption médicale volontaire de grossesse [IVG dans le cadre légal] - "" Incomplet, compliqué d'une infection de l'appareil génital et des organes pelviens """,true,false,true,true,false,0,codable,OWL_ANS,emissible,2722
O04.-0.1,XV,XV/O04.-0.1.md,"Interruption médicale volontaire de grossesse [IVG dans le cadre légal] - "" Incomplet, compliqué d'une hémorragie retardée ou sévère """,true,false,true,true,false,0,codable,OWL_ANS,emissible,2696
O04.-0.2,XV,XV/O04.-0.2.md,"Interruption médicale volontaire de grossesse [IVG dans le cadre légal] - "" Incomplet, compliqué d'une embolie """,true,false,true,true,false,0,codable,OWL_ANS,emissible,2674
O04.-0.3,XV,XV/O04.-0.3.md,"Interruption médicale volontaire de grossesse [IVG dans le cadre légal] - "" Incomplet, avec complications autres et non précisées """,true,false,true,true,false,0,codable,OWL_ANS,emissible,2699
O04.-0.4,XV,XV/O04.-0.4.md,"Interruption médicale volontaire de grossesse [IVG dans le cadre légal] - "" Incomplet, sans complication """,true,false,true,true,false,0,codable,OWL_ANS,emissible,2987
O04.-0.5,XV,XV/O04.-0.5.md,"Interruption médicale volontaire de grossesse [IVG dans le cadre légal] - "" Complet ou sans précision, compliqué d'une infection de l'appareil génital et des organes pelviens """,true,false,true,true,false,0,codable,OWL_ANS,emissible,2738
O04.-0.6,XV,XV/O04.-0.6.md,"Interruption médicale volontaire de grossesse [IVG dans le cadre légal] - "" Complet ou sans précision, compliqué d'une hémorragie retardée ou sévère """,true,false,true,true,false,0,codable,OWL_ANS,emissible,2712
O04.-0.7,XV,XV/O04.-0.7.md,"Interruption médicale volontaire de grossesse [IVG dans le cadre légal] - "" Complet ou sans précision, compliqué d'une embolie """,true,false,true,true,false,0,codable,OWL_ANS,emissible,2690
O04.-0.8,XV,XV/O04.-0.8.md,"Interruption médicale volontaire de grossesse [IVG dans le cadre légal] - "" Complet ou sans précision, avec complications autres et non précisées """,true,false,true,true,false,0,codable,OWL_ANS,emissible,2715
O04.-0.9,XV,XV/O04.-0.9.md,"Interruption médicale volontaire de grossesse [IVG dans le cadre légal] - "" Complet ou sans précision, sans complication """,true,false,true,true,false,0,codable,OWL_ANS,emissible,3256
O04.-1.0,XV,XV/O04.-1.0.md,"Interruption médicale de grossesse [IMG] [ITG] pour cause embryonnaire ou fœtale - "" Incomplet, compliqué d'une infection de l'appareil génital et des organes pelviens """,true,false,true,true,false,0,codable,OWL_ANS,emissible,3312
O04.-1.1,XV,XV/O04.-1.1.md,"Interruption médicale de grossesse [IMG] [ITG] pour cause embryonnaire ou fœtale - "" Incomplet, compliqué d'une hémorragie retardée ou sévère """,true,false,true,true,false,0,codable,OWL_ANS,emissible,3286
O04.-1.2,XV,XV/O04.-1.2.md,"Interruption médicale de grossesse [IMG] [ITG] pour cause embryonnaire ou fœtale - "" Incomplet, compliqué d'une embolie """,true,false,true,true,false,0,codable,OWL_ANS,emissible,3264
O04.-1.3,XV,XV/O04.-1.3.md,"Interruption médicale de grossesse [IMG] [ITG] pour cause embryonnaire ou fœtale - "" Incomplet, avec complications autres et non précisées """,true,false,true,true,false,0,codable,OWL_ANS,emissible,3289
O04.-1.4,XV,XV/O04.-1.4.md,"Interruption médicale de grossesse [IMG] [ITG] pour cause embryonnaire ou fœtale - "" Incomplet, sans complication """,true,false,true,true,false,0,codable,OWL_ANS,emissible,3577
O04.-1.5,XV,XV/O04.-1.5.md,"Interruption médicale de grossesse [IMG] [ITG] pour cause embryonnaire ou fœtale - "" Complet ou sans précision, compliqué d'une infection de l'appareil génital et des organes pelviens """,true,false,true,true,false,0,codable,OWL_ANS,emissible,3328
O04.-1.6,XV,XV/O04.-1.6.md,"Interruption médicale de grossesse [IMG] [ITG] pour cause embryonnaire ou fœtale - "" Complet ou sans précision, compliqué d'une hémorragie retardée ou sévère """,true,false,true,true,false,0,codable,OWL_ANS,emissible,3302
O04.-1.7,XV,XV/O04.-1.7.md,"Interruption médicale de grossesse [IMG] [ITG] pour cause embryonnaire ou fœtale - "" Complet ou sans précision, compliqué d'une embolie """,true,false,true,true,false,0,codable,OWL_ANS,emissible,3280
O04.-1.8,XV,XV/O04.-1.8.md,"Interruption médicale de grossesse [IMG] [ITG] pour cause embryonnaire ou fœtale - "" Complet ou sans précision, avec complications autres et non précisées """,true,false,true,true,false,0,codable,OWL_ANS,emissible,3305
O04.-1.9,XV,XV/O04.-1.9.md,"Interruption médicale de grossesse [IMG] [ITG] pour cause embryonnaire ou fœtale - "" Complet ou sans précision, sans complication """,true,false,true,true,false,0,codable,OWL_ANS,emissible,3227
O04.-2.0,XV,XV/O04.-2.0.md,"Interruption médicale de grossesse [IMG] [ITG] pour cause maternelle - "" Incomplet, compliqué d'une infection de l'appareil génital et des organes pelviens """,true,false,true,true,false,0,codable,OWL_ANS,emissible,3300
O04.-2.1,XV,XV/O04.-2.1.md,"Interruption médicale de grossesse [IMG] [ITG] pour cause maternelle - "" Incomplet, compliqué d'une hémorragie retardée ou sévère """,true,false,true,true,false,0,codable,OWL_ANS,emissible,3274
O04.-2.2,XV,XV/O04.-2.2.md,"Interruption médicale de grossesse [IMG] [ITG] pour cause maternelle - "" Incomplet, compliqué d'une embolie """,true,false,true,true,false,0,codable,OWL_ANS,emissible,3252
O04.-2.3,XV,XV/O04.-2.3.md,"Interruption médicale de grossesse [IMG] [ITG] pour cause maternelle - "" Incomplet, avec complications autres et non précisées """,true,false,true,true,false,0,codable,OWL_ANS,emissible,3277
O04.-2.4,XV,XV/O04.-2.4.md,"Interruption médicale de grossesse [IMG] [ITG] pour cause maternelle - "" Incomplet, sans complication """,true,false,true,true,false,0,codable,OWL_ANS,emissible,3565
O04.-2.5,XV,XV/O04.-2.5.md,"Interruption médicale de grossesse [IMG] [ITG] pour cause maternelle - "" Complet ou sans précision, compliqué d'une infection de l'appareil génital et des organes pelviens """,true,false,true,true,false,0,codable,OWL_ANS,emissible,3316
O04.-2.6,XV,XV/O04.-2.6.md,"Interruption médicale de grossesse [IMG] [ITG] pour cause maternelle - "" Complet ou sans précision, compliqué d'une hémorragie retardée ou sévère """,true,false,true,true,false,0,codable,OWL_ANS,emissible,3290
O04.-2.7,XV,XV/O04.-2.7.md,"Interruption médicale de grossesse [IMG] [ITG] pour cause maternelle - "" Complet ou sans précision, compliqué d'une embolie """,true,false,true,true,false,0,codable,OWL_ANS,emissible,3268
O04.-2.8,XV,XV/O04.-2.8.md,"Interruption médicale de grossesse [IMG] [ITG] pour cause maternelle - "" Complet ou sans précision, avec complications autres et non précisées """,true,false,true,true,false,0,codable,OWL_ANS,emissible,3293
O04.-2.9,XV,XV/O04.-2.9.md,"Interruption médicale de grossesse [IMG] [ITG] pour cause maternelle - "" Complet ou sans précision, sans complication """,true,false,true,true,false,0,codable,OWL_ANS,emissible,3215
O04.-3.0,XV,XV/O04.-3.0.md,"Interruption médicale de grossesse [IMG] [ITG] pour association de causes fœtale et maternelle - "" Incomplet, compliqué d'une infection de l'appareil génital et des organes pelviens """,true,false,true,true,false,0,codable,OWL_ANS,emissible,3326
O04.-3.1,XV,XV/O04.-3.1.md,"Interruption médicale de grossesse [IMG] [ITG] pour association de causes fœtale et maternelle - "" Incomplet, compliqué d'une hémorragie retardée ou sévère """,true,false,true,true,false,0,codable,OWL_ANS,emissible,3300
O04.-3.2,XV,XV/O04.-3.2.md,"Interruption médicale de grossesse [IMG] [ITG] pour association de causes fœtale et maternelle - "" Incomplet, compliqué d'une embolie """,true,false,true,true,false,0,codable,OWL_ANS,emissible,3278
O04.-3.3,XV,XV/O04.-3.3.md,"Interruption médicale de grossesse [IMG] [ITG] pour association de causes fœtale et maternelle - "" Incomplet, avec complications autres et non précisées """,true,false,true,true,false,0,codable,OWL_ANS,emissible,3303
O04.-3.4,XV,XV/O04.-3.4.md,"Interruption médicale de grossesse [IMG] [ITG] pour association de causes fœtale et maternelle - "" Incomplet, sans complication """,true,false,true,true,false,0,codable,OWL_ANS,emissible,3591
O04.-3.5,XV,XV/O04.-3.5.md,"Interruption médicale de grossesse [IMG] [ITG] pour association de causes fœtale et maternelle - "" Complet ou sans précision, compliqué d'une infection de l'appareil génital et des organes pelviens """,true,false,true,true,false,0,codable,OWL_ANS,emissible,3342
O04.-3.6,XV,XV/O04.-3.6.md,"Interruption médicale de grossesse [IMG] [ITG] pour association de causes fœtale et maternelle - "" Complet ou sans précision, compliqué d'une hémorragie retardée ou sévère """,true,false,true,true,false,0,codable,OWL_ANS,emissible,3316
O04.-3.7,XV,XV/O04.-3.7.md,"Interruption médicale de grossesse [IMG] [ITG] pour association de causes fœtale et maternelle - "" Complet ou sans précision, compliqué d'une embolie """,true,false,true,true,false,0,codable,OWL_ANS,emissible,3294
O04.-3.8,XV,XV/O04.-3.8.md,"Interruption médicale de grossesse [IMG] [ITG] pour association de causes fœtale et maternelle - "" Complet ou sans précision, avec complications autres et non précisées """,true,false,true,true,false,0,codable,OWL_ANS,emissible,3319
O04.-3.9,XV,XV/O04.-3.9.md,"Interruption médicale de grossesse [IMG] [ITG] pour association de causes fœtale et maternelle - "" Complet ou sans précision, sans complication """,true,false,true,true,false,0,codable,OWL_ANS,emissible,3241
O05.0,XV,XV/O05.0.md,"Autres formes d'avortement - "" Incomplet, compliqué d'une infection de l'appareil génital et des organes pelviens """,true,false,true,true,false,0,codable,OWL_ANS,emissible,1993
O05.1,XV,XV/O05.1.md,"Autres formes d'avortement - "" Incomplet, compliqué d'une hémorragie retardée ou sévère """,true,false,true,true,false,0,codable,OWL_ANS,emissible,1967
O05.2,XV,XV/O05.2.md,"Autres formes d'avortement - "" Incomplet, compliqué d'une embolie """,true,false,true,true,false,0,codable,OWL_ANS,emissible,1945
O05.3,XV,XV/O05.3.md,"Autres formes d'avortement - "" Incomplet, avec complications autres et non précisées """,true,false,true,true,false,0,codable,OWL_ANS,emissible,2006
O05.4,XV,XV/O05.4.md,"Autres formes d'avortement - "" Incomplet, sans complication """,false,false,true,true,false,0,codable,OWL_ANS,emissible,1861
O05.5,XV,XV/O05.5.md,"Autres formes d'avortement - "" Complet ou sans précision, compliqué d'une infection de l'appareil génital et des organes pelviens """,true,false,true,true,false,0,codable,OWL_ANS,emissible,2009
O05.6,XV,XV/O05.6.md,"Autres formes d'avortement - "" Complet ou sans précision, compliqué d'une hémorragie retardée ou sévère """,true,false,true,true,false,0,codable,OWL_ANS,emissible,1983
O05.7,XV,XV/O05.7.md,"Autres formes d'avortement - "" Complet ou sans précision, compliqué d'une embolie """,true,false,true,true,false,0,codable,OWL_ANS,emissible,1961
O05.8,XV,XV/O05.8.md,"Autres formes d'avortement - "" Complet ou sans précision, avec complications autres et non précisées """,true,false,true,true,false,0,codable,OWL_ANS,emissible,2904
O05.9,XV,XV/O05.9.md,"Autres formes d'avortement - "" Complet ou sans précision, sans complication """,false,false,true,true,false,0,codable,OWL_ANS,emissible,1877
O06.0,XV,XV/O06.0.md,"Avortement, sans précision - "" Incomplet, compliqué d'une infection de l'appareil génital et des organes pelviens """,true,false,true,true,false,0,codable,OWL_ANS,emissible,2062
O06.1,XV,XV/O06.1.md,"Avortement, sans précision - "" Incomplet, compliqué d'une hémorragie retardée ou sévère """,true,false,true,true,false,0,codable,OWL_ANS,emissible,2036
O06.2,XV,XV/O06.2.md,"Avortement, sans précision - "" Incomplet, compliqué d'une embolie """,true,false,true,true,false,0,codable,OWL_ANS,emissible,2014
O06.3,XV,XV/O06.3.md,"Avortement, sans précision - "" Incomplet, avec complications autres et non précisées """,true,false,true,true,false,0,codable,OWL_ANS,emissible,2075
O06.4,XV,XV/O06.4.md,"Avortement, sans précision - "" Incomplet, sans complication """,true,false,true,true,false,0,codable,OWL_ANS,emissible,1961
O06.5,XV,XV/O06.5.md,"Avortement, sans précision - "" Complet ou sans précision, compliqué d'une infection de l'appareil génital et des organes pelviens """,true,false,true,true,true,0,codable,OWL_ANS,emissible,2146
O06.6,XV,XV/O06.6.md,"Avortement, sans précision - "" Complet ou sans précision, compliqué d'une hémorragie retardée ou sévère """,true,false,true,true,false,0,codable,OWL_ANS,emissible,2052
O06.7,XV,XV/O06.7.md,"Avortement, sans précision - "" Complet ou sans précision, compliqué d'une embolie """,true,false,true,true,false,0,codable,OWL_ANS,emissible,2030
O06.8,XV,XV/O06.8.md,"Avortement, sans précision - "" Complet ou sans précision, avec complications autres et non précisées """,true,false,true,true,false,0,codable,OWL_ANS,emissible,2973
O06.9,XV,XV/O06.9.md,"Avortement, sans précision - "" Complet ou sans précision, sans complication """,true,false,true,true,true,0,codable,OWL_ANS,emissible,2077
O07.0,XV,XV/O07.0.md,"Échec d'une tentative d'avortement médical, compliqué d'une infection de l'appareil génital et des organes pelviens",true,false,true,true,false,0,codable,OWL_ANS,emissible,1733
O07.1,XV,XV/O07.1.md,"Échec d'une tentative d'avortement médical, compliqué d'une hémorragie retardée ou sévère",true,false,true,true,false,0,codable,OWL_ANS,emissible,1707
O07.2,XV,XV/O07.2.md,"Échec d'une tentative d'avortement médical, compliqué d'une embolie",true,false,true,true,false,0,codable,OWL_ANS,emissible,1685
O07.3,XV,XV/O07.3.md,"Échec d'une tentative d'avortement médical, avec complications autres et non précisées",true,false,true,true,false,0,codable,OWL_ANS,emissible,1746
O07.4,XV,XV/O07.4.md,"Échec d'une tentative d'avortement médical, sans complication",true,false,true,true,false,0,codable,OWL_ANS,emissible,2321
O07.5,XV,XV/O07.5.md,"Échecs d'une tentative d'avortement, autres et sans précision, compliqués d'une infection de l'appareil génital et des organes pelviens",true,false,true,true,false,0,codable,OWL_ANS,emissible,1753
O07.6,XV,XV/O07.6.md,"Échecs d'une tentative d'avortement, autres et sans précision, compliqués d'une hémorragie retardée ou sévère",true,false,true,true,false,0,codable,OWL_ANS,emissible,1727
O07.7,XV,XV/O07.7.md,"Échecs d'une tentative d'avortement, autres et sans précision, compliqués d'une embolie",true,false,true,true,false,0,codable,OWL_ANS,emissible,1705
O07.8,XV,XV/O07.8.md,"Échecs d'une tentative d'avortement, autres et sans précision, avec complications autres et non précisées",true,false,true,true,false,0,codable,OWL_ANS,emissible,2659
O07.9,XV,XV/O07.9.md,"Échecs d'une tentative d'avortement, autres et sans précision, sans complication",true,false,true,true,false,0,codable,OWL_ANS,emissible,2303
O08.0,XV,XV/O08.0.md,"Infection de l'appareil génital et des organes pelviens consécutive à un avortement, une grossesse extra-utérine et molaire",true,false,true,true,true,0,codable,OWL_ANS,emissible,3795
O08.1,XV,XV/O08.1.md,"Hémorragie retardée ou sévère consécutive à un avortement, une grossesse extra-utérine et molaire",true,false,true,true,true,0,codable,OWL_ANS,emissible,3211
O08.2,XV,XV/O08.2.md,"Embolie consécutive à un avortement, une grossesse extra-utérine et molaire",true,false,true,true,true,0,codable,OWL_ANS,emissible,3397
O08.3,XV,XV/O08.3.md,"Choc consécutif à un avortement, une grossesse extra-utérine et molaire",true,false,true,true,true,0,codable,OWL_ANS,emissible,2697
O08.4,XV,XV/O08.4.md,"Insuffisance rénale consécutive à un avortement, une grossesse extra-utérine et molaire",true,false,true,true,true,0,codable,OWL_ANS,emissible,3072
O08.5,XV,XV/O08.5.md,"Troubles du métabolisme consécutifs à un avortement, une grossesse extra-utérine et molaire",true,false,true,true,false,0,codable,OWL_ANS,emissible,2472
O08.6,XV,XV/O08.6.md,"Lésions des organes et tissus pelviens consécutives à un avortement, une grossesse extra-utérine et molaire",true,false,true,true,true,0,codable,OWL_ANS,emissible,3494
O08.7,XV,XV/O08.7.md,"Autres complications veineuses consécutives à un avortement, une grossesse extra-utérine et molaire",false,false,true,true,false,0,codable,OWL_ANS,emissible,2306
O08.8,XV,XV/O08.8.md,"Autres complications consécutives à un avortement, une grossesse extra-utérine et molaire",true,false,true,true,false,0,codable,OWL_ANS,emissible,3430
O08.9,XV,XV/O08.9.md,"Complication consécutive à un avortement, une grossesse extra-utérine et molaire, sans précision",true,false,true,true,false,0,codable,OWL_ANS,emissible,2478
O10.0,XV,XV/O10.0.md,"Hypertension essentielle préexistante compliquant la grossesse, l'accouchement et la puerpéralité",true,false,true,false,true,0,codable,OWL_ANS,emissible,1553
O10.1,XV,XV/O10.1.md,"Cardiopathie hypertensive préexistante compliquant la grossesse, l'accouchement et la puerpéralité",true,false,true,false,false,0,codable,OWL_ANS,emissible,1459
O10.2,XV,XV/O10.2.md,"Néphropathie hypertensive préexistante compliquant la grossesse, l'accouchement et la puerpéralité",true,false,true,false,true,0,codable,OWL_ANS,emissible,1568
O10.3,XV,XV/O10.3.md,"Cardionéphropathie hypertensive préexistante compliquant la grossesse, l'accouchement et la puerpéralité",true,false,true,false,false,0,codable,OWL_ANS,emissible,1465
O10.4,XV,XV/O10.4.md,"Hypertension secondaire préexistante compliquant la grossesse, l'accouchement et la puerpéralité",true,false,true,false,true,0,codable,OWL_ANS,emissible,1603
O10.9,XV,XV/O10.9.md,"Hypertension préexistante compliquant la grossesse, l'accouchement et la puerpéralité, sans précision",true,false,true,false,true,0,codable,OWL_ANS,emissible,1352
O11,XV,XV/O11.md,Prééclampsie surajoutée à une hypertension chronique,true,false,true,false,true,0,codable,OWL_ANS,emissible,1288
O12.0,XV,XV/O12.0.md,Œdème gestationnel,false,false,true,false,true,0,codable,OWL_ANS,emissible,1126
O12.1,XV,XV/O12.1.md,Protéinurie gestationnelle,false,false,true,false,true,0,codable,OWL_ANS,emissible,1069
O12.2,XV,XV/O12.2.md,Œdème gestationnel avec protéinurie,false,false,true,false,false,0,codable,OWL_ANS,emissible,1009
O13,XV,XV/O13.md,Hypertension gestationnelle [liée à la grossesse],true,false,true,false,true,0,codable,OWL_ANS,emissible,1336
O14.0,XV,XV/O14.0.md,Prééclampsie légère à modérée,false,false,true,false,true,0,codable,OWL_ANS,emissible,1164
O14.1,XV,XV/O14.1.md,Prééclampsie sévère,false,false,true,false,true,0,codable,OWL_ANS,emissible,1237
O14.2,XV,XV/O14.2.md,HELLP syndrome,true,false,true,false,true,0,codable,OWL_ANS,emissible,1272
O14.9,XV,XV/O14.9.md,"Prééclampsie, sans précision",false,false,true,false,true,0,codable,OWL_ANS,emissible,1246
O15.0,XV,XV/O15.0.md,Éclampsie au cours de la grossesse,true,false,true,false,true,0,codable,OWL_ANS,emissible,1299
O15.1,XV,XV/O15.1.md,Éclampsie au cours du travail,true,false,true,false,false,0,codable,OWL_ANS,emissible,1217
O15.2,XV,XV/O15.2.md,Éclampsie au cours de la puerpéralité,true,false,true,false,false,0,codable,OWL_ANS,emissible,1225
O15.9,XV,XV/O15.9.md,"Éclampsie, sans précision quant à la période",true,false,true,false,true,0,codable,OWL_ANS,emissible,1340
O16,XV,XV/O16.md,"Hypertension de la mère, sans précision",true,false,true,false,true,0,codable,OWL_ANS,emissible,1285
O20.0,XV,XV/O20.0.md,Menace d'avortement,true,false,true,false,true,0,codable,OWL_ANS,emissible,1737
O20.8,XV,XV/O20.8.md,Autres hémorragies du début de la grossesse,false,false,true,false,true,0,codable,OWL_ANS,emissible,1733
O20.9,XV,XV/O20.9.md,"Hémorragie du début de la grossesse, sans précision",false,false,true,false,true,0,codable,OWL_ANS,emissible,1628
O21.0,XV,XV/O21.0.md,Hyperémèse gravidique bénigne,true,false,true,false,false,0,codable,OWL_ANS,emissible,1623
O21.1,XV,XV/O21.1.md,Hyperémèse gravidique avec troubles métaboliques,true,false,true,false,false,0,codable,OWL_ANS,emissible,1967
O21.2,XV,XV/O21.2.md,Vomissements tardifs de la grossesse,true,false,true,false,false,0,codable,OWL_ANS,emissible,1604
O21.8,XV,XV/O21.8.md,Autres vomissements compliquant la grossesse,true,false,true,false,false,0,codable,OWL_ANS,emissible,1800
O21.9,XV,XV/O21.9.md,"Vomissements de la grossesse, sans précision",false,false,true,false,true,0,codable,OWL_ANS,emissible,1573
O22.0,XV,XV/O22.0.md,Varices des membres inférieurs au cours de la grossesse,true,false,true,false,true,0,codable,OWL_ANS,emissible,1932
O22.1,XV,XV/O22.1.md,Varices des organes génitaux au cours de la grossesse,true,false,true,false,false,0,codable,OWL_ANS,emissible,1925
O22.2,XV,XV/O22.2.md,Thrombophlébite superficielle au cours de la grossesse,true,false,true,false,true,0,codable,OWL_ANS,emissible,1984
O22.3,XV,XV/O22.3.md,Phlébothrombose profonde au cours de la grossesse,true,false,true,false,false,0,codable,OWL_ANS,emissible,1839
O22.4,XV,XV/O22.4.md,Hémorroïdes au cours de la grossesse,false,false,true,false,true,0,codable,OWL_ANS,emissible,1792
O22.5,XV,XV/O22.5.md,Thrombose veineuse cérébrale au cours de la grossesse,true,false,true,false,true,0,codable,OWL_ANS,emissible,2049
O22.8,XV,XV/O22.8.md,Autres complications veineuses de la grossesse,false,false,true,false,true,0,codable,OWL_ANS,emissible,2219
O22.9,XV,XV/O22.9.md,"Complication veineuse de la grossesse, sans précision",true,false,true,false,true,0,codable,OWL_ANS,emissible,2064
O23.0,XV,XV/O23.0.md,Infections rénales au cours de la grossesse,false,false,true,false,true,0,codable,OWL_ANS,emissible,2187
O23.1,XV,XV/O23.1.md,Infections vésicales au cours de la grossesse,false,false,true,false,true,0,codable,OWL_ANS,emissible,2150
O23.2,XV,XV/O23.2.md,Infections urétrales au cours de la grossesse,false,false,true,false,false,0,codable,OWL_ANS,emissible,2048
O23.3,XV,XV/O23.3.md,Infections d'autres parties de l'appareil urinaire au cours de la grossesse,false,false,true,false,false,0,codable,OWL_ANS,emissible,2078
O23.4,XV,XV/O23.4.md,Infection de l'appareil urinaire sans précision au cours de la grossesse,false,false,true,false,true,0,codable,OWL_ANS,emissible,2278
O23.5,XV,XV/O23.5.md,Infections de l'appareil génital au cours de la grossesse,false,false,true,false,true,0,codable,OWL_ANS,emissible,2208
O23.9,XV,XV/O23.9.md,"Infections de l'appareil génito-urinaire au cours de la grossesse, autres et sans précision",true,false,true,false,false,0,codable,OWL_ANS,emissible,2188
O24.0,XV,XV/O24.0.md,"Diabète sucré préexistant à la grossesse, de type 1",true,false,true,false,false,0,codable,OWL_ANS,emissible,1609
O24.1,XV,XV/O24.1.md,"Diabète sucré préexistant à la grossesse, de type 2",true,false,true,false,false,0,codable,OWL_ANS,emissible,1609
O24.2,XV,XV/O24.2.md,"Diabète sucré préexistant à la grossesse, lié à la malnutrition",true,false,true,false,false,0,codable,OWL_ANS,emissible,1621
O24.3,XV,XV/O24.3.md,"Diabète sucré préexistant à la grossesse, sans précision",true,false,true,false,true,0,codable,OWL_ANS,emissible,1713
O24.4,XV,XV/O24.4.md,Diabète sucré survenant au cours de la grossesse,true,false,true,false,true,0,codable,OWL_ANS,emissible,1723
O24.9,XV,XV/O24.9.md,"Diabète sucré au cours de la grossesse, sans précision",true,false,true,false,true,0,codable,OWL_ANS,emissible,1853
O25,XV,XV/O25.md,Malnutrition au cours de la grossesse,true,false,true,true,false,0,codable,OWL_ANS,emissible,1965
O26.0,XV,XV/O26.0.md,Prise de poids excessive au cours de la grossesse,false,false,true,false,true,0,codable,OWL_ANS,emissible,1677
O26.1,XV,XV/O26.1.md,Faible prise de poids au cours de la grossesse,false,false,true,false,false,0,codable,OWL_ANS,emissible,1479
O26.2,XV,XV/O26.2.md,Soins au cours de la grossesse pour avortement à répétition,false,false,true,false,true,0,codable,OWL_ANS,emissible,1654
O26.3,XV,XV/O26.3.md,Rétention d'un stérilet au cours d'une grossesse,false,false,true,false,true,0,codable,OWL_ANS,emissible,1567
O26.4,XV,XV/O26.4.md,Herpes gestationis,false,false,true,false,true,0,codable,OWL_ANS,emissible,1562
O26.5,XV,XV/O26.5.md,Syndrome d'hypotension maternelle,true,false,true,false,true,0,codable,OWL_ANS,emissible,1664
O26.6,XV,XV/O26.6.md,"Affections hépatiques au cours de la grossesse, de l'accouchement et de la puerpéralité",true,false,true,false,true,0,codable,OWL_ANS,emissible,1885
O26.7,XV,XV/O26.7.md,"Subluxation de la symphyse (pubienne) au cours de la grossesse, de l'accouchement et de la puerpéralité",false,false,true,false,false,0,codable,OWL_ANS,emissible,1659
O26.8,XV,XV/O26.8.md,Autres affections précisées liées à la grossesse,true,false,true,false,true,0,codable,OWL_ANS,emissible,2574
O26.9,XV,XV/O26.9.md,"Affection liée à la grossesse, sans précision",false,false,true,false,true,3,pere_interdit,OWL_ANS,emissible,1671
O28.0,XV,XV/O28.0.md,Résultats hématologiques anormaux au cours de l'examen prénatal systématique de la mère,false,false,true,false,true,0,codable,OWL_ANS,emissible,1930
O28.1,XV,XV/O28.1.md,Résultats biochimiques anormaux au cours de l'examen prénatal systématique de la mère,false,false,true,false,true,0,codable,OWL_ANS,emissible,1898
O28.2,XV,XV/O28.2.md,Résultats cytologiques anormaux au cours de l'examen prénatal systématique de la mère,false,false,true,false,true,0,codable,OWL_ANS,emissible,1898
O28.3,XV,XV/O28.3.md,Résultats échographiques anormaux au cours de l'examen prénatal systématique de la mère,false,false,true,false,true,0,codable,OWL_ANS,emissible,1902
O28.4,XV,XV/O28.4.md,Résultats radiologiques anormaux au cours de l'examen prénatal systématique de la mère,false,false,true,false,false,0,codable,OWL_ANS,emissible,1771
O28.5,XV,XV/O28.5.md,Résultats chromosomiques et génétiques anormaux au cours de l'examen prénatal systématique de la mère,false,false,true,false,true,0,codable,OWL_ANS,emissible,2002
O28.8,XV,XV/O28.8.md,Autres résultats anormaux au cours de l'examen prénatal systématique de la mère,false,false,true,false,false,0,codable,OWL_ANS,emissible,2414
O28.9,XV,XV/O28.9.md,"Résultat anormal constaté au cours de l'examen prénatal systématique de la mère, sans précision",false,false,true,false,false,0,codable,OWL_ANS,emissible,1751
O29.0,XV,XV/O29.0.md,Complications pulmonaires d'une anesthésie au cours de la grossesse,true,false,true,true,true,0,codable,OWL_ANS,emissible,2889
O29.1,XV,XV/O29.1.md,Complications cardiaques d'une anesthésie au cours de la grossesse,true,false,true,true,false,0,codable,OWL_ANS,emissible,2605
O29.2,XV,XV/O29.2.md,Complications impliquant le système nerveux central dues à une anesthésie au cours de la grossesse,true,false,true,true,false,0,codable,OWL_ANS,emissible,2557
O29.3,XV,XV/O29.3.md,Réaction toxique au cours d'une anesthésie locale au cours de la grossesse,true,false,true,true,false,0,codable,OWL_ANS,emissible,2447
O29.4,XV,XV/O29.4.md,Céphalée provoquée par une rachianesthésie et une anesthésie épidurale au cours de la grossesse,true,false,true,true,false,0,codable,OWL_ANS,emissible,2468
O29.5,XV,XV/O29.5.md,Autres complications d'une rachianesthésie et d'une anesthésie épidurale au cours de la grossesse,true,false,true,true,false,0,codable,OWL_ANS,emissible,2470
O29.6,XV,XV/O29.6.md,Échec ou difficulté d'intubation au cours de la grossesse,true,false,true,true,true,0,codable,OWL_ANS,emissible,2503
O29.8,XV,XV/O29.8.md,Autres complications d'une anesthésie au cours de la grossesse,true,false,true,true,true,0,codable,OWL_ANS,emissible,3208
O29.9,XV,XV/O29.9.md,"Complication d'une anesthésie au cours de la grossesse, sans précision",true,false,true,true,false,0,codable,OWL_ANS,emissible,2414
O30.0,XV,XV/O30.0.md,Grossesse multiple : jumeaux,false,false,true,false,true,0,codable,OWL_ANS,emissible,1196
O30.1,XV,XV/O30.1.md,Grossesse multiple : triplés,false,false,true,false,true,0,codable,OWL_ANS,emissible,1237
O30.2,XV,XV/O30.2.md,Grossesse multiple : quadruplés,false,false,true,false,true,0,codable,OWL_ANS,emissible,1221
O30.8,XV,XV/O30.8.md,Autres grossesses multiples,false,false,true,false,true,0,codable,OWL_ANS,emissible,1395
O30.9,XV,XV/O30.9.md,"Grossesse multiple, sans précision",true,false,true,false,true,0,codable,OWL_ANS,emissible,1248
O31.0,XV,XV/O31.0.md,Fœtus papyracé,true,false,true,false,false,0,codable,OWL_ANS,emissible,1327
O31.1,XV,XV/O31.1.md,Poursuite de la grossesse après avortement d'un ou plusieurs fœtus,false,false,true,false,false,0,codable,OWL_ANS,emissible,1307
O31.2,XV,XV/O31.2.md,Poursuite de la grossesse après mort intra-utérine d'un ou plusieurs fœtus,false,false,true,false,false,0,codable,OWL_ANS,emissible,1315
O31.8,XV,XV/O31.8.md,Autres complications spécifiques à une grossesse multiple,false,false,true,false,true,0,codable,OWL_ANS,emissible,1608
O32.0,XV,XV/O32.0.md,Soins maternels pour position instable,true,false,true,false,false,0,codable,OWL_ANS,emissible,1328
O32.1,XV,XV/O32.1.md,Soins maternels pour présentation du siège,true,false,true,false,false,0,codable,OWL_ANS,emissible,1332
O32.2,XV,XV/O32.2.md,Soins maternels pour position transverse et oblique,true,false,true,false,false,0,codable,OWL_ANS,emissible,1411
O32.3,XV,XV/O32.3.md,"Soins maternels pour présentation de la face, du front et du menton",true,false,true,false,false,0,codable,OWL_ANS,emissible,1357
O32.4,XV,XV/O32.4.md,Soins maternels pour tête haute à terme,true,false,true,false,true,0,codable,OWL_ANS,emissible,1439
O32.5,XV,XV/O32.5.md,Soins maternels pour grossesse multiple avec présentation anormale d'un ou plusieurs fœtus,true,false,true,false,false,0,codable,OWL_ANS,emissible,1380
O32.6,XV,XV/O32.6.md,Soins maternels pour présentation complexe,true,false,true,false,false,0,codable,OWL_ANS,emissible,1332
O32.8,XV,XV/O32.8.md,Soins maternels pour d'autres présentations anormales du fœtus,true,false,true,false,false,0,codable,OWL_ANS,emissible,1853
O32.9,XV,XV/O32.9.md,"Soins maternels pour présentation anormale du fœtus, sans précision",true,false,true,false,true,0,codable,OWL_ANS,emissible,1424
O33.0,XV,XV/O33.0.md,Soins maternels pour disproportion due à une malformation du bassin de la mère,true,false,true,false,true,0,codable,OWL_ANS,emissible,1603
O33.1,XV,XV/O33.1.md,Soins maternels pour disproportion due à un bassin maternel généralement rétréci,true,false,true,false,false,0,codable,OWL_ANS,emissible,1443
O33.2,XV,XV/O33.2.md,Soins maternels pour disproportion due à un rétrécissement du détroit supérieur du bassin maternel,true,false,true,false,false,0,codable,OWL_ANS,emissible,1490
O33.3,XV,XV/O33.3.md,Soins maternels pour disproportion due à un rétrécissement du détroit inférieur,true,false,true,false,false,0,codable,OWL_ANS,emissible,1541
O33.4,XV,XV/O33.4.md,"Soins maternels pour disproportion fœtopelvienne d'origine mixte, maternelle et fœtale",true,false,true,false,false,0,codable,OWL_ANS,emissible,1378
O33.5,XV,XV/O33.5.md,Soins maternels pour disproportion due à un fœtus anormalement gros,true,false,true,false,true,0,codable,OWL_ANS,emissible,1525
O33.6,XV,XV/O33.6.md,Soins maternels pour disproportion due à un fœtus hydrocéphale,true,false,true,false,false,0,codable,OWL_ANS,emissible,1354
O33.7,XV,XV/O33.7.md,Soins maternels pour disproportion due à d'autres anomalies du fœtus,true,false,true,false,true,0,codable,OWL_ANS,emissible,1766
O33.8,XV,XV/O33.8.md,Soins maternels pour disproportion d'autres origines,true,false,true,false,false,0,codable,OWL_ANS,emissible,2107
O33.9,XV,XV/O33.9.md,"Soins maternels pour disproportion, sans précision",true,false,true,false,true,0,codable,OWL_ANS,emissible,1498
O34.0,XV,XV/O34.0.md,Soins maternels pour malformation congénitale de l'utérus,true,false,true,false,true,0,codable,OWL_ANS,emissible,1590
O34.1,XV,XV/O34.1.md,Soins maternels pour tumeur du corps de l'utérus,true,false,true,false,true,0,codable,OWL_ANS,emissible,1604
O34.2,XV,XV/O34.2.md,Soins maternels pour cicatrice utérine due à une intervention chirurgicale antérieure,true,false,true,false,true,0,codable,OWL_ANS,emissible,1693
O34.3,XV,XV/O34.3.md,Soins maternels pour béance du col,true,false,true,false,true,0,codable,OWL_ANS,emissible,1598
O34.4,XV,XV/O34.4.md,Soins maternels pour d'autres anomalies du col,true,false,true,false,false,0,codable,OWL_ANS,emissible,1558
O34.5,XV,XV/O34.5.md,Soins maternels pour d'autres anomalies de l'utérus gravide,true,false,true,false,false,0,codable,OWL_ANS,emissible,1536
O34.6,XV,XV/O34.6.md,Soins maternels pour anomalies du vagin,true,false,true,false,false,0,codable,OWL_ANS,emissible,1729
O34.7,XV,XV/O34.7.md,Soins maternels pour anomalies de la vulve et du périnée,true,false,true,false,true,0,codable,OWL_ANS,emissible,1795
O34.8,XV,XV/O34.8.md,Soins maternels pour d'autres anomalies des organes pelviens,true,false,true,false,true,0,codable,OWL_ANS,emissible,2455
O34.9,XV,XV/O34.9.md,"Soins maternels pour anomalie d'un organe pelvien, sans précision",true,false,true,false,true,0,codable,OWL_ANS,emissible,1417
O35.0,XV,XV/O35.0.md,Soins maternels pour malformation (présumée) du système nerveux central du fœtus,true,false,true,true,false,0,codable,OWL_ANS,emissible,2844
O35.1,XV,XV/O35.1.md,Soins maternels pour anomalie chromosomique (présumée) du fœtus,true,false,true,true,false,0,codable,OWL_ANS,emissible,2607
O35.2,XV,XV/O35.2.md,Soins maternels pour maladie héréditaire (présumée) du fœtus,true,false,true,true,false,0,codable,OWL_ANS,emissible,2683
O35.3,XV,XV/O35.3.md,Soins maternels pour lésions fœtales (présumées) résultant d'une maladie virale de la mère,true,false,true,true,false,0,codable,OWL_ANS,emissible,2879
O35.4,XV,XV/O35.4.md,Soins maternels pour lésions fœtales (présumées) dues à l'alcoolisme maternel,true,false,true,true,false,0,codable,OWL_ANS,emissible,2621
O35.5,XV,XV/O35.5.md,Soins maternels pour lésions fœtales (présumées) médicamenteuses,true,false,true,true,false,0,codable,OWL_ANS,emissible,2849
O35.6,XV,XV/O35.6.md,Soins maternels pour lésions fœtales (présumées) dues à une irradiation,true,false,true,true,false,0,codable,OWL_ANS,emissible,2615
O35.7,XV,XV/O35.7.md,Soins maternels pour lésions fœtales (présumées) dues à d'autres actes à visée diagnostique et thérapeutique,true,false,true,true,false,0,codable,OWL_ANS,emissible,3568
O35.8,XV,XV/O35.8.md,Soins maternels pour d'autres anomalies et lésions fœtales (présumées),true,false,true,true,true,0,codable,OWL_ANS,emissible,3699
O35.9,XV,XV/O35.9.md,"Soins maternels pour anomalie et lésion fœtale (présumées), sans précision",true,false,true,true,false,0,codable,OWL_ANS,emissible,2589
O36.0,XV,XV/O36.0.md,Soins maternels pour iso-immunisation anti-Rh,true,false,true,false,true,0,codable,OWL_ANS,emissible,1579
O36.1,XV,XV/O36.1.md,Soins maternels pour une autre iso-immunisation,true,false,true,false,false,0,codable,OWL_ANS,emissible,1499
O36.2,XV,XV/O36.2.md,Soins maternels pour anasarque fœtoplacentaire,true,false,true,false,true,0,codable,OWL_ANS,emissible,1626
O36.3,XV,XV/O36.3.md,Soins maternels pour signes d'hypoxie fœtale,true,false,true,false,true,0,codable,OWL_ANS,emissible,1630
O36.4,XV,XV/O36.4.md,Soins maternels pour mort intra-utérine du fœtus,true,false,true,false,true,0,codable,OWL_ANS,emissible,1586
O36.5,XV,XV/O36.5.md,Soins maternels pour croissance insuffisante du fœtus,true,false,true,false,true,0,codable,OWL_ANS,emissible,1904
O36.6,XV,XV/O36.6.md,Soins maternels pour croissance excessive du fœtus,true,false,true,false,true,0,codable,OWL_ANS,emissible,1624
O36.7,XV,XV/O36.7.md,Soins maternels pour grossesse abdominale avec fœtus viable,true,false,true,false,false,0,codable,OWL_ANS,emissible,1408
O36.8,XV,XV/O36.8.md,Soins maternels pour d'autres affections précisées du fœtus,true,false,true,false,false,0,codable,OWL_ANS,emissible,1945
O36.9,XV,XV/O36.9.md,"Soins maternels pour affection du fœtus, sans précision",true,false,true,false,false,1,interdit_dp_dr,OWL_ANS,emissible,1377
O40,XV,XV/O40.md,Hydramnios,false,false,true,false,true,0,codable,OWL_ANS,emissible,1054
O41.0,XV,XV/O41.0.md,Oligoamnios,true,false,true,false,true,0,codable,OWL_ANS,emissible,1301
O41.1,XV,XV/O41.1.md,Infection du sac amniotique et des membranes,true,false,true,false,true,0,codable,OWL_ANS,emissible,1480
O41.8,XV,XV/O41.8.md,Autres anomalies précisées du liquide amniotique et des membranes,false,false,true,false,true,0,codable,OWL_ANS,emissible,1395
O41.9,XV,XV/O41.9.md,"Anomalie du liquide amniotique et des membranes, sans précision",false,false,true,false,true,0,codable,OWL_ANS,emissible,1231
O42.0,XV,XV/O42.0.md,"Rupture prématurée des membranes, avec début du travail dans les 24 heures",false,false,true,false,false,0,codable,OWL_ANS,emissible,1052
O42.1,XV,XV/O42.1.md,"Rupture prématurée des membranes, avec début du travail au-delà de 24 heures",false,false,true,false,true,0,codable,OWL_ANS,emissible,1248
O42.2,XV,XV/O42.2.md,"Rupture prématurée des membranes, travail retardé par traitement",false,false,true,false,false,0,codable,OWL_ANS,emissible,1042
O42.9,XV,XV/O42.9.md,"Rupture prématurée des membranes, sans précision",false,false,true,false,true,0,codable,OWL_ANS,emissible,1266
O43.0,XV,XV/O43.0.md,Syndromes de transfusion placentaire,true,false,true,false,true,0,codable,OWL_ANS,emissible,1594
O43.1,XV,XV/O43.1.md,Malformation du placenta,true,false,true,false,true,0,codable,OWL_ANS,emissible,1487
O43.2,XV,XV/O43.2.md,Placenta adhérent pathologique,true,false,true,false,false,0,codable,OWL_ANS,emissible,1540
O43.8,XV,XV/O43.8.md,Autres anomalies du placenta,true,false,true,false,true,0,codable,OWL_ANS,emissible,1782
O43.9,XV,XV/O43.9.md,"Anomalie du placenta, sans précision",false,false,true,false,true,0,codable,OWL_ANS,emissible,1397
O44.0,XV,XV/O44.0.md,Placenta prævia précisé sans hémorragie,true,false,true,false,false,0,codable,OWL_ANS,emissible,1128
O44.1,XV,XV/O44.1.md,Placenta prævia avec hémorragie,true,false,true,false,true,0,codable,OWL_ANS,emissible,1550
O45.0,XV,XV/O45.0.md,Décollement prématuré du placenta avec anomalie de la coagulation,true,false,true,false,true,0,codable,OWL_ANS,emissible,1598
O45.8,XV,XV/O45.8.md,Autres décollements prématurés du placenta,false,false,true,false,false,0,codable,OWL_ANS,emissible,1139
O45.9,XV,XV/O45.9.md,"Décollement prématuré du placenta, sans précision",true,false,true,false,true,0,codable,OWL_ANS,emissible,1442
O46.0,XV,XV/O46.0.md,Hémorragie précédant l'accouchement avec anomalie de la coagulation,true,false,true,false,true,0,codable,OWL_ANS,emissible,1860
O46.8,XV,XV/O46.8.md,Autres hémorragies précédant l'accouchement,false,false,true,false,true,0,codable,OWL_ANS,emissible,1560
O46.9,XV,XV/O46.9.md,"Hémorragie précédant l'accouchement, sans précision",false,false,true,false,true,0,codable,OWL_ANS,emissible,1481
O47.0,XV,XV/O47.0.md,Faux travail avant 37 semaines révolues de gestation,false,false,true,false,true,0,codable,OWL_ANS,emissible,1085
O47.1,XV,XV/O47.1.md,Faux travail à ou après la 37e semaine révolues de gestation,false,false,true,false,true,0,codable,OWL_ANS,emissible,1093
O47.9,XV,XV/O47.9.md,"Faux travail, sans précision",false,false,true,false,true,0,codable,OWL_ANS,emissible,1127
O48,XV,XV/O48.md,Grossesse prolongée,true,false,true,false,true,0,codable,OWL_ANS,emissible,1326
O60.0,XV,XV/O60.0.md,Travail prématuré sans accouchement,true,false,true,false,false,0,codable,OWL_ANS,emissible,1098
O60.1,XV,XV/O60.1.md,Travail prématuré spontané avec accouchement prématuré,true,false,true,false,true,0,codable,OWL_ANS,emissible,1374
O60.2,XV,XV/O60.2.md,Travail prématuré spontané avec accouchement à terme,true,false,true,false,false,0,codable,OWL_ANS,emissible,1206
O60.3,XV,XV/O60.3.md,Accouchement prématuré sans travail spontané,true,false,true,false,false,0,codable,OWL_ANS,emissible,1233
O61.0,XV,XV/O61.0.md,Échec du déclenchement médical du travail,true,false,true,false,false,0,codable,OWL_ANS,emissible,1127
O61.1,XV,XV/O61.1.md,Échec du déclenchement instrumental du travail,true,false,true,false,false,0,codable,OWL_ANS,emissible,1129
O61.8,XV,XV/O61.8.md,Autres échecs du déclenchement du travail,false,false,true,false,false,0,codable,OWL_ANS,emissible,1114
O61.9,XV,XV/O61.9.md,"Échec du déclenchement du travail, sans précision",false,false,true,false,false,0,codable,OWL_ANS,emissible,968
O62.0,XV,XV/O62.0.md,Contractions initiales insuffisantes,true,false,true,false,false,0,codable,OWL_ANS,emissible,1070
O62.1,XV,XV/O62.1.md,Inertie utérine secondaire,true,false,true,false,true,0,codable,OWL_ANS,emissible,1138
O62.2,XV,XV/O62.2.md,Autres formes d'inertie utérine,true,false,true,false,true,0,codable,OWL_ANS,emissible,1279
O62.3,XV,XV/O62.3.md,Travail trop rapide,false,false,true,false,true,0,codable,OWL_ANS,emissible,1050
O62.4,XV,XV/O62.4.md,"Contractions utérines hypertoniques, non coordonnées et prolongées",true,false,true,false,true,0,codable,OWL_ANS,emissible,1557
O62.8,XV,XV/O62.8.md,Autres anomalies des forces en jeu au cours du travail,false,false,true,false,true,0,codable,OWL_ANS,emissible,1329
O62.9,XV,XV/O62.9.md,"Anomalie des forces en jeu au cours du travail, sans précision",false,false,true,false,true,0,codable,OWL_ANS,emissible,1074
O63.0,XV,XV/O63.0.md,Prolongation de la première période [dilatation],false,false,true,false,false,0,codable,OWL_ANS,emissible,967
O63.1,XV,XV/O63.1.md,Prolongation de la deuxième période [expulsion],false,false,true,false,false,0,codable,OWL_ANS,emissible,966
O63.2,XV,XV/O63.2.md,"Accouchement retardé du deuxième jumeau, triplé, etc.",false,false,true,false,false,0,codable,OWL_ANS,emissible,972
O63.9,XV,XV/O63.9.md,"Travail prolongé, sans précision",true,false,true,false,true,0,codable,OWL_ANS,emissible,1089
O64.0,XV,XV/O64.0.md,Dystocie due à une rotation incomplète de la tête du fœtus,true,false,true,false,true,0,codable,OWL_ANS,emissible,1390
O64.1,XV,XV/O64.1.md,Dystocie due à une présentation du siège,false,false,true,false,true,0,codable,OWL_ANS,emissible,1016
O64.2,XV,XV/O64.2.md,Dystocie due à une présentation de la face,true,false,true,false,false,0,codable,OWL_ANS,emissible,1038
O64.3,XV,XV/O64.3.md,Dystocie due à une présentation du front,false,false,true,false,false,0,codable,OWL_ANS,emissible,959
O64.4,XV,XV/O64.4.md,Dystocie due à une présentation de l'épaule,true,false,true,false,false,0,codable,OWL_ANS,emissible,1128
O64.5,XV,XV/O64.5.md,Dystocie due à une présentation complexe,false,false,true,false,false,0,codable,OWL_ANS,emissible,959
O64.8,XV,XV/O64.8.md,Dystocie due à d'autres positions et présentations anormales,false,false,true,false,true,0,codable,OWL_ANS,emissible,1433
O64.9,XV,XV/O64.9.md,"Dystocie due à une position et une présentation anormales, sans précision",false,false,true,false,true,0,codable,OWL_ANS,emissible,1089
O65.0,XV,XV/O65.0.md,Dystocie due à une déformation pelvienne,false,false,true,false,true,0,codable,OWL_ANS,emissible,1032
O65.1,XV,XV/O65.1.md,Dystocie due à un bassin généralement rétréci,false,false,true,false,false,0,codable,OWL_ANS,emissible,964
O65.2,XV,XV/O65.2.md,Dystocie due à un rétrécissement du détroit supérieur,false,false,true,false,false,0,codable,OWL_ANS,emissible,972
O65.3,XV,XV/O65.3.md,Dystocie due à un rétrécissement du détroit inférieur et de la cavité moyenne,false,false,true,false,true,0,codable,OWL_ANS,emissible,1052
O65.4,XV,XV/O65.4.md,"Dystocie due à une disproportion fœtopelvienne, sans précision",false,false,true,false,true,0,codable,OWL_ANS,emissible,1181
O65.5,XV,XV/O65.5.md,Dystocie due à une anomalie des organes pelviens de la mère,true,false,true,false,true,0,codable,OWL_ANS,emissible,1186
O65.8,XV,XV/O65.8.md,Dystocie due à d'autres anomalies pelviennes de la mère,false,false,true,false,false,0,codable,OWL_ANS,emissible,1429
O65.9,XV,XV/O65.9.md,"Dystocie due à une anomalie pelvienne de la mère, sans précision",false,false,true,false,false,0,codable,OWL_ANS,emissible,983
O66.0,XV,XV/O66.0.md,Dystocie due à une dystocie des épaules,true,false,true,false,true,0,codable,OWL_ANS,emissible,1090
O66.1,XV,XV/O66.1.md,Dystocie gémellaire,false,false,true,false,true,0,codable,OWL_ANS,emissible,1146
O66.2,XV,XV/O66.2.md,Dystocie due à un fœtus anormalement gros,false,false,true,false,false,0,codable,OWL_ANS,emissible,960
O66.3,XV,XV/O66.3.md,Dystocie due à d'autres anomalies fœtales,true,false,true,false,false,0,codable,OWL_ANS,emissible,1283
O66.4,XV,XV/O66.4.md,"Échec de l'épreuve de travail, sans précision",true,false,true,false,false,0,codable,OWL_ANS,emissible,1072
O66.5,XV,XV/O66.5.md,"Échec de l'application d'une ventouse et d'un forceps, sans précision",true,false,true,false,false,0,codable,OWL_ANS,emissible,1155
O66.8,XV,XV/O66.8.md,Autres dystocies précisées,false,false,true,false,true,0,codable,OWL_ANS,emissible,1379
O66.9,XV,XV/O66.9.md,"Dystocie, sans précision",true,false,true,false,true,0,codable,OWL_ANS,emissible,1159
O67.0,XV,XV/O67.0.md,Hémorragie pendant l'accouchement avec anomalie de la coagulation,true,false,true,false,true,0,codable,OWL_ANS,emissible,1849
O67.8,XV,XV/O67.8.md,Autres hémorragies pendant l'accouchement,true,false,true,false,false,0,codable,OWL_ANS,emissible,1422
O67.9,XV,XV/O67.9.md,"Hémorragie pendant l'accouchement, sans précision",false,false,true,false,true,0,codable,OWL_ANS,emissible,1370
O68.0,XV,XV/O68.0.md,Travail et accouchement compliqués d'une anomalie du rythme cardiaque du fœtus,true,false,true,false,true,0,codable,OWL_ANS,emissible,1609
O68.1,XV,XV/O68.1.md,Travail et accouchement compliqués de la présence de méconium dans le liquide amniotique,true,false,true,false,false,0,codable,OWL_ANS,emissible,1361
O68.2,XV,XV/O68.2.md,Travail et accouchement compliqués d'une anomalie du rythme cardiaque du fœtus avec présence de méconium dans le liquide amniotique,true,false,true,false,false,0,codable,OWL_ANS,emissible,1319
O68.3,XV,XV/O68.3.md,Travail et accouchement compliqués de signes biochimiques de détresse fœtale,true,false,true,false,false,0,codable,OWL_ANS,emissible,1351
O68.8,XV,XV/O68.8.md,Travail et accouchement compliqués d'autres signes de détresse fœtale,true,false,true,false,false,0,codable,OWL_ANS,emissible,1841
O68.9,XV,XV/O68.9.md,"Travail et accouchement compliqués d'une détresse fœtale, sans précision",true,false,true,false,true,0,codable,OWL_ANS,emissible,1407
O69.0,XV,XV/O69.0.md,Travail et accouchement compliqués d'un prolapsus du cordon,false,false,true,false,false,0,codable,OWL_ANS,emissible,978
O69.1,XV,XV/O69.1.md,"Travail et accouchement compliqués d'une circulaire du cordon, avec compression",false,false,true,false,true,0,codable,OWL_ANS,emissible,1122
O69.2,XV,XV/O69.2.md,"Travail et accouchement compliqués d'une autre forme d'enchevêtrement du cordon, avec compression",true,false,true,false,true,0,codable,OWL_ANS,emissible,1303
O69.3,XV,XV/O69.3.md,Travail et accouchement compliqués d'une brièveté du cordon,false,false,true,false,false,0,codable,OWL_ANS,emissible,978
O69.4,XV,XV/O69.4.md,Travail et accouchement compliqués par une insertion vélamenteuse du cordon,true,false,true,false,true,0,codable,OWL_ANS,emissible,1283
O69.5,XV,XV/O69.5.md,Travail et accouchement compliqués de lésions vasculaires du cordon,true,false,true,false,false,0,codable,OWL_ANS,emissible,1118
O69.8,XV,XV/O69.8.md,Travail et accouchement compliqués d'autres anomalies du cordon ombilical,true,false,true,false,false,0,codable,OWL_ANS,emissible,1639
O69.9,XV,XV/O69.9.md,"Travail et accouchement compliqués d'une anomalie du cordon ombilical, sans précision",false,false,true,false,false,0,codable,OWL_ANS,emissible,1004
O70.0,XV,XV/O70.0.md,"Déchirure obstétricale du périnée, du premier degré",true,false,true,false,false,0,codable,OWL_ANS,emissible,1954
O70.1,XV,XV/O70.1.md,"Déchirure obstétricale du périnée, du deuxième degré",true,false,true,false,false,0,codable,OWL_ANS,emissible,1672
O70.2,XV,XV/O70.2.md,"Déchirure obstétricale du périnée, du troisième degré",true,false,true,false,false,0,codable,OWL_ANS,emissible,1684
O70.3,XV,XV/O70.3.md,"Déchirure obstétricale du périnée, du quatrième degré",true,false,true,false,false,0,codable,OWL_ANS,emissible,1487
O70.9,XV,XV/O70.9.md,"Déchirure obstétricale du périnée, sans précision",true,false,true,false,false,0,codable,OWL_ANS,emissible,1207
O71.0,XV,XV/O71.0.md,Rupture de l'utérus avant le début du travail,true,false,true,false,true,0,codable,OWL_ANS,emissible,1193
O71.1,XV,XV/O71.1.md,Rupture de l'utérus pendant le travail,true,false,true,false,true,0,codable,OWL_ANS,emissible,1401
O71.2,XV,XV/O71.2.md,Inversion de l'utérus du postpartum,true,false,true,false,false,0,codable,OWL_ANS,emissible,1103
O71.3,XV,XV/O71.3.md,Déchirure obstétricale du col de l'utérus,true,false,true,false,false,0,codable,OWL_ANS,emissible,1173
O71.4,XV,XV/O71.4.md,Déchirure obstétricale vaginale haute,true,false,true,false,false,0,codable,OWL_ANS,emissible,1281
O71.5,XV,XV/O71.5.md,Autres lésions obstétricales des organes pelviens,true,false,true,false,true,0,codable,OWL_ANS,emissible,1384
O71.6,XV,XV/O71.6.md,Lésions obstétricales intéressant les articulations et les ligaments pelviens,true,false,true,false,false,0,codable,OWL_ANS,emissible,1342
O71.7,XV,XV/O71.7.md,Hématome pelvien d'origine obstétricale,true,false,true,false,true,0,codable,OWL_ANS,emissible,1284
O71.8,XV,XV/O71.8.md,Autres traumatismes obstétricaux précisés,true,false,true,false,false,0,codable,OWL_ANS,emissible,1615
O71.9,XV,XV/O71.9.md,"Traumatisme obstétrical, sans précision",true,false,true,false,true,0,codable,OWL_ANS,emissible,1178
O72.0,XV,XV/O72.0.md,Hémorragie de la délivrance [troisième période],true,false,true,false,true,0,codable,OWL_ANS,emissible,1395
O72.00,XV,XV/O72.00.md,"Hémorragie de la délivrance [troisième période], sévère",true,false,true,false,false,0,codable,OWL_ANS,emissible,1236
O72.08,XV,XV/O72.08.md,"Hémorragie de la délivrance [troisième période], autre et sans précision",true,false,true,false,false,0,codable,OWL_ANS,emissible,1253
O72.1,XV,XV/O72.1.md,Autres hémorragies immédiates du postpartum,true,false,true,false,true,0,codable,OWL_ANS,emissible,1537
O72.10,XV,XV/O72.10.md,"Autres hémorragies immédiates du postpartum, sévères",true,false,true,false,false,0,codable,OWL_ANS,emissible,1212
O72.18,XV,XV/O72.18.md,Autres hémorragies immédiates du postpartum et sans précision,true,false,true,false,false,0,codable,OWL_ANS,emissible,1221
O72.2,XV,XV/O72.2.md,"Hémorragie du postpartum, tardive et secondaire",true,false,true,false,true,0,codable,OWL_ANS,emissible,1347
O72.20,XV,XV/O72.20.md,"Hémorragie du postpartum, tardive et secondaire, sévère",true,false,true,false,false,0,codable,OWL_ANS,emissible,1270
O72.28,XV,XV/O72.28.md,"Hémorragie du postpartum, tardive et secondaire, autre et sans précision",true,false,true,false,false,0,codable,OWL_ANS,emissible,1287
O72.3,XV,XV/O72.3.md,Anomalie de la coagulation au cours du postpartum,true,false,true,false,true,0,codable,OWL_ANS,emissible,1592
O73.0,XV,XV/O73.0.md,Rétention du placenta sans hémorragie,true,false,true,false,false,0,codable,OWL_ANS,emissible,1043
O73.1,XV,XV/O73.1.md,"Rétention partielle du placenta et des membranes, sans hémorragie",true,false,true,false,false,0,codable,OWL_ANS,emissible,1115
O74.0,XV,XV/O74.0.md,Pneumopathie par aspiration due à une anesthésie au cours du travail et de l'accouchement,true,false,true,true,true,0,codable,OWL_ANS,emissible,2038
O74.1,XV,XV/O74.1.md,Autres complications pulmonaires de l'anesthésie au cours du travail et de l'accouchement,true,false,true,true,false,0,codable,OWL_ANS,emissible,1851
O74.2,XV,XV/O74.2.md,Complications cardiaques de l'anesthésie au cours du travail et de l'accouchement,true,false,true,true,true,0,codable,OWL_ANS,emissible,2030
O74.3,XV,XV/O74.3.md,Complications intéressant le système nerveux central dues à l'anesthésie au cours du travail et de l'accouchement,true,false,true,true,false,0,codable,OWL_ANS,emissible,1856
O74.4,XV,XV/O74.4.md,Réaction toxique à une anesthésie locale au cours du travail et de l'accouchement,true,false,true,true,true,0,codable,OWL_ANS,emissible,1831
O74.5,XV,XV/O74.5.md,Céphalée provoquée par une rachianesthésie et une anesthésie épidurale au cours du travail et de l'accouchement,true,false,true,true,false,0,codable,OWL_ANS,emissible,1752
O74.6,XV,XV/O74.6.md,Autres complications d'une rachianesthésie et d'une anesthésie épidurale au cours du travail et de l'accouchement,true,false,true,true,false,0,codable,OWL_ANS,emissible,1754
O74.7,XV,XV/O74.7.md,Échec ou difficulté d'intubation au cours du travail et de l'accouchement,true,false,true,true,true,0,codable,OWL_ANS,emissible,1801
O74.8,XV,XV/O74.8.md,Autres complications de l'anesthésie au cours du travail et de l'accouchement,true,false,true,true,false,0,codable,OWL_ANS,emissible,2613
O74.9,XV,XV/O74.9.md,"Complication de l'anesthésie au cours du travail et de l'accouchement, sans précision",true,false,true,true,false,0,codable,OWL_ANS,emissible,1726
O75.0,XV,XV/O75.0.md,Épuisement maternel au cours du travail et de l'accouchement,false,false,true,false,false,0,codable,OWL_ANS,emissible,1107
O75.1,XV,XV/O75.1.md,Choc pendant ou après le travail et l'accouchement,true,false,true,false,true,0,codable,OWL_ANS,emissible,1293
O75.2,XV,XV/O75.2.md,"Pyrexie au cours du travail, non classée ailleurs",false,false,true,false,false,0,codable,OWL_ANS,emissible,1096
O75.3,XV,XV/O75.3.md,Autres infections au cours du travail,true,false,true,false,true,0,codable,OWL_ANS,emissible,1281
O75.4,XV,XV/O75.4.md,Autres complications d'un acte de chirurgie obstétricale et d'un acte à visée diagnostique et thérapeutique,true,false,true,true,true,0,codable,OWL_ANS,emissible,2980
O75.5,XV,XV/O75.5.md,Accouchement retardé après rupture artificielle des membranes,false,false,true,false,false,0,codable,OWL_ANS,emissible,1108
O75.6,XV,XV/O75.6.md,Accouchement retardé après rupture spontanée ou non précisée des membranes,false,false,true,false,false,0,codable,OWL_ANS,emissible,1211
O75.7,XV,XV/O75.7.md,Accouchement par voie vaginale après une césarienne,false,false,true,false,false,0,codable,OWL_ANS,emissible,1098
O75.8,XV,XV/O75.8.md,Autres complications précisées du travail et de l'accouchement,false,false,true,false,true,0,codable,OWL_ANS,emissible,1800
O75.9,XV,XV/O75.9.md,"Complication du travail et de l'accouchement, sans précision",false,false,true,false,true,0,codable,OWL_ANS,emissible,1327
O80.0,XV,XV/O80.0.md,Accouchement spontané par présentation du sommet,true,false,true,false,false,0,codable,OWL_ANS,emissible,1373
O80.1,XV,XV/O80.1.md,Accouchement spontané par présentation du siège,true,false,true,false,false,0,codable,OWL_ANS,emissible,1372
O80.8,XV,XV/O80.8.md,Autres accouchements uniques et spontanés,true,false,true,false,false,0,codable,OWL_ANS,emissible,1528
O80.9,XV,XV/O80.9.md,"Accouchement unique et spontané, sans précision",true,false,true,false,true,0,codable,OWL_ANS,emissible,1532
O81.0,XV,XV/O81.0.md,Accouchement par forceps bas,false,false,true,true,true,1,interdit_dp_dr,OWL_ANS,emissible,1711
O81.1,XV,XV/O81.1.md,Accouchement par forceps (moyen) à la partie moyenne de l'excavation,false,false,true,true,false,1,interdit_dp_dr,OWL_ANS,emissible,1672
O81.2,XV,XV/O81.2.md,"Accouchement par forceps (moyen) à la partie moyenne de l'excavation, avec rotation",false,false,true,true,false,1,interdit_dp_dr,OWL_ANS,emissible,1687
O81.3,XV,XV/O81.3.md,"Accouchements par forceps, autres et sans précision",false,false,true,true,false,1,interdit_dp_dr,OWL_ANS,emissible,1655
O81.4,XV,XV/O81.4.md,Accouchement par extraction pneumatique,true,false,true,true,true,1,interdit_dp_dr,OWL_ANS,emissible,1784
O81.5,XV,XV/O81.5.md,Accouchement par association d'un forceps et d'une ventouse,true,false,true,true,false,1,interdit_dp_dr,OWL_ANS,emissible,1754
O82.0,XV,XV/O82.0.md,Accouchement par césarienne programmée,true,false,true,true,false,1,interdit_dp_dr,OWL_ANS,emissible,1589
O82.1,XV,XV/O82.1.md,Accouchement par césarienne d'urgence,false,false,true,true,false,1,interdit_dp_dr,OWL_ANS,emissible,1511
O82.2,XV,XV/O82.2.md,Accouchement par césarienne avec hystérectomie,false,false,true,true,false,1,interdit_dp_dr,OWL_ANS,emissible,1520
O82.8,XV,XV/O82.8.md,Autres accouchements uniques par césarienne,false,false,true,true,true,1,interdit_dp_dr,OWL_ANS,emissible,1788
O82.9,XV,XV/O82.9.md,"Accouchement par césarienne, sans précision",false,false,true,true,true,1,interdit_dp_dr,OWL_ANS,emissible,1617
O83.0,XV,XV/O83.0.md,Extraction par le siège,false,false,true,true,false,1,interdit_dp_dr,OWL_ANS,emissible,1497
O83.1,XV,XV/O83.1.md,Autres accouchements par le siège avec assistance,true,false,true,true,false,1,interdit_dp_dr,OWL_ANS,emissible,1607
O83.2,XV,XV/O83.2.md,Autres accouchements avec l'aide de manipulations,true,false,true,true,true,1,interdit_dp_dr,OWL_ANS,emissible,1680
O83.3,XV,XV/O83.3.md,Accouchement d'un fœtus viable après grossesse abdominale,false,false,true,true,true,1,interdit_dp_dr,OWL_ANS,emissible,1626
O83.4,XV,XV/O83.4.md,Intervention destructrice lors d'un accouchement,true,false,true,true,true,1,interdit_dp_dr,OWL_ANS,emissible,1834
O83.8,XV,XV/O83.8.md,"Autres accouchements uniques précisés, avec assistance",false,false,true,true,false,1,interdit_dp_dr,OWL_ANS,emissible,1860
O83.9,XV,XV/O83.9.md,"Accouchement unique avec assistance, sans précision",true,false,true,true,true,1,interdit_dp_dr,OWL_ANS,emissible,1683
O84.0,XV,XV/O84.0.md,"Accouchements multiples, tous spontanés",false,false,true,true,false,1,interdit_dp_dr,OWL_ANS,emissible,1513
O84.1,XV,XV/O84.1.md,"Accouchements multiples, tous avec forceps et ventouse",false,false,true,true,false,1,interdit_dp_dr,OWL_ANS,emissible,1528
O84.2,XV,XV/O84.2.md,"Accouchements multiples, tous par césarienne",false,false,true,true,false,1,interdit_dp_dr,OWL_ANS,emissible,1518
O84.8,XV,XV/O84.8.md,Autres accouchements multiples,true,false,true,true,false,1,interdit_dp_dr,OWL_ANS,emissible,1827
O84.9,XV,XV/O84.9.md,"Accouchements multiples, sans précision",false,false,true,true,true,1,interdit_dp_dr,OWL_ANS,emissible,1578
O85,XV,XV/O85.md,Sepsis puerpéral,true,false,true,true,true,0,codable,OWL_ANS,emissible,2361
O86.0,XV,XV/O86.0.md,Infection d'une plaie d'origine obstétricale chirurgicale,true,false,true,true,true,0,codable,OWL_ANS,emissible,2245
O86.1,XV,XV/O86.1.md,"Autres infections des voies génitales, après accouchement",true,false,true,false,true,0,codable,OWL_ANS,emissible,1651
O86.2,XV,XV/O86.2.md,"Infection des voies urinaires, après accouchement",true,false,true,false,false,0,codable,OWL_ANS,emissible,1600
O86.3,XV,XV/O86.3.md,"Autres infections des voies génito-urinaires, après accouchement",true,false,true,false,false,0,codable,OWL_ANS,emissible,1583
O86.4,XV,XV/O86.4.md,"Hyperthermie d'origine inconnue, après accouchement",true,false,true,false,true,0,codable,OWL_ANS,emissible,1722
O86.8,XV,XV/O86.8.md,Autres infections puerpérales précisées,false,false,true,false,true,0,codable,OWL_ANS,emissible,1908
O87.0,XV,XV/O87.0.md,Thrombophlébite superficielle au cours de la puerpéralité,true,false,true,false,true,0,codable,OWL_ANS,emissible,1776
O87.1,XV,XV/O87.1.md,Phlébothrombose profonde au cours de la puerpéralité,true,false,true,false,true,0,codable,OWL_ANS,emissible,1997
O87.2,XV,XV/O87.2.md,Hémorroïdes au cours de la puerpéralité,true,false,true,false,false,0,codable,OWL_ANS,emissible,1628
O87.3,XV,XV/O87.3.md,Thrombose veineuse cérébrale au cours de la puerpéralité,true,false,true,false,true,0,codable,OWL_ANS,emissible,1894
O87.8,XV,XV/O87.8.md,Autres complications veineuses au cours de la puerpéralité,true,false,true,false,true,0,codable,OWL_ANS,emissible,2086
O87.9,XV,XV/O87.9.md,"Complication veineuse au cours de la puerpéralité, sans précision",true,false,true,false,true,0,codable,OWL_ANS,emissible,1879
O88.0,XV,XV/O88.0.md,Embolie gazeuse obstétricale,true,false,true,false,true,0,codable,OWL_ANS,emissible,1728
O88.1,XV,XV/O88.1.md,Embolie amniotique,true,false,true,false,true,0,codable,OWL_ANS,emissible,1900
O88.2,XV,XV/O88.2.md,Embolie obstétricale par caillot sanguin,true,false,true,false,true,0,codable,OWL_ANS,emissible,2041
O88.3,XV,XV/O88.3.md,"Embolie pyohémique et septique, obstétricale",true,false,true,false,false,0,codable,OWL_ANS,emissible,1654
O88.8,XV,XV/O88.8.md,Autres embolies obstétricales,true,false,true,false,true,0,codable,OWL_ANS,emissible,1990
O89.0,XV,XV/O89.0.md,Complications pulmonaires de l'anesthésie au cours de la puerpéralité,true,false,true,false,true,0,codable,OWL_ANS,emissible,2047
O89.1,XV,XV/O89.1.md,Complications cardiaques de l'anesthésie au cours de la puerpéralité,true,false,true,false,false,0,codable,OWL_ANS,emissible,1772
O89.2,XV,XV/O89.2.md,Complications intéressant le système nerveux central dues à une anesthésie au cours de la puerpéralité,true,false,true,false,false,0,codable,OWL_ANS,emissible,1723
O89.3,XV,XV/O89.3.md,Réaction toxique à une anesthésie locale au cours de la puerpéralité,true,false,true,false,false,0,codable,OWL_ANS,emissible,1600
O89.4,XV,XV/O89.4.md,Céphalée provoquée par une rachianesthésie et une anesthésie épidurale au cours de la puerpéralité,true,false,true,false,false,0,codable,OWL_ANS,emissible,1630
O89.5,XV,XV/O89.5.md,Autres complications d'une rachianesthésie et d'une anesthésie épidurale au cours de la puerpéralité,true,false,true,false,false,0,codable,OWL_ANS,emissible,1632
O89.6,XV,XV/O89.6.md,Échec ou difficulté d'intubation au cours de la puerpéralité,true,false,true,false,true,0,codable,OWL_ANS,emissible,1673
O89.8,XV,XV/O89.8.md,Autres complications de l'anesthésie au cours de la puerpéralité,true,false,true,false,true,0,codable,OWL_ANS,emissible,2380
O89.9,XV,XV/O89.9.md,"Complication de l'anesthésie au cours de la puerpéralité, sans précision",true,false,true,false,true,0,codable,OWL_ANS,emissible,1695
O90.0,XV,XV/O90.0.md,Rupture d'une suture de césarienne,false,false,true,true,true,0,codable,OWL_ANS,emissible,1993
O90.1,XV,XV/O90.1.md,Rupture d'une suture obstétricale du périnée,true,false,true,true,true,0,codable,OWL_ANS,emissible,2118
O90.2,XV,XV/O90.2.md,Hématome d'une plaie obstétricale,false,false,true,true,true,0,codable,OWL_ANS,emissible,1977
O90.3,XV,XV/O90.3.md,Myocardiopathie au cours de la puerpéralité,true,false,true,false,true,0,codable,OWL_ANS,emissible,1538
O90.4,XV,XV/O90.4.md,Insuffisance rénale aigüe du postpartum,true,false,true,false,true,0,codable,OWL_ANS,emissible,1540
O90.5,XV,XV/O90.5.md,Thyroïdite du postpartum,false,false,true,false,false,0,codable,OWL_ANS,emissible,1331
O90.8,XV,XV/O90.8.md,"Autres complications puerpérales, non classées ailleurs",true,false,true,false,true,0,codable,OWL_ANS,emissible,1886
O90.9,XV,XV/O90.9.md,"Complication puerpérale, sans précision",false,false,true,false,true,0,codable,OWL_ANS,emissible,1400
O91.0,XV,XV/O91.0.md,Infection du mamelon associée à l'accouchement,true,false,true,false,false,0,codable,OWL_ANS,emissible,1596
O91.1,XV,XV/O91.1.md,Abcès du sein associé à l'accouchement,true,false,true,false,false,0,codable,OWL_ANS,emissible,1684
O91.2,XV,XV/O91.2.md,Mastite non purulente associée à l'accouchement,true,false,true,false,true,0,codable,OWL_ANS,emissible,1839
O92.0,XV,XV/O92.0.md,Invagination du mamelon associée à l'accouchement,true,false,true,false,false,0,codable,OWL_ANS,emissible,1517
O92.1,XV,XV/O92.1.md,Crevasses du mamelon associées à l'accouchement,true,false,true,false,false,0,codable,OWL_ANS,emissible,1589
O92.2,XV,XV/O92.2.md,"Mastopathies associées à l'accouchement, autres et sans précision",true,false,true,false,false,0,codable,OWL_ANS,emissible,1533
O92.3,XV,XV/O92.3.md,Agalactie,true,false,true,false,false,0,codable,OWL_ANS,emissible,1519
O92.4,XV,XV/O92.4.md,Hypogalactie,true,false,true,false,true,0,codable,OWL_ANS,emissible,1535
O92.5,XV,XV/O92.5.md,Suppression de la lactation,true,false,true,false,false,0,codable,OWL_ANS,emissible,1585
O92.6,XV,XV/O92.6.md,Galactorrhée,true,false,true,false,true,0,codable,OWL_ANS,emissible,1718
O92.7,XV,XV/O92.7.md,"Anomalies de la lactation, autres et sans précision",true,false,true,false,true,0,codable,OWL_ANS,emissible,1625
O94,XV,XV/O94.md,"Séquelles de complications de la grossesse, de l’accouchement et de la puerpéralité",false,false,true,true,false,4,interdit_dp,OWL_ANS,emissible,2663
O95,XV,XV/O95.md,Mort d'origine obstétricale de cause non précisée,true,false,true,false,true,0,codable,OWL_ANS,emissible,1616
O96.0,XV,XV/O96.0.md,Mort relevant directement d'une cause obstétricale survenant plus de 42 jours mais moins d'un an après l'accouchement,false,false,true,false,false,0,codable,OWL_ANS,emissible,1473
O96.1,XV,XV/O96.1.md,Mort relevant indirectement d'une cause obstétricale survenant plus de 42 jours mais moins d'un an après l'accouchement,false,false,true,false,false,0,codable,OWL_ANS,emissible,1475
O96.9,XV,XV/O96.9.md,Mort relevant d'une cause obstétricale non précisée survenant plus de 42 jours mais moins d'un an après l'accouchement,false,false,true,false,true,0,codable,OWL_ANS,emissible,1595
O97.0,XV,XV/O97.0.md,Mort de séquelles relevant directement d’une cause obstétricale,false,false,true,true,true,0,codable,OWL_ANS,emissible,2155
O97.1,XV,XV/O97.1.md,Mort de séquelles relevant indirectement d’une cause obstétricale,false,false,true,true,false,0,codable,OWL_ANS,emissible,1913
O97.9,XV,XV/O97.9.md,"Mort de séquelles relevant d’une cause obstétricale, non précisée",false,false,true,true,true,0,codable,OWL_ANS,emissible,2197
O98.0,XV,XV/O98.0.md,"Tuberculose compliquant la grossesse, l'accouchement et la puerpéralité",true,false,true,true,true,0,codable,OWL_ANS,emissible,3161
O98.1,XV,XV/O98.1.md,"Syphilis compliquant la grossesse, l'accouchement et la puerpéralité",true,false,true,true,true,0,codable,OWL_ANS,emissible,3172
O98.2,XV,XV/O98.2.md,"Gonococcie compliquant la grossesse, l'accouchement et la puerpéralité",true,false,true,true,false,0,codable,OWL_ANS,emissible,3090
O98.3,XV,XV/O98.3.md,"Autres maladies dont le mode de transmission est essentiellement sexuel, compliquant la grossesse, l'accouchement et la puerpéralité",true,false,true,true,false,0,codable,OWL_ANS,emissible,3193
O98.4,XV,XV/O98.4.md,"Hépatite virale compliquant la grossesse, l'accouchement et la puerpéralité",true,false,true,true,false,0,codable,OWL_ANS,emissible,3099
O98.5,XV,XV/O98.5.md,"Autres maladies virales compliquant la grossesse, l'accouchement et la puerpéralité",true,false,true,true,true,0,codable,OWL_ANS,emissible,3225
O98.6,XV,XV/O98.6.md,"Maladies à protozoaires compliquant la grossesse, l'accouchement et la puerpéralité",true,false,true,true,false,0,codable,OWL_ANS,emissible,3107
O98.7,XV,XV/O98.7.md,"Maladies dues au virus de l’immunodéficience [VIH] compliquant la grossesse, l'accouchement et la puerpéralité",true,false,true,true,true,0,codable,OWL_ANS,emissible,3229
O98.8,XV,XV/O98.8.md,"Autres maladies infectieuses et parasitaires de la mère compliquant la grossesse, l'accouchement et la puerpéralité",true,false,true,true,true,0,codable,OWL_ANS,emissible,4021
O98.9,XV,XV/O98.9.md,"Maladie infectieuse ou parasitaire de la mère compliquant la grossesse, l'accouchement et la puerpéralité, sans précision",true,false,true,true,true,0,codable,OWL_ANS,emissible,3300
O99.0,XV,XV/O99.0.md,"Anémie compliquant la grossesse, l'accouchement et la puerpéralité",true,false,true,true,true,0,codable,OWL_ANS,emissible,2981
O99.1,XV,XV/O99.1.md,"Autres maladies du sang et des organes hématopoïétiques et certaines anomalies du système immunitaire compliquant la grossesse, l'accouchement et la puerpéralité",true,false,true,true,true,0,codable,OWL_ANS,emissible,3125
O99.2,XV,XV/O99.2.md,"Maladies endocriniennes, nutritionnelles et métaboliques compliquant la grossesse, l'accouchement et la puerpéralité",true,false,true,true,true,0,codable,OWL_ANS,emissible,3132
O99.3,XV,XV/O99.3.md,"Troubles mentaux et maladies du système nerveux compliquant la grossesse, l'accouchement et la puerpéralité",true,false,true,true,true,0,codable,OWL_ANS,emissible,3209
O99.4,XV,XV/O99.4.md,"Maladies de l'appareil circulatoire compliquant la grossesse, l'accouchement et la puerpéralité",true,false,true,true,true,0,codable,OWL_ANS,emissible,3626
O99.5,XV,XV/O99.5.md,"Maladies de l'appareil respiratoire compliquant la grossesse, l'accouchement et la puerpéralité",true,false,true,true,true,0,codable,OWL_ANS,emissible,3125
O99.6,XV,XV/O99.6.md,"Maladies de l'appareil digestif compliquant la grossesse, l'accouchement et la puerpéralité",true,false,true,true,false,0,codable,OWL_ANS,emissible,3020
O99.7,XV,XV/O99.7.md,"Maladies de la peau et du tissu cellulaire souscutané compliquant la grossesse, l'accouchement et la puerpéralité",true,false,true,true,true,0,codable,OWL_ANS,emissible,3092
O99.8,XV,XV/O99.8.md,"Autres maladies et affections précisées compliquant la grossesse, l'accouchement et la puerpéralité",true,false,true,true,true,0,codable,OWL_ANS,emissible,4693
P00.0,XVI,XVI/P00.0.md,Fœtus et nouveau-né affectés par des troubles hypertensifs de la mère,true,false,true,true,true,0,codable,OWL_ANS,emissible,2809
P00.1,XVI,XVI/P00.1.md,Fœtus et nouveau-né affectés par des maladies rénales et des voies urinaires de la mère,true,false,true,true,true,0,codable,OWL_ANS,emissible,2948
P00.2,XVI,XVI/P00.2.md,Fœtus et nouveau-né affectés par des maladies infectieuses et parasitaires de la mère,true,false,true,true,true,0,codable,OWL_ANS,emissible,3152
P00.3,XVI,XVI/P00.3.md,Fœtus et nouveau-né affectés par d'autres maladies circulatoires et respiratoires de la mère,true,false,true,true,true,0,codable,OWL_ANS,emissible,2999
P00.4,XVI,XVI/P00.4.md,Fœtus et nouveau-né affectés par des troubles nutritionnels de la mère,true,false,true,true,true,0,codable,OWL_ANS,emissible,2622
P00.5,XVI,XVI/P00.5.md,Fœtus et nouveau-né affectés par un traumatisme de la mère,true,false,true,true,true,0,codable,OWL_ANS,emissible,2729
P00.6,XVI,XVI/P00.6.md,Fœtus et nouveau-né affectés par une intervention chirurgicale chez la mère,true,false,true,true,true,0,codable,OWL_ANS,emissible,2772
P00.7,XVI,XVI/P00.7.md,"Fœtus et nouveau-né affectés par d'autres interventions médicales chez la mère, non classées ailleurs",true,false,true,true,true,0,codable,OWL_ANS,emissible,2990
P00.8,XVI,XVI/P00.8.md,Fœtus et nouveau-né affectés par d'autres affections maternelles,true,false,true,true,true,0,codable,OWL_ANS,emissible,3884
P00.9,XVI,XVI/P00.9.md,"Fœtus et nouveau-né affectés par une affection maternelle, sans précision",true,false,true,true,true,0,codable,OWL_ANS,emissible,2473
P01.0,XVI,XVI/P01.0.md,Fœtus et nouveau-né affectés par la béance du col,true,false,true,true,true,0,codable,OWL_ANS,emissible,2318
P01.1,XVI,XVI/P01.1.md,Fœtus et nouveau-né affectés par la rupture prématurée des membranes,true,false,true,true,true,0,codable,OWL_ANS,emissible,2434
P01.2,XVI,XVI/P01.2.md,Fœtus et nouveau-né affectés par un oligoamnios,true,false,true,true,true,0,codable,OWL_ANS,emissible,2297
P01.3,XVI,XVI/P01.3.md,Fœtus et nouveau-né affectés par un hydramnios,true,false,true,true,true,0,codable,OWL_ANS,emissible,2247
P01.4,XVI,XVI/P01.4.md,Fœtus et nouveau-né affectés par une grossesse extra-utérine,true,false,true,true,false,0,codable,OWL_ANS,emissible,2145
P01.5,XVI,XVI/P01.5.md,Fœtus et nouveau-né affectés par une grossesse multiple,true,false,true,true,true,0,codable,OWL_ANS,emissible,2545
P01.6,XVI,XVI/P01.6.md,Fœtus et nouveau-né affectés par la mort de la mère,true,false,true,true,true,0,codable,OWL_ANS,emissible,2161
P01.7,XVI,XVI/P01.7.md,Fœtus et nouveau-né affectés par une présentation anormale avant le travail,true,false,true,true,false,0,codable,OWL_ANS,emissible,2342
P01.8,XVI,XVI/P01.8.md,Fœtus et nouveau-né affectés par d'autres complications de la grossesse chez la mère,true,false,true,true,true,0,codable,OWL_ANS,emissible,3026
P01.9,XVI,XVI/P01.9.md,"Fœtus et nouveau-né affectés par une complication de la grossesse chez la mère, sans précision",true,false,true,true,true,0,codable,OWL_ANS,emissible,2237
P02.0,XVI,XVI/P02.0.md,Fœtus et nouveau-né affectés par placenta prævia,true,false,true,true,true,0,codable,OWL_ANS,emissible,2335
P02.1,XVI,XVI/P02.1.md,Fœtus et nouveau-né affectés par d'autres formes de décollement et d'hémorragie placentaires,true,false,true,true,true,0,codable,OWL_ANS,emissible,2705
P02.2,XVI,XVI/P02.2.md,"Fœtus et nouveau-né affectés par des anomalies morphologiques et fonctionnelles du placenta, autres et sans précision",true,false,true,true,true,0,codable,OWL_ANS,emissible,2602
P02.3,XVI,XVI/P02.3.md,Fœtus et nouveau-né affectés par des syndromes de transfusion placentaire,true,false,true,true,true,0,codable,OWL_ANS,emissible,2665
P02.4,XVI,XVI/P02.4.md,Fœtus et nouveau-né affectés par une procidence du cordon ombilical,true,false,true,true,true,0,codable,OWL_ANS,emissible,2386
P02.5,XVI,XVI/P02.5.md,Fœtus et nouveau-né affectés par d'autres formes de compression du cordon ombilical,true,false,true,true,true,0,codable,OWL_ANS,emissible,2782
P02.6,XVI,XVI/P02.6.md,"Fœtus et nouveau-né affectés par des affections du cordon ombilical, autres et sans précision",true,false,true,true,true,0,codable,OWL_ANS,emissible,2613
P02.7,XVI,XVI/P02.7.md,Fœtus et nouveau-né affectés par une chorioamniotite,true,false,true,true,true,0,codable,OWL_ANS,emissible,2655
P02.8,XVI,XVI/P02.8.md,Fœtus et nouveau-né affectés par d'autres anomalies des membranes,true,false,true,true,true,0,codable,OWL_ANS,emissible,3065
P02.9,XVI,XVI/P02.9.md,"Fœtus et nouveau-né affectés par une anomalie des membranes, sans précision",true,false,true,true,false,0,codable,OWL_ANS,emissible,2116
P03.0,XVI,XVI/P03.0.md,Fœtus et nouveau-né affectés par un accouchement et une extraction par le siège,true,false,true,true,true,0,codable,OWL_ANS,emissible,2404
P03.1,XVI,XVI/P03.1.md,Fœtus et nouveau-né affectés par d'autres présentations et positions vicieuses du fœtus et disproportions fœtopelviennes au cours du travail et de l'accouchement,true,false,true,true,true,0,codable,OWL_ANS,emissible,2808
P03.2,XVI,XVI/P03.2.md,Fœtus et nouveau-né affectés par un accouchement par forceps,true,false,true,true,true,0,codable,OWL_ANS,emissible,2264
P03.3,XVI,XVI/P03.3.md,Fœtus et nouveau-né affectés par un accouchement par extracteur pneumatique [ventouse],true,false,true,true,true,0,codable,OWL_ANS,emissible,2285
P03.4,XVI,XVI/P03.4.md,Fœtus et nouveau-né affectés par un accouchement par césarienne,true,false,true,true,true,0,codable,OWL_ANS,emissible,2316
P03.5,XVI,XVI/P03.5.md,Fœtus et nouveau-né affectés par un accouchement précipité,true,false,true,true,true,0,codable,OWL_ANS,emissible,2409
P03.6,XVI,XVI/P03.6.md,Fœtus et nouveau-né affectés par des contractions anormales de l'utérus,true,false,true,true,true,0,codable,OWL_ANS,emissible,2387
P03.8,XVI,XVI/P03.8.md,Fœtus et nouveau-né affectés par d'autres complications précisées du travail et de l'accouchement,true,false,true,true,true,0,codable,OWL_ANS,emissible,3664
P03.9,XVI,XVI/P03.9.md,"Fœtus et nouveau-né affectés par une complication du travail et de l'accouchement, sans précision",true,false,true,true,true,0,codable,OWL_ANS,emissible,2352
P04.0,XVI,XVI/P04.0.md,"Fœtus et nouveau-né affectés par une anesthésie et par une analgésie de la mère, au cours de la grossesse, du travail et de l'accouchement",true,false,true,true,true,0,codable,OWL_ANS,emissible,2736
P04.1,XVI,XVI/P04.1.md,Fœtus et nouveau-né affectés par d'autres médicaments absorbés par la mère,true,false,true,true,true,0,codable,OWL_ANS,emissible,3031
P04.2,XVI,XVI/P04.2.md,Fœtus et nouveau-né affectés par le tabagisme de la mère,true,false,true,true,true,0,codable,OWL_ANS,emissible,2480
P04.3,XVI,XVI/P04.3.md,Fœtus et nouveau-né affectés par l'alcoolisme de la mère,true,false,true,true,true,0,codable,OWL_ANS,emissible,2713
P04.4,XVI,XVI/P04.4.md,Fœtus et nouveau-né affectés par la toxicomanie de la mère,true,false,true,true,true,0,codable,OWL_ANS,emissible,2739
P04.5,XVI,XVI/P04.5.md,Fœtus et nouveau-né affectés par une utilisation par la mère de substances chimiques nutritionnelles,true,false,true,true,false,0,codable,OWL_ANS,emissible,2446
P04.6,XVI,XVI/P04.6.md,Fœtus et nouveau-né affectés par l'exposition de la mère à des substances chimiques de l'environnement,true,false,true,true,false,0,codable,OWL_ANS,emissible,2448
P04.8,XVI,XVI/P04.8.md,Fœtus et nouveau-né affectés par d'autres effets nocifs maternels,true,false,true,true,true,0,codable,OWL_ANS,emissible,3236
P04.9,XVI,XVI/P04.9.md,"Fœtus et nouveau-né affectés par un effet nocif maternel, sans précision",true,false,true,true,true,0,codable,OWL_ANS,emissible,2479
P05.0,XVI,XVI/P05.0.md,Faible poids pour l'âge gestationnel,true,false,true,false,true,0,codable,OWL_ANS,emissible,1367
P05.1,XVI,XVI/P05.1.md,Petite taille pour l'âge gestationnel,true,false,true,false,true,0,codable,OWL_ANS,emissible,1409
P05.2,XVI,XVI/P05.2.md,"Malnutrition du fœtus, sans mention de léger ou petit pour l'âge gestationnel",true,false,true,false,false,0,codable,OWL_ANS,emissible,1384
P05.9,XVI,XVI/P05.9.md,"Croissance lente du fœtus, sans précision",true,false,true,false,true,0,codable,OWL_ANS,emissible,1263
P07.0,XVI,XVI/P07.0.md,Poids extrêmement faible à la naissance,true,false,true,false,true,0,codable,OWL_ANS,emissible,1650
P07.1,XVI,XVI/P07.1.md,Autres poids faibles à la naissance,true,false,true,false,true,0,codable,OWL_ANS,emissible,1636
P07.2,XVI,XVI/P07.2.md,Immaturité extrême,true,false,true,false,true,0,codable,OWL_ANS,emissible,1689
P07.3,XVI,XVI/P07.3.md,Autres enfants nés avant terme,true,false,true,false,true,0,codable,OWL_ANS,emissible,1906
P08.0,XVI,XVI/P08.0.md,Enfant exceptionnellement gros,true,false,true,false,true,0,codable,OWL_ANS,emissible,1851
P08.1,XVI,XVI/P08.1.md,Autres enfants gros pour l'âge gestationnel,true,false,true,false,true,0,codable,OWL_ANS,emissible,2114
P08.2,XVI,XVI/P08.2.md,"Enfant né après terme, qui n'est pas gros pour l'âge gestationnel",true,false,true,false,true,0,codable,OWL_ANS,emissible,1826
P10.0,XVI,XVI/P10.0.md,Hémorragie sousdurale due à un traumatisme obstétrical,true,false,true,false,false,0,codable,OWL_ANS,emissible,1307
P10.1,XVI,XVI/P10.1.md,Hémorragie cérébrale due à un traumatisme obstétrical,true,false,true,false,true,0,codable,OWL_ANS,emissible,1236
P10.2,XVI,XVI/P10.2.md,Hémorragie intraventriculaire due à un traumatisme obstétrical,true,false,true,false,true,0,codable,OWL_ANS,emissible,1201
P10.3,XVI,XVI/P10.3.md,Hémorragie sousarachnoïdienne due à un traumatisme obstétrical,true,false,true,false,true,0,codable,OWL_ANS,emissible,1241
P10.4,XVI,XVI/P10.4.md,Déchirure de la tente du cervelet due à un traumatisme obstétrical,true,false,true,false,false,0,codable,OWL_ANS,emissible,1125
P10.8,XVI,XVI/P10.8.md,Autres déchirures et hémorragies intracrâniennes dues à un traumatisme obstétrical,true,false,true,false,true,0,codable,OWL_ANS,emissible,1622
P10.9,XVI,XVI/P10.9.md,"Déchirure et hémorragie intracrâniennes non précisées, dues à un traumatisme obstétrical",true,false,true,false,false,0,codable,OWL_ANS,emissible,1118
P11.0,XVI,XVI/P11.0.md,Œdème cérébral dû à un traumatisme obstétrical,true,false,true,false,true,0,codable,OWL_ANS,emissible,1053
P11.1,XVI,XVI/P11.1.md,"Autres lésions cérébrales précisées, dues à un traumatisme obstétrical",true,false,true,false,false,0,codable,OWL_ANS,emissible,948
P11.2,XVI,XVI/P11.2.md,"Lésion cérébrale non précisée, due à un traumatisme obstétrical",true,false,true,false,false,0,codable,OWL_ANS,emissible,941
P11.3,XVI,XVI/P11.3.md,Lésion du nerf facial due à un traumatisme obstétrical,true,false,true,false,false,0,codable,OWL_ANS,emissible,1006
P11.4,XVI,XVI/P11.4.md,Lésion des autres nerfs crâniens due à un traumatisme obstétrical,true,false,true,false,false,0,codable,OWL_ANS,emissible,943
P11.5,XVI,XVI/P11.5.md,Lésion du rachis et de la moelle épinière due à un traumatisme obstétrical,true,false,true,false,true,0,codable,OWL_ANS,emissible,1350
P11.9,XVI,XVI/P11.9.md,"Lésion du système nerveux central due à un traumatisme obstétrical, sans précision",true,false,true,false,false,0,codable,OWL_ANS,emissible,960
P12.0,XVI,XVI/P12.0.md,Céphalhématome dû à un traumatisme obstétrical,true,false,true,false,true,0,codable,OWL_ANS,emissible,1095
P12.1,XVI,XVI/P12.1.md,Hématome en chignon dû à un traumatisme obstétrical,true,false,true,false,false,0,codable,OWL_ANS,emissible,929
P12.2,XVI,XVI/P12.2.md,Hémorragie épicrânienne sousaponévrotique due à un traumatisme obstétrical,true,false,true,false,true,0,codable,OWL_ANS,emissible,1112
P12.3,XVI,XVI/P12.3.md,Meurtrissure du cuir chevelu due à un traumatisme obstétrical,true,false,true,false,true,0,codable,OWL_ANS,emissible,1101
P12.4,XVI,XVI/P12.4.md,Lésion du cuir chevelu liée à une surveillance continue,true,false,true,false,false,0,codable,OWL_ANS,emissible,1034
P12.8,XVI,XVI/P12.8.md,Autres lésions du cuir chevelu dues à un traumatisme obstétrical,true,false,true,false,false,0,codable,OWL_ANS,emissible,1335
P12.9,XVI,XVI/P12.9.md,"Lésion du cuir chevelu due à un traumatisme obstétrical, sans précision",true,false,true,false,true,0,codable,OWL_ANS,emissible,1070
P13.0,XVI,XVI/P13.0.md,Fracture du crâne due à un traumatisme obstétrical,true,false,true,false,false,0,codable,OWL_ANS,emissible,1038
P13.1,XVI,XVI/P13.1.md,Autres lésions du crâne dues à un traumatisme obstétrical,true,false,true,false,false,0,codable,OWL_ANS,emissible,1107
P13.2,XVI,XVI/P13.2.md,Lésion du fémur due à un traumatisme obstétrical,true,false,true,false,false,0,codable,OWL_ANS,emissible,1036
P13.3,XVI,XVI/P13.3.md,Lésion d'autres os longs due à un traumatisme obstétrical,true,false,true,false,false,0,codable,OWL_ANS,emissible,1045
P13.4,XVI,XVI/P13.4.md,Fracture de la clavicule due à un traumatisme obstétrical,true,false,true,false,false,0,codable,OWL_ANS,emissible,1045
P13.8,XVI,XVI/P13.8.md,Lésions d'autres parties du squelette dues à un traumatisme obstétrical,true,false,true,false,false,0,codable,OWL_ANS,emissible,1434
P13.9,XVI,XVI/P13.9.md,"Lésion du squelette due à un traumatisme obstétrical, sans précision",true,false,true,false,false,0,codable,OWL_ANS,emissible,1027
P14.0,XVI,XVI/P14.0.md,Paralysie de Duchenne–Erb due à un traumatisme obstétrical,true,false,true,false,true,0,codable,OWL_ANS,emissible,1063
P14.1,XVI,XVI/P14.1.md,Paralysie de Dejerine–Klumpke due à un traumatisme obstétrical,true,false,true,false,true,0,codable,OWL_ANS,emissible,1080
P14.2,XVI,XVI/P14.2.md,Paralysie du nerf phrénique due à un traumatisme obstétrical,true,false,true,false,false,0,codable,OWL_ANS,emissible,938
P14.3,XVI,XVI/P14.3.md,Autres lésions du plexus brachial dues à un traumatisme obstétrical,true,false,true,false,false,0,codable,OWL_ANS,emissible,945
P14.8,XVI,XVI/P14.8.md,Lésions d'autres parties du système nerveux périphérique dues à un traumatisme obstétrical,true,false,true,false,false,0,codable,OWL_ANS,emissible,1308
P14.9,XVI,XVI/P14.9.md,"Lésion du système nerveux périphérique due à un traumatisme obstétrical, sans précision",true,false,true,false,true,0,codable,OWL_ANS,emissible,1030
P15.0,XVI,XVI/P15.0.md,Traumatisme obstétrical du foie,true,false,true,false,true,0,codable,OWL_ANS,emissible,1143
P15.1,XVI,XVI/P15.1.md,Traumatisme obstétrical de la rate,true,false,true,false,true,0,codable,OWL_ANS,emissible,1056
P15.2,XVI,XVI/P15.2.md,Lésion sterno-cléido-mastoïdienne due à un traumatisme obstétrical,true,false,true,false,true,0,codable,OWL_ANS,emissible,1054
P15.3,XVI,XVI/P15.3.md,Lésion de l'œil due à un traumatisme obstétrical,true,false,true,false,true,0,codable,OWL_ANS,emissible,1197
P15.4,XVI,XVI/P15.4.md,Lésion faciale due à un traumatisme obstétrical,true,false,true,false,false,0,codable,OWL_ANS,emissible,1000
P15.5,XVI,XVI/P15.5.md,Lésion des organes génitaux externes due à un traumatisme obstétrical,true,false,true,false,false,0,codable,OWL_ANS,emissible,947
P15.6,XVI,XVI/P15.6.md,Adiponécrose souscutanée due à un traumatisme obstétrical,true,false,true,false,false,0,codable,OWL_ANS,emissible,935
P15.8,XVI,XVI/P15.8.md,Autres traumatismes obstétricaux précisés,true,false,true,false,true,0,codable,OWL_ANS,emissible,1574
P15.9,XVI,XVI/P15.9.md,"Traumatisme obstétrical, sans précision",true,false,true,false,true,0,codable,OWL_ANS,emissible,1032
P20.0,XVI,XVI/P20.0.md,Hypoxie intra-utérine constatée pour la première fois avant le début du travail,true,false,true,false,true,0,codable,OWL_ANS,emissible,2123
P20.1,XVI,XVI/P20.1.md,Hypoxie intra-utérine constatée pour la première fois pendant le travail et l'accouchement,true,false,true,false,true,0,codable,OWL_ANS,emissible,2040
P20.9,XVI,XVI/P20.9.md,"Hypoxie intra-utérine, sans précision",true,false,true,false,true,0,codable,OWL_ANS,emissible,2065
P21.0,XVI,XVI/P21.0.md,Asphyxie obstétricale grave,true,false,true,false,true,0,codable,OWL_ANS,emissible,1512
P21.1,XVI,XVI/P21.1.md,Asphyxie obstétricale légère ou modérée,true,false,true,false,true,0,codable,OWL_ANS,emissible,1441
P21.9,XVI,XVI/P21.9.md,"Asphyxie obstétricale, sans précision",true,false,true,false,true,0,codable,OWL_ANS,emissible,1409
P22.0,XVI,XVI/P22.0.md,Syndrome de détresse respiratoire [SDR] du nouveau-né,true,false,true,false,true,0,codable,OWL_ANS,emissible,1526
P22.1,XVI,XVI/P22.1.md,Tachypnée transitoire du nouveau-né,true,false,true,false,true,0,codable,OWL_ANS,emissible,1199
P22.8,XVI,XVI/P22.8.md,Autres détresses respiratoires du nouveau-né,true,false,true,false,true,0,codable,OWL_ANS,emissible,1388
P22.9,XVI,XVI/P22.9.md,"Détresse respiratoire du nouveau-né, sans précision",true,false,true,false,true,0,codable,OWL_ANS,emissible,1171
P23.0,XVI,XVI/P23.0.md,Pneumopathie congénitale due à un agent viral,true,false,true,false,false,0,codable,OWL_ANS,emissible,1295
P23.1,XVI,XVI/P23.1.md,Pneumopathie congénitale à Chlamydia,true,false,true,false,false,0,codable,OWL_ANS,emissible,1200
P23.2,XVI,XVI/P23.2.md,Pneumopathie congénitale à staphylocoques,true,false,true,false,false,0,codable,OWL_ANS,emissible,1205
P23.3,XVI,XVI/P23.3.md,"Pneumonie congénitale à streptocoques, groupe B",true,false,true,false,false,0,codable,OWL_ANS,emissible,1211
P23.4,XVI,XVI/P23.4.md,Pneumopathie congénitale à Escherichia coli,true,false,true,false,false,0,codable,OWL_ANS,emissible,1207
P23.5,XVI,XVI/P23.5.md,Pneumopathie congénitale à Pseudomonas,true,false,true,false,false,0,codable,OWL_ANS,emissible,1202
P23.6,XVI,XVI/P23.6.md,Pneumopathie congénitale due à d'autres agents bactériens,true,false,true,false,false,0,codable,OWL_ANS,emissible,1346
P23.8,XVI,XVI/P23.8.md,Pneumopathie congénitale due à d'autres microorganismes,true,false,true,false,false,0,codable,OWL_ANS,emissible,1658
P23.9,XVI,XVI/P23.9.md,"Pneumopathie congénitale, sans précision",true,false,true,false,true,0,codable,OWL_ANS,emissible,1379
P24.0,XVI,XVI/P24.0.md,Inhalation néonatale de méconium,true,false,true,false,true,0,codable,OWL_ANS,emissible,1231
P24.1,XVI,XVI/P24.1.md,Inhalation néonatale de liquide amniotique et de mucus,true,false,true,false,true,0,codable,OWL_ANS,emissible,1417
P24.2,XVI,XVI/P24.2.md,Inhalation néonatale de sang,true,false,true,false,false,0,codable,OWL_ANS,emissible,1100
P24.3,XVI,XVI/P24.3.md,Inhalation néonatale de lait et d'aliments régurgités,true,false,true,false,false,0,codable,OWL_ANS,emissible,1125
P24.8,XVI,XVI/P24.8.md,Autres syndromes d'inhalation du nouveau-né,true,false,true,false,false,0,codable,OWL_ANS,emissible,1375
P24.9,XVI,XVI/P24.9.md,"Syndrome d'inhalation du nouveau-né, sans précision",true,false,true,false,true,0,codable,OWL_ANS,emissible,1272
P25.0,XVI,XVI/P25.0.md,Emphysème interstitiel survenant pendant la période périnatale,true,false,true,false,true,0,codable,OWL_ANS,emissible,1258
P25.1,XVI,XVI/P25.1.md,Pneumothorax survenant pendant la période périnatale,true,false,true,false,true,0,codable,OWL_ANS,emissible,1320
P25.2,XVI,XVI/P25.2.md,Pneumomédiastin survenant pendant la période périnatale,true,false,true,false,true,0,codable,OWL_ANS,emissible,1145
P25.3,XVI,XVI/P25.3.md,Pneumopéricarde survenant pendant la période périnatale,true,false,true,false,true,0,codable,OWL_ANS,emissible,1048
P25.8,XVI,XVI/P25.8.md,Autres affections apparentées à l'emphysème interstitiel survenant pendant la période périnatale,true,false,true,false,true,0,codable,OWL_ANS,emissible,1441
P26.0,XVI,XVI/P26.0.md,Hémorragie trachéobronchique survenant pendant la période périnatale,true,false,true,false,false,0,codable,OWL_ANS,emissible,1003
P26.1,XVI,XVI/P26.1.md,Hémorragie pulmonaire massive survenant pendant la période périnatale,true,false,true,false,false,0,codable,OWL_ANS,emissible,1004
P26.8,XVI,XVI/P26.8.md,Autres hémorragies pulmonaires survenant pendant la période périnatale,true,false,true,false,true,0,codable,OWL_ANS,emissible,1360
P26.9,XVI,XVI/P26.9.md,Hémorragie pulmonaire non précisée survenant pendant la période périnatale,true,false,true,false,true,0,codable,OWL_ANS,emissible,1302
P27.0,XVI,XVI/P27.0.md,Syndrome de Wilson–Mikity,true,false,true,false,true,0,codable,OWL_ANS,emissible,1127
P27.1,XVI,XVI/P27.1.md,Dysplasie bronchopulmonaire survenant pendant la période périnatale,true,false,true,false,true,0,codable,OWL_ANS,emissible,1163
P27.8,XVI,XVI/P27.8.md,Autres maladies respiratoires chroniques survenant pendant la période périnatale,true,false,true,false,false,0,codable,OWL_ANS,emissible,1266
P27.9,XVI,XVI/P27.9.md,Maladie respiratoire chronique non précisée survenant pendant la période périnatale,true,false,true,false,true,0,codable,OWL_ANS,emissible,1146
P28.0,XVI,XVI/P28.0.md,Atélectasie primitive du nouveau-né,true,false,true,false,true,0,codable,OWL_ANS,emissible,1605
P28.1,XVI,XVI/P28.1.md,"Atélectasies du nouveau-né, autres et sans précision",true,false,true,false,true,0,codable,OWL_ANS,emissible,1456
P28.2,XVI,XVI/P28.2.md,Crises de cyanose du nouveau-né,true,false,true,false,true,0,codable,OWL_ANS,emissible,1314
P28.3,XVI,XVI/P28.3.md,Apnée primitive du sommeil chez le nouveau-né,true,false,true,false,true,0,codable,OWL_ANS,emissible,1238
P28.4,XVI,XVI/P28.4.md,Autres apnées du nouveau-né,true,false,true,false,true,0,codable,OWL_ANS,emissible,1482
P28.5,XVI,XVI/P28.5.md,Insuffisance respiratoire du nouveau-né,true,false,true,false,true,0,codable,OWL_ANS,emissible,1441
P28.8,XVI,XVI/P28.8.md,Autres affections respiratoires précisées chez le nouveau-né,true,false,true,false,true,0,codable,OWL_ANS,emissible,1965
P28.9,XVI,XVI/P28.9.md,"Affection respiratoire du nouveau-né, sans précision",true,false,true,false,true,0,codable,OWL_ANS,emissible,1441
P29.0,XVI,XVI/P29.0.md,Insuffisance cardiaque du nouveau-né,true,false,true,false,true,0,codable,OWL_ANS,emissible,1447
P29.1,XVI,XVI/P29.1.md,Arythmie cardiaque du nouveau-né,true,false,true,false,true,0,codable,OWL_ANS,emissible,1391
P29.2,XVI,XVI/P29.2.md,Hypertension du nouveau-né,true,false,true,false,true,0,codable,OWL_ANS,emissible,1312
P29.3,XVI,XVI/P29.3.md,Persistance de la circulation fœtale,true,false,true,false,true,0,codable,OWL_ANS,emissible,1472
P29.4,XVI,XVI/P29.4.md,Ischémie transitoire du myocarde du nouveau-né,true,false,true,false,true,0,codable,OWL_ANS,emissible,1369
P29.8,XVI,XVI/P29.8.md,Autres affections cardiovasculaires survenant pendant la période périnatale,true,false,true,false,true,0,codable,OWL_ANS,emissible,1816
P29.9,XVI,XVI/P29.9.md,"Affection cardiovasculaire survenant pendant la période périnatale, sans précision",true,false,true,false,true,0,codable,OWL_ANS,emissible,1357
P35.0,XVI,XVI/P35.0.md,Syndrome de rubéole congénitale,true,false,true,false,true,0,codable,OWL_ANS,emissible,1896
P35.1,XVI,XVI/P35.1.md,Infection congénitale à cytomégalovirus,true,false,true,false,true,0,codable,OWL_ANS,emissible,2072
P35.2,XVI,XVI/P35.2.md,Infection virale congénitale herpétique [Herpes simplex],true,false,true,false,true,0,codable,OWL_ANS,emissible,2249
P35.3,XVI,XVI/P35.3.md,Hépatite virale congénitale,true,false,true,false,true,0,codable,OWL_ANS,emissible,1832
P35.4,XVI,XVI/P35.4.md,Maladie congénitale due au virus Zika,true,false,true,false,false,0,codable,OWL_ANS,emissible,1823
P35.8,XVI,XVI/P35.8.md,Autres maladies virales congénitales,true,false,true,false,true,0,codable,OWL_ANS,emissible,2304
P35.9,XVI,XVI/P35.9.md,"Maladie virale congénitale, sans précision",true,false,true,false,true,0,codable,OWL_ANS,emissible,1959
P36.00,XVI,XVI/P36.00.md,"Infection du nouveau-né à streptocoques, groupe B - "" Sepsis """,true,false,true,true,false,0,codable,OWL_ANS,emissible,2482
P36.09,XVI,XVI/P36.09.md,"Infection du nouveau-né à streptocoques, groupe B - "" Infection autre et non précisée """,true,false,true,false,false,0,codable,OWL_ANS,emissible,1882
P36.10,XVI,XVI/P36.10.md,"Infections du nouveau-né à streptocoques, autres et sans précision - "" Sepsis """,true,false,true,true,false,0,codable,OWL_ANS,emissible,2499
P36.19,XVI,XVI/P36.19.md,"Infections du nouveau-né à streptocoques, autres et sans précision - "" Infection autre et non précisée """,true,false,true,false,false,0,codable,OWL_ANS,emissible,1899
P36.20,XVI,XVI/P36.20.md,"Infection du nouveau-né à staphylocoques dorés - "" Sepsis """,true,false,true,true,false,0,codable,OWL_ANS,emissible,2479
P36.29,XVI,XVI/P36.29.md,"Infection du nouveau-né à staphylocoques dorés - "" Infection autre et non précisée """,true,false,true,false,false,0,codable,OWL_ANS,emissible,1879
P36.30,XVI,XVI/P36.30.md,"Infections du nouveau-né à staphylocoques, autres et sans précision - "" Sepsis """,true,false,true,true,false,0,codable,OWL_ANS,emissible,2500
P36.39,XVI,XVI/P36.39.md,"Infections du nouveau-né à staphylocoques, autres et sans précision - "" Infection autre et non précisée """,true,false,true,false,false,0,codable,OWL_ANS,emissible,1900
P36.40,XVI,XVI/P36.40.md,"Infection du nouveau-né à Escherichia coli - "" Sepsis """,true,false,true,true,false,0,codable,OWL_ANS,emissible,2475
P36.49,XVI,XVI/P36.49.md,"Infection du nouveau-né à Escherichia coli - "" Infection autre et non précisée """,true,false,true,false,false,0,codable,OWL_ANS,emissible,1875
P36.50,XVI,XVI/P36.50.md,"Infection du nouveau-né due à des anaérobies - "" Sepsis """,true,false,true,true,false,0,codable,OWL_ANS,emissible,2477
P36.59,XVI,XVI/P36.59.md,"Infection du nouveau-né due à des anaérobies - "" Infection autre et non précisée """,true,false,true,false,false,0,codable,OWL_ANS,emissible,1877
P36.80,XVI,XVI/P36.80.md,"Autres infections bactériennes du nouveau-né - "" Sepsis """,true,false,true,true,false,0,codable,OWL_ANS,emissible,2477
P36.89,XVI,XVI/P36.89.md,"Autres infections bactériennes du nouveau-né - "" Infection autre et non précisée """,true,false,true,false,false,0,codable,OWL_ANS,emissible,1877
P36.90,XVI,XVI/P36.90.md,"Infection bactérienne du nouveau-né, sans précision - "" Sepsis """,true,false,true,true,false,0,codable,OWL_ANS,emissible,2484
P36.99,XVI,XVI/P36.99.md,"Infection bactérienne du nouveau-né, sans précision - "" Infection autre et non précisée """,true,false,true,false,false,0,codable,OWL_ANS,emissible,1884
P37.0,XVI,XVI/P37.0.md,Tuberculose congénitale,true,false,true,false,true,0,codable,OWL_ANS,emissible,2135
P37.1,XVI,XVI/P37.1.md,Toxoplasmose congénitale,true,false,true,false,true,0,codable,OWL_ANS,emissible,2385
P37.2,XVI,XVI/P37.2.md,Listériose du nouveau-né(disséminée),true,false,true,false,true,0,codable,OWL_ANS,emissible,2238
P37.3,XVI,XVI/P37.3.md,Paludisme congénital à Plasmodium falciparum,true,false,true,false,false,0,codable,OWL_ANS,emissible,2090
P37.4,XVI,XVI/P37.4.md,Autres formes de paludisme congénital,true,false,true,false,true,0,codable,OWL_ANS,emissible,2162
P37.5,XVI,XVI/P37.5.md,Candidose du nouveau-né,true,false,true,false,true,0,codable,OWL_ANS,emissible,2447
P37.8,XVI,XVI/P37.8.md,Autres maladies infectieuses et parasitaires congénitales précisées,true,false,true,false,true,0,codable,OWL_ANS,emissible,2883
P37.9,XVI,XVI/P37.9.md,"Maladie infectieuse ou parasitaire congénitale, sans précision",true,false,true,false,true,0,codable,OWL_ANS,emissible,2180
P38,XVI,XVI/P38.md,"Omphalite du nouveau-né, avec ou sans hémorragie modérée",true,false,true,false,true,0,codable,OWL_ANS,emissible,1900
P39.0,XVI,XVI/P39.0.md,Mastite infectieuse du nouveau-né,true,false,true,false,true,0,codable,OWL_ANS,emissible,1946
P39.1,XVI,XVI/P39.1.md,Conjonctivite et dacryocystite du nouveau-né,true,false,true,false,true,0,codable,OWL_ANS,emissible,2095
P39.2,XVI,XVI/P39.2.md,"Infection intraamniotique du fœtus, non classée ailleurs",true,false,true,false,true,0,codable,OWL_ANS,emissible,2165
P39.3,XVI,XVI/P39.3.md,Infection des voies urinaires du nouveau-né,true,false,true,false,true,0,codable,OWL_ANS,emissible,1819
P39.4,XVI,XVI/P39.4.md,Infection de la peau du nouveau-né,true,false,true,false,true,0,codable,OWL_ANS,emissible,1986
P39.8,XVI,XVI/P39.8.md,Autres infections spécifiques précisées de la période périnatale,true,false,true,false,true,0,codable,OWL_ANS,emissible,2464
P39.9,XVI,XVI/P39.9.md,"Infection spécifique de la période périnatale, sans précision",true,false,true,false,true,0,codable,OWL_ANS,emissible,2091
P50.0,XVI,XVI/P50.0.md,Perte de sang fœtal due à une procidence des vaisseaux du cordon [vasa prævia],true,false,true,false,false,0,codable,OWL_ANS,emissible,1387
P50.1,XVI,XVI/P50.1.md,Perte de sang fœtal due à une rupture du cordon,true,false,true,false,true,0,codable,OWL_ANS,emissible,1440
P50.2,XVI,XVI/P50.2.md,Perte de sang fœtal d'origine placentaire,true,false,true,false,false,0,codable,OWL_ANS,emissible,1350
P50.3,XVI,XVI/P50.3.md,Jumeau transfuseur,true,false,true,false,false,0,codable,OWL_ANS,emissible,1327
P50.4,XVI,XVI/P50.4.md,Hémorragie vers la circulation maternelle,true,false,true,false,true,0,codable,OWL_ANS,emissible,1484
P50.5,XVI,XVI/P50.5.md,Perte de sang fœtal au niveau de la section du cordon d'un jumeau,true,false,true,false,false,0,codable,OWL_ANS,emissible,1374
P50.8,XVI,XVI/P50.8.md,Autres pertes de sang fœtal,true,false,true,false,false,0,codable,OWL_ANS,emissible,1745
P50.9,XVI,XVI/P50.9.md,"Perte de sang fœtal, sans précision",true,false,true,false,true,0,codable,OWL_ANS,emissible,1536
P51.0,XVI,XVI/P51.0.md,Hémorragie ombilicale massive du nouveau-né,true,false,true,false,false,0,codable,OWL_ANS,emissible,1341
P51.8,XVI,XVI/P51.8.md,Autres hémorragies ombilicales du nouveau-né,true,false,true,false,true,0,codable,OWL_ANS,emissible,1579
P51.9,XVI,XVI/P51.9.md,"Hémorragie ombilicale du nouveau-né, sans précision",true,false,true,false,true,0,codable,OWL_ANS,emissible,1380
P52.0,XVI,XVI/P52.0.md,"Hémorragie intraventriculaire (non traumatique) du fœtus et du nouveau-né, degré 1",true,false,true,false,true,0,codable,OWL_ANS,emissible,1824
P52.1,XVI,XVI/P52.1.md,"Hémorragie intraventriculaire (non traumatique) du fœtus et du nouveau-né, degré 2",true,false,true,false,true,0,codable,OWL_ANS,emissible,1843
P52.2,XVI,XVI/P52.2.md,"Hémorragie intraventriculaire (non traumatique) du fœtus et du nouveau-né, degré 3 et 4",true,false,true,false,true,0,codable,OWL_ANS,emissible,2092
P52.3,XVI,XVI/P52.3.md,"Hémorragie intraventriculaire (non traumatique) du fœtus et du nouveau-né, sans précision",true,false,true,false,true,0,codable,OWL_ANS,emissible,1960
P52.4,XVI,XVI/P52.4.md,Hémorragie intracérébrale (non traumatique) du fœtus et du nouveau-né,true,false,true,false,true,0,codable,OWL_ANS,emissible,1953
P52.5,XVI,XVI/P52.5.md,Hémorragie sousarachnoïdienne (non traumatique) du fœtus et du nouveau-né,true,false,true,false,true,0,codable,OWL_ANS,emissible,1935
P52.6,XVI,XVI/P52.6.md,Hémorragie cérébelleuse et de la fosse postérieure (non traumatique) du fœtus et du nouveau-né,true,false,true,false,true,0,codable,OWL_ANS,emissible,1975
P52.8,XVI,XVI/P52.8.md,Autres hémorragies intracrâniennes (non traumatiques) du fœtus et du nouveau-né,true,false,true,false,true,0,codable,OWL_ANS,emissible,2619
P52.9,XVI,XVI/P52.9.md,"Hémorragie intracrânienne (non traumatique) du fœtus et du nouveau-né, sans précision",true,false,true,false,true,0,codable,OWL_ANS,emissible,1850
P53,XVI,XVI/P53.md,Maladie hémorragique du fœtus et du nouveau-né,true,false,true,false,true,0,codable,OWL_ANS,emissible,1482
P54.0,XVI,XVI/P54.0.md,Hématémèse du nouveau-né,true,false,true,false,true,0,codable,OWL_ANS,emissible,1528
P54.1,XVI,XVI/P54.1.md,Mélæna du nouveau-né,true,false,true,false,true,0,codable,OWL_ANS,emissible,1520
P54.2,XVI,XVI/P54.2.md,Hémorragie rectale du nouveau-né,true,false,true,false,true,0,codable,OWL_ANS,emissible,1452
P54.3,XVI,XVI/P54.3.md,Autres hémorragies gastro-intestinales du nouveau-né,true,false,true,false,true,0,codable,OWL_ANS,emissible,1504
P54.4,XVI,XVI/P54.4.md,Hémorragie surrénalienne du nouveau-né,true,false,true,false,true,0,codable,OWL_ANS,emissible,1461
P54.5,XVI,XVI/P54.5.md,Hémorragie cutanée du nouveau-né,true,false,true,false,true,0,codable,OWL_ANS,emissible,1984
P54.6,XVI,XVI/P54.6.md,Hémorragie vaginale du nouveau-né,true,false,true,false,true,0,codable,OWL_ANS,emissible,1533
P54.8,XVI,XVI/P54.8.md,Autres hémorragies précisées du nouveau-né,true,false,true,false,true,0,codable,OWL_ANS,emissible,2148
P54.9,XVI,XVI/P54.9.md,Hémorragie sans précision du nouveau-né,true,false,true,false,true,0,codable,OWL_ANS,emissible,1682
P55.0,XVI,XVI/P55.0.md,Iso-immunisation Rh du fœtus et du nouveau-né,true,false,true,false,true,0,codable,OWL_ANS,emissible,1590
P55.1,XVI,XVI/P55.1.md,Iso-immunisation ABO du fœtus et du nouveau-né,true,false,true,false,true,0,codable,OWL_ANS,emissible,1298
P55.8,XVI,XVI/P55.8.md,Autres maladies hémolytiques du fœtus et du nouveau-né,true,false,true,false,true,0,codable,OWL_ANS,emissible,1640
P55.9,XVI,XVI/P55.9.md,"Maladie hémolytique du fœtus et du nouveau-né, sans précision",true,false,true,false,true,0,codable,OWL_ANS,emissible,1532
P56.0,XVI,XVI/P56.0.md,Anasarque fœtoplacentaire due à une iso-immunisation,true,false,true,false,true,0,codable,OWL_ANS,emissible,1480
P56.9,XVI,XVI/P56.9.md,"Anasarque fœtoplacentaire due à des maladies hémolytiques, autres et sans précision",true,false,true,false,true,0,codable,OWL_ANS,emissible,1483
P57.0,XVI,XVI/P57.0.md,Ictère nucléaire dû à une iso-immunisation,true,false,true,false,false,0,codable,OWL_ANS,emissible,1232
P57.8,XVI,XVI/P57.8.md,Autres formes précisées d'ictère nucléaire,true,false,true,false,false,0,codable,OWL_ANS,emissible,1401
P57.9,XVI,XVI/P57.9.md,"Ictère nucléaire, sans précision",true,false,true,false,true,0,codable,OWL_ANS,emissible,1363
P58.0,XVI,XVI/P58.0.md,Ictère du nouveau-né dû à des contusions,true,false,true,false,false,0,codable,OWL_ANS,emissible,1341
P58.1,XVI,XVI/P58.1.md,Ictère du nouveau-né dû à un saignement,true,false,true,false,false,0,codable,OWL_ANS,emissible,1340
P58.2,XVI,XVI/P58.2.md,Ictère du nouveau-né dû à une infection,true,false,true,false,false,0,codable,OWL_ANS,emissible,1340
P58.3,XVI,XVI/P58.3.md,Ictère du nouveau-né dû à une polycythémie,true,false,true,false,false,0,codable,OWL_ANS,emissible,1343
P58.4,XVI,XVI/P58.4.md,Ictère du nouveau-né dû à des médicaments ou des toxines transmis par la mère ou administrés au nouveau-né,true,false,true,false,false,0,codable,OWL_ANS,emissible,1407
P58.5,XVI,XVI/P58.5.md,Ictère du nouveau-né dû à une ingestion de sang maternel,true,false,true,false,false,0,codable,OWL_ANS,emissible,1357
P58.8,XVI,XVI/P58.8.md,Ictère du nouveau-né dû à d'autres hémolyses excessives précisées,true,false,true,false,false,0,codable,OWL_ANS,emissible,1807
P58.9,XVI,XVI/P58.9.md,"Ictère du nouveau-né dû à une hémolyse excessive, sans précision",true,false,true,false,false,0,codable,OWL_ANS,emissible,1336
P59.0,XVI,XVI/P59.0.md,Ictère du nouveau-né associé à un accouchement avant terme,true,false,true,false,false,0,codable,OWL_ANS,emissible,1540
P59.1,XVI,XVI/P59.1.md,Syndrome de la « bile épaisse »,true,false,true,false,true,0,codable,OWL_ANS,emissible,1444
P59.2,XVI,XVI/P59.2.md,"Ictère du nouveau-né dû à des lésions hépatocellulaires, autres et sans précision",true,false,true,false,true,0,codable,OWL_ANS,emissible,1856
P59.3,XVI,XVI/P59.3.md,Ictère du nouveau-né dû à des inhibiteurs de la lactation,true,false,true,false,false,0,codable,OWL_ANS,emissible,1389
P59.8,XVI,XVI/P59.8.md,Ictère du nouveau-né dû à d'autres causes précisées,true,false,true,false,true,0,codable,OWL_ANS,emissible,1763
P59.9,XVI,XVI/P59.9.md,"Ictère du nouveau-né, sans précision",true,false,true,false,true,0,codable,OWL_ANS,emissible,1542
P60,XVI,XVI/P60.md,Coagulation intravasculaire disséminée chez le fœtus et le nouveau-né,true,false,true,false,true,0,codable,OWL_ANS,emissible,1660
P61.0,XVI,XVI/P61.0.md,Thrombopénie du nouveau-né transitoire,true,false,true,false,true,0,codable,OWL_ANS,emissible,1701
P61.1,XVI,XVI/P61.1.md,Polycythémie du nouveau-né,true,false,true,false,true,0,codable,OWL_ANS,emissible,1435
P61.2,XVI,XVI/P61.2.md,Anémie de la prématurité,true,false,true,false,true,0,codable,OWL_ANS,emissible,1405
P61.3,XVI,XVI/P61.3.md,Anémie congénitale par perte de sang fœtal,true,false,true,false,true,0,codable,OWL_ANS,emissible,1575
P61.4,XVI,XVI/P61.4.md,"Autres anémies congénitales, non classées ailleurs",true,false,true,false,true,0,codable,OWL_ANS,emissible,1707
P61.5,XVI,XVI/P61.5.md,Neutropénie transitoire du nouveau-né,true,false,true,false,true,0,codable,OWL_ANS,emissible,1415
P61.6,XVI,XVI/P61.6.md,Autres troubles transitoires de la coagulation pendant la période du nouveau-né,true,false,true,false,true,0,codable,OWL_ANS,emissible,1562
P61.8,XVI,XVI/P61.8.md,Autres affections hématologiques précisées de la période périnatale,true,false,true,false,true,0,codable,OWL_ANS,emissible,1952
P61.9,XVI,XVI/P61.9.md,"Affection hématologique de la période périnatale, sans précision",true,false,true,false,false,0,codable,OWL_ANS,emissible,1349
P70.0,XVI,XVI/P70.0.md,Syndrome de l'enfant dont la mère a un diabète gestationnel,true,false,true,false,true,0,codable,OWL_ANS,emissible,1441
P70.1,XVI,XVI/P70.1.md,Syndrome de l'enfant de mère diabétique,true,false,true,false,true,0,codable,OWL_ANS,emissible,1609
P70.2,XVI,XVI/P70.2.md,Diabète sucré du nouveau-né,true,false,true,false,true,0,codable,OWL_ANS,emissible,1309
P70.3,XVI,XVI/P70.3.md,Hypoglycémie iatrogène du nouveau-né,true,false,true,false,false,0,codable,OWL_ANS,emissible,1214
P70.4,XVI,XVI/P70.4.md,Autres hypoglycémies du nouveau-né,true,false,true,false,true,0,codable,OWL_ANS,emissible,1354
P70.8,XVI,XVI/P70.8.md,Autres anomalies transitoires du métabolisme des glucides chez le fœtus et le nouveau-né,true,false,true,false,true,0,codable,OWL_ANS,emissible,1664
P70.9,XVI,XVI/P70.9.md,"Anomalie transitoire du métabolisme des glucides chez le fœtus et le nouveau-né, sans précision",true,false,true,false,false,0,codable,OWL_ANS,emissible,1273
P71.0,XVI,XVI/P71.0.md,"Hypocalcémie du nouveau-né, due au lait de vache",true,false,true,false,false,0,codable,OWL_ANS,emissible,1226
P71.1,XVI,XVI/P71.1.md,Autres hypocalcémies du nouveau-né,true,false,true,false,true,0,codable,OWL_ANS,emissible,1356
P71.2,XVI,XVI/P71.2.md,Hypomagnésémie du nouveau-né,true,false,true,false,true,0,codable,OWL_ANS,emissible,1263
P71.3,XVI,XVI/P71.3.md,Tétanie du nouveau-né sans carence en calcium ou magnésium,true,false,true,false,true,0,codable,OWL_ANS,emissible,1341
P71.4,XVI,XVI/P71.4.md,Hypoparathyroïdie transitoire du nouveau-né,true,false,true,false,true,0,codable,OWL_ANS,emissible,1293
P71.8,XVI,XVI/P71.8.md,Autres anomalies transitoires du métabolisme du calcium et du magnésium du nouveau-né,true,false,true,false,false,0,codable,OWL_ANS,emissible,1580
P71.9,XVI,XVI/P71.9.md,"Anomalie transitoire du métabolisme du calcium et du magnésium du nouveau-né, sans précision",true,false,true,false,false,0,codable,OWL_ANS,emissible,1270
P72.0,XVI,XVI/P72.0.md,"Goitre du nouveau-né, non classé ailleurs",true,false,true,false,false,0,codable,OWL_ANS,emissible,1515
P72.1,XVI,XVI/P72.1.md,Hyperthyroïdie transitoire du nouveau-né,true,false,true,false,true,0,codable,OWL_ANS,emissible,1568
P72.2,XVI,XVI/P72.2.md,"Autres anomalies de la fonction thyroïdienne du nouveau-né, non classées ailleurs",true,false,true,false,false,0,codable,OWL_ANS,emissible,1526
P72.8,XVI,XVI/P72.8.md,Autres anomalies endocriniennes transitoires précisées du nouveau-né,true,false,true,false,false,0,codable,OWL_ANS,emissible,1696
P72.9,XVI,XVI/P72.9.md,"Anomalie endocrinienne transitoire du nouveau-né, sans précision",true,false,true,false,false,0,codable,OWL_ANS,emissible,1421
P74.0,XVI,XVI/P74.0.md,Acidose métabolique tardive du nouveau-né,true,false,true,false,true,0,codable,OWL_ANS,emissible,1342
P74.1,XVI,XVI/P74.1.md,Déshydratation du nouveau-né,true,false,true,false,true,0,codable,OWL_ANS,emissible,1373
P74.2,XVI,XVI/P74.2.md,Anomalies de l'équilibre sodique du nouveau-né,true,false,true,false,true,0,codable,OWL_ANS,emissible,1330
P74.3,XVI,XVI/P74.3.md,Anomalies de l'équilibre potassique du nouveau-né,true,false,true,false,true,0,codable,OWL_ANS,emissible,1283
P74.4,XVI,XVI/P74.4.md,Autres anomalies électrolytiques transitoires du nouveau-né,true,false,true,false,false,0,codable,OWL_ANS,emissible,1237
P74.5,XVI,XVI/P74.5.md,Tyrosinémie transitoire du nouveau-né,true,false,true,false,false,0,codable,OWL_ANS,emissible,1215
P74.8,XVI,XVI/P74.8.md,Autres anomalies métaboliques transitoires du nouveau-né,true,false,true,false,true,0,codable,OWL_ANS,emissible,1686
P74.9,XVI,XVI/P74.9.md,"Anomalie métabolique transitoire du nouveau-né, sans précision",true,false,true,false,true,0,codable,OWL_ANS,emissible,1315
P75,XVI,XVI/P75.md,Iléus méconial dans la fibrose kystique du pancréas [mucoviscidose],true,false,true,false,false,0,codable,OWL_ANS,emissible,975
P76.0,XVI,XVI/P76.0.md,Syndrome du bouchon méconial,true,false,true,false,true,0,codable,OWL_ANS,emissible,1131
P76.1,XVI,XVI/P76.1.md,Iléus transitoire du nouveau-né,true,false,true,false,true,0,codable,OWL_ANS,emissible,1062
P76.2,XVI,XVI/P76.2.md,Occlusion intestinale due à un lait épaissi,true,false,true,false,false,0,codable,OWL_ANS,emissible,955
P76.8,XVI,XVI/P76.8.md,Autres occlusions intestinales précisées du nouveau-né,true,false,true,false,true,0,codable,OWL_ANS,emissible,1257
P76.9,XVI,XVI/P76.9.md,"Occlusion intestinale du nouveau-né, sans précision",true,false,true,false,true,0,codable,OWL_ANS,emissible,1287
P77,XVI,XVI/P77.md,Entérocolite nécrosante du fœtus et du nouveau-né,true,false,true,false,true,0,codable,OWL_ANS,emissible,1220
P78.0,XVI,XVI/P78.0.md,Perforation intestinale périnatale,true,false,true,false,true,0,codable,OWL_ANS,emissible,1413
P78.1,XVI,XVI/P78.1.md,Autres péritonites du nouveau-né,true,false,true,false,true,0,codable,OWL_ANS,emissible,1212
P78.2,XVI,XVI/P78.2.md,Hématémèse et mélæna du nouveau-né dus à une ingestion de sang maternel,true,false,true,false,false,0,codable,OWL_ANS,emissible,1111
P78.3,XVI,XVI/P78.3.md,Diarrhée non infectieuse du nouveau-né,true,false,true,false,true,0,codable,OWL_ANS,emissible,1373
P78.8,XVI,XVI/P78.8.md,Autres affections périnatales précisées de l'appareil digestif,true,false,true,false,true,0,codable,OWL_ANS,emissible,1792
P78.9,XVI,XVI/P78.9.md,"Affection périnatale de l'appareil digestif, sans précision",true,false,true,false,true,0,codable,OWL_ANS,emissible,1158
P80.0,XVI,XVI/P80.0.md,Syndrome hypothermique du nouveau-né,true,false,true,false,true,0,codable,OWL_ANS,emissible,1364
P80.8,XVI,XVI/P80.8.md,Autres formes d'hypothermie du nouveau-né,true,false,true,false,true,0,codable,OWL_ANS,emissible,1190
P80.9,XVI,XVI/P80.9.md,"Hypothermie du nouveau-né, sans précision",true,false,true,false,true,0,codable,OWL_ANS,emissible,1079
P81.0,XVI,XVI/P81.0.md,Hyperthermie du nouveau-né due à l'environnement,true,false,true,false,false,0,codable,OWL_ANS,emissible,990
P81.8,XVI,XVI/P81.8.md,Autres troubles précisés de la régulation thermique du nouveau-né,true,false,true,false,false,0,codable,OWL_ANS,emissible,1109
P81.9,XVI,XVI/P81.9.md,"Trouble de la régulation thermique du nouveau-né, sans précision",true,false,true,false,true,0,codable,OWL_ANS,emissible,1255
P83.0,XVI,XVI/P83.0.md,Sclérème du nouveau-né,true,false,true,false,true,0,codable,OWL_ANS,emissible,1496
P83.1,XVI,XVI/P83.1.md,Érythème toxique du nouveau-né,true,false,true,false,true,0,codable,OWL_ANS,emissible,1437
P83.2,XVI,XVI/P83.2.md,Anasarque fœtoplacentaire non due à une maladie hémolytique,true,false,true,false,true,0,codable,OWL_ANS,emissible,1723
P83.3,XVI,XVI/P83.3.md,"Œdèmes autres et sans précision, spécifiques du fœtus et du nouveau-né",true,false,true,false,true,0,codable,OWL_ANS,emissible,1457
P83.4,XVI,XVI/P83.4.md,Engorgement du sein chez le nouveau-né,true,false,true,false,true,0,codable,OWL_ANS,emissible,1494
P83.5,XVI,XVI/P83.5.md,Hydrocèle congénitale,true,false,true,false,true,0,codable,OWL_ANS,emissible,1420
P83.6,XVI,XVI/P83.6.md,Polype ombilical du nouveau-né,true,false,true,false,false,0,codable,OWL_ANS,emissible,1332
P83.8,XVI,XVI/P83.8.md,Autres affections précisées des téguments spécifiques du fœtus et du nouveau-né,true,false,true,false,true,0,codable,OWL_ANS,emissible,2134
P83.9,XVI,XVI/P83.9.md,"Affection des téguments spécifiques du fœtus et du nouveau-né, sans précision",true,false,true,false,true,0,codable,OWL_ANS,emissible,1452
P90,XVI,XVI/P90.md,Convulsions du nouveau-né,true,false,true,false,true,0,codable,OWL_ANS,emissible,1387
P91.0,XVI,XVI/P91.0.md,Ischémie cérébrale du nouveau-né,true,false,true,false,true,0,codable,OWL_ANS,emissible,1334
P91.1,XVI,XVI/P91.1.md,Kystes périventriculaires acquis du nouveau-né,true,false,true,false,true,0,codable,OWL_ANS,emissible,1035
P91.2,XVI,XVI/P91.2.md,Leucomalacie cérébrale du nouveau-né,true,false,true,false,true,0,codable,OWL_ANS,emissible,1380
P91.3,XVI,XVI/P91.3.md,Irritabilité cérébrale du nouveau-né,true,false,true,false,true,0,codable,OWL_ANS,emissible,1021
P91.4,XVI,XVI/P91.4.md,Baisse de l'activité cérébrale du nouveau-né,true,false,true,false,true,0,codable,OWL_ANS,emissible,1058
P91.5,XVI,XVI/P91.5.md,Coma du nouveau-né,true,false,true,false,true,0,codable,OWL_ANS,emissible,1020
P91.6,XVI,XVI/P91.6.md,Encéphalopathie anoxo-ischémique [hypoxique ischémique] du nouveau-né,true,false,true,false,true,0,codable,OWL_ANS,emissible,1410
P91.7,XVI,XVI/P91.7.md,Hydrocéphalie acquise du nouveau-né,true,false,true,false,false,0,codable,OWL_ANS,emissible,1024
P91.8,XVI,XVI/P91.8.md,Autres affections cérébrales précisées du nouveau-né,true,false,true,false,true,0,codable,OWL_ANS,emissible,1804
P91.9,XVI,XVI/P91.9.md,"Affection cérébrale du nouveau-né, sans précision",true,false,true,false,true,0,codable,OWL_ANS,emissible,1283
P92.0,XVI,XVI/P92.0.md,Vomissements du nouveau-né,true,false,true,false,true,0,codable,OWL_ANS,emissible,1016
P92.1,XVI,XVI/P92.1.md,Régurgitation et mérycisme du nouveau-né,true,false,true,false,true,0,codable,OWL_ANS,emissible,1099
P92.2,XVI,XVI/P92.2.md,Alimentation lente du nouveau-né,true,false,true,false,false,0,codable,OWL_ANS,emissible,953
P92.3,XVI,XVI/P92.3.md,Sousalimentation du nouveau-né,true,false,true,false,true,0,codable,OWL_ANS,emissible,1022
P92.4,XVI,XVI/P92.4.md,Suralimentation du nouveau-né,true,false,true,false,true,0,codable,OWL_ANS,emissible,1037
P92.5,XVI,XVI/P92.5.md,Alimentation au sein difficile chez le nouveau-né,true,false,true,false,true,0,codable,OWL_ANS,emissible,1062
P92.8,XVI,XVI/P92.8.md,Autres problèmes alimentaires du nouveau-né,true,false,true,false,true,0,codable,OWL_ANS,emissible,1439
P92.9,XVI,XVI/P92.9.md,"Problème alimentaire du nouveau-né, sans précision",true,false,true,false,true,0,codable,OWL_ANS,emissible,1033
P93,XVI,XVI/P93.md,Réactions et intoxications médicamenteuses du fœtus et du nouveau-né,true,false,true,false,false,0,codable,OWL_ANS,emissible,1488
P94.0,XVI,XVI/P94.0.md,Myasthénie transitoire du nouveau-né,true,false,true,false,false,0,codable,OWL_ANS,emissible,1015
P94.1,XVI,XVI/P94.1.md,Hypertonie congénitale,true,false,true,false,false,0,codable,OWL_ANS,emissible,943
P94.2,XVI,XVI/P94.2.md,Hypotonie congénitale,true,false,true,false,true,0,codable,OWL_ANS,emissible,1302
P94.8,XVI,XVI/P94.8.md,Autres anomalies du tonus musculaire du nouveau-né,true,false,true,false,true,0,codable,OWL_ANS,emissible,1298
P94.9,XVI,XVI/P94.9.md,"Anomalie du tonus musculaire du nouveau-né, sans précision",true,false,true,false,false,0,codable,OWL_ANS,emissible,979
P95.+0,XVI,XVI/P95.+0.md,Mort fœtale in utero ou perpartum suite à une interruption médicale de grossesse,true,false,true,true,false,0,codable,OWL_ANS,emissible,1615
P95.+1,XVI,XVI/P95.+1.md,Mort fœtale in utero en dehors d'une interruption médicale de grossesse,true,false,true,true,false,0,codable,OWL_ANS,emissible,1606
P95.+2,XVI,XVI/P95.+2.md,Mort fœtale perpartum en dehors d'une interruption médicale de grossesse,true,false,true,true,false,0,codable,OWL_ANS,emissible,1735
P95.+8,XVI,XVI/P95.+8.md,Mort fœtale sans précision en dehors d'une interruption médicale de grossesse,true,false,true,true,false,0,codable,OWL_ANS,emissible,1612
P96.0,XVI,XVI/P96.0.md,Insuffisance rénale congénitale,true,false,true,false,true,0,codable,OWL_ANS,emissible,1337
P96.1,XVI,XVI/P96.1.md,Symptômes de sevrage du nouveau-né dus à la toxicomanie de la mère,true,false,true,false,true,0,codable,OWL_ANS,emissible,1342
P96.2,XVI,XVI/P96.2.md,Symptômes de sevrage après utilisation thérapeutique de médicaments chez le nouveau-né,true,false,true,false,true,0,codable,OWL_ANS,emissible,1091
P96.3,XVI,XVI/P96.3.md,Retard de fermeture des sutures crâniennes,true,false,true,false,true,0,codable,OWL_ANS,emissible,1121
P96.4,XVI,XVI/P96.4.md,Interruption de grossesse affectant le fœtus et le nouveau-né,true,false,true,false,true,0,codable,OWL_ANS,emissible,1428
P96.5,XVI,XVI/P96.5.md,"Complications consécutives à des actes à visée diagnostique et thérapeutique intra-utérins affectant le fœtus et le nouveau-né, non classées ailleurs",true,false,true,false,true,0,codable,OWL_ANS,emissible,1215
P96.8,XVI,XVI/P96.8.md,Autres affections précisées dont l'origine se situe dans la période périnatale,true,false,true,false,true,0,codable,OWL_ANS,emissible,1924
P96.9,XVI,XVI/P96.9.md,"Affection dont l'origine se situe dans la période périnatale, sans précision",true,false,true,false,true,1,interdit_dp_dr,OWL_ANS,emissible,1399
Q00.0,XVII,XVII/Q00.0.md,Anencéphalie,true,false,true,false,true,0,codable,OWL_ANS,emissible,769
Q00.1,XVII,XVII/Q00.1.md,Craniorachischisis,false,false,true,false,true,0,codable,OWL_ANS,emissible,517
Q00.2,XVII,XVII/Q00.2.md,Iniencéphalie,false,false,true,false,false,0,codable,OWL_ANS,emissible,430
Q01.0,XVII,XVII/Q01.0.md,Encéphalocèle frontale,true,false,true,false,false,0,codable,OWL_ANS,emissible,874
Q01.1,XVII,XVII/Q01.1.md,Encéphalocèle nasofrontale,true,false,true,false,true,0,codable,OWL_ANS,emissible,947
Q01.2,XVII,XVII/Q01.2.md,Encéphalocèle occipitale,true,false,true,false,true,0,codable,OWL_ANS,emissible,978
Q01.8,XVII,XVII/Q01.8.md,Encéphalocèle d'autres localisations,true,false,true,false,true,0,codable,OWL_ANS,emissible,1122
Q01.9,XVII,XVII/Q01.9.md,"Encéphalocèle, sans précision",true,false,true,false,true,0,codable,OWL_ANS,emissible,923
Q02,XVII,XVII/Q02.md,Microcéphalie,true,false,true,false,true,0,codable,OWL_ANS,emissible,1001
Q03.0,XVII,XVII/Q03.0.md,Malformations de l'aqueduc de Sylvius,true,false,true,false,true,0,codable,OWL_ANS,emissible,1316
Q03.1,XVII,XVII/Q03.1.md,Atrésie des trous de Luschka et de Magendie,true,false,true,false,true,0,codable,OWL_ANS,emissible,1144
Q03.8,XVII,XVII/Q03.8.md,Autres hydrocéphalies congénitales,true,false,true,false,true,0,codable,OWL_ANS,emissible,1171
Q03.9,XVII,XVII/Q03.9.md,"Hydrocéphalie congénitale, sans précision",true,false,true,false,true,0,codable,OWL_ANS,emissible,1113
Q04.0,XVII,XVII/Q04.0.md,Malformations congénitales du corps calleux,true,false,true,false,true,0,codable,OWL_ANS,emissible,956
Q04.1,XVII,XVII/Q04.1.md,Arhinencéphalie,false,false,true,false,true,0,codable,OWL_ANS,emissible,597
Q04.2,XVII,XVII/Q04.2.md,Holoprosencéphalie,false,false,true,false,true,0,codable,OWL_ANS,emissible,607
Q04.3,XVII,XVII/Q04.3.md,Autres anomalies localisées du développement de l'encéphale,true,false,true,false,true,0,codable,OWL_ANS,emissible,1415
Q04.4,XVII,XVII/Q04.4.md,Dysplasie du septum et des voies optiques,false,false,true,false,true,0,codable,OWL_ANS,emissible,768
Q04.5,XVII,XVII/Q04.5.md,Mégalencéphalie,false,false,true,false,true,0,codable,OWL_ANS,emissible,636
Q04.6,XVII,XVII/Q04.6.md,Kystes cérébraux congénitaux,true,false,true,false,true,0,codable,OWL_ANS,emissible,1136
Q04.8,XVII,XVII/Q04.8.md,Autres malformations congénitales précisées de l'encéphale,true,false,true,false,true,0,codable,OWL_ANS,emissible,1325
Q04.9,XVII,XVII/Q04.9.md,"Malformation congénitale de l'encéphale, sans précision",true,false,true,false,true,0,codable,OWL_ANS,emissible,1178
Q05.0,XVII,XVII/Q05.0.md,"Spina bifida cervical, avec hydrocéphalie",true,false,true,false,true,0,codable,OWL_ANS,emissible,1091
Q05.1,XVII,XVII/Q05.1.md,"Spina bifida thoracique, avec hydrocéphalie",true,false,true,false,false,0,codable,OWL_ANS,emissible,1121
Q05.2,XVII,XVII/Q05.2.md,"Spina bifida lombaire, avec hydrocéphalie",true,false,true,false,true,0,codable,OWL_ANS,emissible,1158
Q05.3,XVII,XVII/Q05.3.md,"Spina bifida sacré, avec hydrocéphalie",true,false,true,false,false,0,codable,OWL_ANS,emissible,1005
Q05.4,XVII,XVII/Q05.4.md,"Spina bifida, avec hydrocéphalie, sans précision",true,false,true,false,true,0,codable,OWL_ANS,emissible,1101
Q05.5,XVII,XVII/Q05.5.md,"Spina bifida cervical, sans hydrocéphalie",true,false,true,false,true,0,codable,OWL_ANS,emissible,1091
Q05.6,XVII,XVII/Q05.6.md,"Spina bifida thoracique, sans hydrocéphalie",true,false,true,false,true,0,codable,OWL_ANS,emissible,1206
Q05.7,XVII,XVII/Q05.7.md,"Spina bifida lombaire, sans hydrocéphalie",true,false,true,false,true,0,codable,OWL_ANS,emissible,1385
Q05.8,XVII,XVII/Q05.8.md,"Spina bifida sacré, sans hydrocéphalie",true,false,true,false,true,0,codable,OWL_ANS,emissible,1614
Q05.9,XVII,XVII/Q05.9.md,"Spina bifida, sans précision",true,false,true,false,true,0,codable,OWL_ANS,emissible,1266
Q06.0,XVII,XVII/Q06.0.md,Amyélie,false,false,true,false,true,0,codable,OWL_ANS,emissible,526
Q06.1,XVII,XVII/Q06.1.md,Hypoplasie et dysplasie de la moelle épinière,true,false,true,false,true,0,codable,OWL_ANS,emissible,735
Q06.2,XVII,XVII/Q06.2.md,Diastématomyélie,false,false,true,false,false,0,codable,OWL_ANS,emissible,433
Q06.3,XVII,XVII/Q06.3.md,Autres malformations congénitales de la queue de cheval,false,false,true,false,true,0,codable,OWL_ANS,emissible,567
Q06.4,XVII,XVII/Q06.4.md,Hydromyélie,true,false,true,false,true,0,codable,OWL_ANS,emissible,548
Q06.8,XVII,XVII/Q06.8.md,Autres malformations congénitales précisées de la moelle épinière,false,false,true,false,true,0,codable,OWL_ANS,emissible,965
Q06.9,XVII,XVII/Q06.9.md,"Malformation congénitale de la moelle épinière, sans précision",true,false,true,false,true,0,codable,OWL_ANS,emissible,884
Q07.0,XVII,XVII/Q07.0.md,Syndrome d'Arnold–Chiari,false,false,true,false,true,0,codable,OWL_ANS,emissible,820
Q07.8,XVII,XVII/Q07.8.md,Autres malformations congénitales précisées du système nerveux,true,false,true,false,true,0,codable,OWL_ANS,emissible,1093
Q07.9,XVII,XVII/Q07.9.md,"Malformation congénitale du système nerveux, sans précision",true,false,true,false,true,0,codable,OWL_ANS,emissible,1213
Q10.0,XVII,XVII/Q10.0.md,Ptosis congénital,false,false,true,false,true,0,codable,OWL_ANS,emissible,1027
Q10.1,XVII,XVII/Q10.1.md,Ectropion congénital,false,false,true,false,true,0,codable,OWL_ANS,emissible,970
Q10.2,XVII,XVII/Q10.2.md,Entropion congénital,false,false,true,false,true,0,codable,OWL_ANS,emissible,970
Q10.3,XVII,XVII/Q10.3.md,Autres malformations congénitales des paupières,true,false,true,false,true,0,codable,OWL_ANS,emissible,1572
Q10.4,XVII,XVII/Q10.4.md,Absence et agénésie de l'appareil lacrymal,true,false,true,false,true,0,codable,OWL_ANS,emissible,1189
Q10.5,XVII,XVII/Q10.5.md,Sténose ou rétrécissement congénital du canal lacrymal,false,false,true,false,true,0,codable,OWL_ANS,emissible,1014
Q10.6,XVII,XVII/Q10.6.md,Autres malformations congénitales de l'appareil lacrymal,true,false,true,false,true,0,codable,OWL_ANS,emissible,1120
Q10.7,XVII,XVII/Q10.7.md,Malformation congénitale de l'orbite,false,false,true,false,true,0,codable,OWL_ANS,emissible,986
Q11.0,XVII,XVII/Q11.0.md,Œil kystique,false,false,true,false,false,0,codable,OWL_ANS,emissible,770
Q11.1,XVII,XVII/Q11.1.md,Autres formes d'anophtalmie,true,false,true,false,true,0,codable,OWL_ANS,emissible,1138
Q11.2,XVII,XVII/Q11.2.md,Microphtalmie,true,false,true,false,true,0,codable,OWL_ANS,emissible,1083
Q11.3,XVII,XVII/Q11.3.md,Macrophtalmie,false,false,true,false,true,0,codable,OWL_ANS,emissible,939
Q12.0,XVII,XVII/Q12.0.md,Cataracte congénitale,false,false,true,false,true,0,codable,OWL_ANS,emissible,1047
Q12.1,XVII,XVII/Q12.1.md,Luxation congénitale du cristallin,false,false,true,false,false,0,codable,OWL_ANS,emissible,792
Q12.2,XVII,XVII/Q12.2.md,Colobome du cristallin,false,false,true,false,true,0,codable,OWL_ANS,emissible,845
Q12.3,XVII,XVII/Q12.3.md,Aphakie congénitale,false,false,true,false,true,0,codable,OWL_ANS,emissible,842
Q12.4,XVII,XVII/Q12.4.md,Sphérophakie,false,false,true,false,true,0,codable,OWL_ANS,emissible,825
Q12.8,XVII,XVII/Q12.8.md,Autres malformations congénitales du cristallin,false,false,true,false,true,0,codable,OWL_ANS,emissible,1147
Q12.9,XVII,XVII/Q12.9.md,"Malformation congénitale du cristallin, sans précision",false,false,true,false,true,0,codable,OWL_ANS,emissible,922
Q13.0,XVII,XVII/Q13.0.md,Colobome de l'iris,true,false,true,false,true,0,codable,OWL_ANS,emissible,934
Q13.1,XVII,XVII/Q13.1.md,Absence d'iris,true,false,true,false,true,0,codable,OWL_ANS,emissible,949
Q13.2,XVII,XVII/Q13.2.md,Autres malformations congénitales de l'iris,true,false,true,false,true,0,codable,OWL_ANS,emissible,1236
Q13.3,XVII,XVII/Q13.3.md,Opacité congénitale de la cornée,false,false,true,false,true,0,codable,OWL_ANS,emissible,844
Q13.4,XVII,XVII/Q13.4.md,Autres malformations congénitales de la cornée,true,false,true,false,true,0,codable,OWL_ANS,emissible,1096
Q13.5,XVII,XVII/Q13.5.md,Sclérotique bleue,false,false,true,false,true,0,codable,OWL_ANS,emissible,835
Q13.8,XVII,XVII/Q13.8.md,Autres malformations congénitales de la chambre antérieure de l'œil,true,false,true,false,true,0,codable,OWL_ANS,emissible,1281
Q13.9,XVII,XVII/Q13.9.md,"Malformation congénitale de la chambre antérieure de l'œil, sans précision",false,false,true,false,true,0,codable,OWL_ANS,emissible,908
Q14.0,XVII,XVII/Q14.0.md,Malformation congénitale du corps vitré,true,false,true,false,false,0,codable,OWL_ANS,emissible,886
Q14.1,XVII,XVII/Q14.1.md,Malformation congénitale de la rétine,true,false,true,false,true,0,codable,OWL_ANS,emissible,1235
Q14.2,XVII,XVII/Q14.2.md,Malformation congénitale de la papille optique,true,false,true,false,true,0,codable,OWL_ANS,emissible,1156
Q14.3,XVII,XVII/Q14.3.md,Malformation congénitale de la choroïde,false,false,true,false,true,0,codable,OWL_ANS,emissible,915
Q14.8,XVII,XVII/Q14.8.md,Autres malformations congénitales de la chambre postérieure de l'œil,true,false,true,false,false,0,codable,OWL_ANS,emissible,1161
Q14.9,XVII,XVII/Q14.9.md,"Malformation congénitale de la chambre postérieure de l'œil, sans précision",false,false,true,false,false,0,codable,OWL_ANS,emissible,833
Q15.0,XVII,XVII/Q15.0.md,Glaucome congénital,true,false,true,false,true,0,codable,OWL_ANS,emissible,1388
Q15.8,XVII,XVII/Q15.8.md,Autres malformations congénitales précisées de l'œil,false,false,true,false,true,0,codable,OWL_ANS,emissible,1173
Q15.9,XVII,XVII/Q15.9.md,"Malformation congénitale de l'œil, sans précision",true,false,true,false,true,0,codable,OWL_ANS,emissible,1163
Q16.0,XVII,XVII/Q16.0.md,Absence congénitale du pavillon de l'oreille,false,false,true,false,true,0,codable,OWL_ANS,emissible,971
Q16.1,XVII,XVII/Q16.1.md,"Absence, atrésie et rétrécissement congénitaux du conduit auditif (externe)",true,false,true,false,true,0,codable,OWL_ANS,emissible,1193
Q16.2,XVII,XVII/Q16.2.md,Absence de trompe d'Eustache,false,false,true,false,false,0,codable,OWL_ANS,emissible,882
Q16.3,XVII,XVII/Q16.3.md,Malformation congénitale des osselets,true,false,true,false,true,0,codable,OWL_ANS,emissible,1130
Q16.4,XVII,XVII/Q16.4.md,Autres malformations congénitales de l'oreille moyenne,true,false,true,false,true,0,codable,OWL_ANS,emissible,1086
Q16.5,XVII,XVII/Q16.5.md,Malformation congénitale de l'oreille interne,true,false,true,false,true,0,codable,OWL_ANS,emissible,1272
Q16.9,XVII,XVII/Q16.9.md,"Malformation congénitale de l'oreille avec atteinte de l'audition, sans précision",true,false,true,false,true,0,codable,OWL_ANS,emissible,1127
Q17.0,XVII,XVII/Q17.0.md,Pavillon surnuméraire,true,false,true,false,false,0,codable,OWL_ANS,emissible,1033
Q17.1,XVII,XVII/Q17.1.md,Macrotie,false,false,true,false,true,0,codable,OWL_ANS,emissible,916
Q17.2,XVII,XVII/Q17.2.md,Microtie,false,false,true,false,true,0,codable,OWL_ANS,emissible,951
Q17.3,XVII,XVII/Q17.3.md,Autres déformations de l'oreille,true,false,true,false,true,0,codable,OWL_ANS,emissible,1024
Q17.4,XVII,XVII/Q17.4.md,Anomalie de position de l'oreille,true,false,true,false,true,0,codable,OWL_ANS,emissible,1113
Q17.5,XVII,XVII/Q17.5.md,Oreilles proéminentes,true,false,true,false,true,0,codable,OWL_ANS,emissible,1019
Q17.8,XVII,XVII/Q17.8.md,Autres malformations congénitales précisées de l'oreille,true,false,true,false,true,0,codable,OWL_ANS,emissible,1522
Q17.9,XVII,XVII/Q17.9.md,"Malformation congénitale de l'oreille, sans précision",true,false,true,false,true,0,codable,OWL_ANS,emissible,1058
Q18.00,XVII,XVII/Q18.00.md,Kyste de la queue du sourcil,false,false,true,false,false,0,codable,OWL_ANS,emissible,1192
Q18.08,XVII,XVII/Q18.08.md,"Autres fissures, fistules et kystes d’origine branchiale",true,false,true,false,false,0,codable,OWL_ANS,emissible,1294
Q18.1,XVII,XVII/Q18.1.md,Fistule et kyste préauriculaires,true,false,true,false,true,0,codable,OWL_ANS,emissible,1406
Q18.2,XVII,XVII/Q18.2.md,Autres malformations d'origine branchiale,true,false,true,false,true,0,codable,OWL_ANS,emissible,1403
Q18.3,XVII,XVII/Q18.3.md,Cou palmé,true,false,true,false,true,0,codable,OWL_ANS,emissible,1323
Q18.4,XVII,XVII/Q18.4.md,Macrostomie,false,false,true,false,true,0,codable,OWL_ANS,emissible,1227
Q18.5,XVII,XVII/Q18.5.md,Microstomie,false,false,true,false,true,0,codable,OWL_ANS,emissible,1227
Q18.6,XVII,XVII/Q18.6.md,Macrocheilie,true,false,true,false,true,0,codable,OWL_ANS,emissible,1320
Q18.7,XVII,XVII/Q18.7.md,Microcheilie,false,false,true,false,true,0,codable,OWL_ANS,emissible,1229
Q18.8,XVII,XVII/Q18.8.md,Autres malformations congénitales précisées de la face et du cou,true,false,true,false,true,0,codable,OWL_ANS,emissible,1905
Q18.9,XVII,XVII/Q18.9.md,"Malformation congénitale de la face et du cou, sans précision",true,false,true,false,true,1,interdit_dp_dr,OWL_ANS,emissible,1709
Q20.0,XVII,XVII/Q20.0.md,Tronc artériel commun,true,false,true,false,true,0,codable,OWL_ANS,emissible,876
Q20.1,XVII,XVII/Q20.1.md,Ventricule droit à double issue,true,false,true,false,true,0,codable,OWL_ANS,emissible,1006
Q20.2,XVII,XVII/Q20.2.md,Ventricule gauche à double issue,false,false,true,false,true,0,codable,OWL_ANS,emissible,767
Q20.3,XVII,XVII/Q20.3.md,Communication ventriculoauriculaire discordante,true,false,true,false,true,0,codable,OWL_ANS,emissible,984
Q20.4,XVII,XVII/Q20.4.md,Ventricule à double issue,true,false,true,false,true,0,codable,OWL_ANS,emissible,966
Q20.5,XVII,XVII/Q20.5.md,Communication auriculoventriculaire discordante,true,false,true,false,true,0,codable,OWL_ANS,emissible,943
Q20.6,XVII,XVII/Q20.6.md,Isomérisme des auricules cardiaques,true,false,true,false,true,0,codable,OWL_ANS,emissible,844
Q20.8,XVII,XVII/Q20.8.md,Autres malformations congénitales des cavités et des orifices cardiaques,false,false,true,false,true,0,codable,OWL_ANS,emissible,1453
Q20.9,XVII,XVII/Q20.9.md,"Malformation congénitale des cavités et des orifices cardiaques, sans précision",false,false,true,false,true,0,codable,OWL_ANS,emissible,823
Q21.0,XVII,XVII/Q21.0.md,Communication interventriculaire,false,false,true,false,true,0,codable,OWL_ANS,emissible,859
Q21.1,XVII,XVII/Q21.1.md,Communication interauriculaire,true,false,true,false,true,0,codable,OWL_ANS,emissible,1165
Q21.2,XVII,XVII/Q21.2.md,Communication auriculoventriculaire,true,false,true,false,true,0,codable,OWL_ANS,emissible,1227
Q21.3,XVII,XVII/Q21.3.md,Tétralogie de Fallot,true,false,true,false,true,0,codable,OWL_ANS,emissible,1012
Q21.4,XVII,XVII/Q21.4.md,Communication aortopulmonaire,true,false,true,false,true,0,codable,OWL_ANS,emissible,990
Q21.8,XVII,XVII/Q21.8.md,Autres malformations congénitales des cloisons cardiaques,true,false,true,false,true,0,codable,OWL_ANS,emissible,1401
Q21.9,XVII,XVII/Q21.9.md,"Malformation congénitale d'une cloison cardiaque, sans précision",true,false,true,false,true,0,codable,OWL_ANS,emissible,828
Q22.0,XVII,XVII/Q22.0.md,Atrésie de la valve pulmonaire,false,false,true,false,true,0,codable,OWL_ANS,emissible,790
Q22.1,XVII,XVII/Q22.1.md,Sténose congénitale de la valve pulmonaire,false,false,true,false,true,0,codable,OWL_ANS,emissible,677
Q22.2,XVII,XVII/Q22.2.md,Insuffisance congénitale de la valve pulmonaire,true,false,true,false,true,0,codable,OWL_ANS,emissible,691
Q22.3,XVII,XVII/Q22.3.md,Autres malformations congénitales de la valve pulmonaire,true,false,true,false,true,0,codable,OWL_ANS,emissible,916
Q22.4,XVII,XVII/Q22.4.md,Sténose congénitale de la valvule tricuspide,true,false,true,false,true,0,codable,OWL_ANS,emissible,770
Q22.5,XVII,XVII/Q22.5.md,Maladie d'Ebstein,false,false,true,false,true,0,codable,OWL_ANS,emissible,630
Q22.6,XVII,XVII/Q22.6.md,Hypoplasie du cœur droit,false,false,true,false,true,0,codable,OWL_ANS,emissible,784
Q22.8,XVII,XVII/Q22.8.md,Autres malformations congénitales de la valvule tricuspide,false,false,true,false,true,0,codable,OWL_ANS,emissible,1084
Q22.9,XVII,XVII/Q22.9.md,"Malformation congénitale de la valvule tricuspide, sans précision",false,false,true,false,true,0,codable,OWL_ANS,emissible,629
Q23.0,XVII,XVII/Q23.0.md,Sténose congénitale de la valvule aortique,true,false,true,false,true,0,codable,OWL_ANS,emissible,1021
Q23.1,XVII,XVII/Q23.1.md,Insuffisance congénitale de la valvule aortique,true,false,true,false,true,0,codable,OWL_ANS,emissible,982
Q23.2,XVII,XVII/Q23.2.md,Sténose mitrale congénitale,true,false,true,false,true,0,codable,OWL_ANS,emissible,844
Q23.3,XVII,XVII/Q23.3.md,Insuffisance mitrale congénitale,false,false,true,false,true,0,codable,OWL_ANS,emissible,635
Q23.4,XVII,XVII/Q23.4.md,Hypoplasie du cœur gauche,true,false,true,false,true,0,codable,OWL_ANS,emissible,1052
Q23.8,XVII,XVII/Q23.8.md,Autres malformations congénitales des valvules aortique et mitrale,false,false,true,false,true,0,codable,OWL_ANS,emissible,917
Q23.9,XVII,XVII/Q23.9.md,"Malformation congénitale des valvules aortique et mitrale, sans précision",false,false,true,false,true,0,codable,OWL_ANS,emissible,887
Q24.0,XVII,XVII/Q24.0.md,Dextrocardie,false,false,true,false,true,0,codable,OWL_ANS,emissible,862
Q24.1,XVII,XVII/Q24.1.md,Lévocardie,false,false,true,false,false,0,codable,OWL_ANS,emissible,744
Q24.2,XVII,XVII/Q24.2.md,Cœur triatrial,false,false,true,false,true,0,codable,OWL_ANS,emissible,608
Q24.3,XVII,XVII/Q24.3.md,Sténose de l'infundibulum pulmonaire,false,false,true,false,false,0,codable,OWL_ANS,emissible,564
Q24.4,XVII,XVII/Q24.4.md,Sténose sousaortique congénitale,false,false,true,false,true,0,codable,OWL_ANS,emissible,664
Q24.5,XVII,XVII/Q24.5.md,Malformation des vaisseaux coronaires,true,false,true,false,true,0,codable,OWL_ANS,emissible,1003
Q24.6,XVII,XVII/Q24.6.md,Bloc congénital du cœur,false,false,true,false,true,0,codable,OWL_ANS,emissible,789
Q24.8,XVII,XVII/Q24.8.md,Autres malformations cardiaques congénitales précisées,true,false,true,false,true,0,codable,OWL_ANS,emissible,1654
Q24.9,XVII,XVII/Q24.9.md,"Malformation cardiaque congénitale, sans précision",true,false,true,false,true,0,codable,OWL_ANS,emissible,1033
Q25.0,XVII,XVII/Q25.0.md,Perméabilité du canal artériel,true,false,true,false,true,0,codable,OWL_ANS,emissible,854
Q25.1,XVII,XVII/Q25.1.md,Coarctation de l'aorte,true,false,true,false,true,0,codable,OWL_ANS,emissible,917
Q25.2,XVII,XVII/Q25.2.md,Atrésie de l'aorte,false,false,true,false,true,0,codable,OWL_ANS,emissible,630
Q25.3,XVII,XVII/Q25.3.md,Sténose de l'aorte,true,false,true,false,true,0,codable,OWL_ANS,emissible,794
Q25.4,XVII,XVII/Q25.4.md,Autres malformations congénitales de l'aorte,true,false,true,false,true,0,codable,OWL_ANS,emissible,1445
Q25.5,XVII,XVII/Q25.5.md,Atrésie de l'artère pulmonaire,false,false,true,false,true,0,codable,OWL_ANS,emissible,593
Q25.6,XVII,XVII/Q25.6.md,Sténose de l'artère pulmonaire,true,false,true,false,true,0,codable,OWL_ANS,emissible,860
Q25.7,XVII,XVII/Q25.7.md,Autres malformations congénitales de l'artère pulmonaire,true,false,true,false,true,0,codable,OWL_ANS,emissible,1103
Q25.8,XVII,XVII/Q25.8.md,Autres malformations congénitales des gros vaisseaux,false,false,true,false,true,0,codable,OWL_ANS,emissible,1269
Q25.9,XVII,XVII/Q25.9.md,"Malformation congénitale des gros vaisseaux, sans précision",false,false,true,false,true,0,codable,OWL_ANS,emissible,605
Q26.0,XVII,XVII/Q26.0.md,Sténose congénitale de la veine cave,true,false,true,false,false,0,codable,OWL_ANS,emissible,578
Q26.1,XVII,XVII/Q26.1.md,Persistance de la veine cave supérieure gauche,false,false,true,false,false,0,codable,OWL_ANS,emissible,471
Q26.2,XVII,XVII/Q26.2.md,Retour veineux pulmonaire anormal total,false,false,true,false,true,0,codable,OWL_ANS,emissible,648
Q26.3,XVII,XVII/Q26.3.md,Retour veineux pulmonaire anormal partiel,false,false,true,false,false,0,codable,OWL_ANS,emissible,466
Q26.4,XVII,XVII/Q26.4.md,"Retour veineux pulmonaire anormal, sans précision",false,false,true,false,true,0,codable,OWL_ANS,emissible,734
Q26.5,XVII,XVII/Q26.5.md,Retour veineux portal anormal,false,false,true,false,true,0,codable,OWL_ANS,emissible,526
Q26.6,XVII,XVII/Q26.6.md,Fistule entre la veine porte et l'artère hépatique,false,false,true,false,true,0,codable,OWL_ANS,emissible,602
Q26.8,XVII,XVII/Q26.8.md,Autres malformations congénitales des grandes veines,true,false,true,false,true,0,codable,OWL_ANS,emissible,1692
Q26.9,XVII,XVII/Q26.9.md,"Malformation congénitale d'une grande veine, sans précision",true,false,true,false,true,0,codable,OWL_ANS,emissible,752
Q27.0,XVII,XVII/Q27.0.md,Absence congénitale et hypoplasie de l'artère ombilicale,true,false,true,false,false,0,codable,OWL_ANS,emissible,843
Q27.1,XVII,XVII/Q27.1.md,Sténose congénitale de l'artère rénale,false,false,true,false,false,0,codable,OWL_ANS,emissible,746
Q27.2,XVII,XVII/Q27.2.md,Autres malformations congénitales de l'artère rénale,true,false,true,false,true,0,codable,OWL_ANS,emissible,984
Q27.3,XVII,XVII/Q27.3.md,Malformation artérioveineuse périphérique,true,false,true,false,true,0,codable,OWL_ANS,emissible,1347
Q27.4,XVII,XVII/Q27.4.md,Phlébectasie congénitale,false,false,true,false,false,0,codable,OWL_ANS,emissible,732
Q27.8,XVII,XVII/Q27.8.md,Autres malformations congénitales précisées de l'appareil circulatoire périphérique,true,false,true,false,true,0,codable,OWL_ANS,emissible,1569
Q27.9,XVII,XVII/Q27.9.md,"Malformation congénitale de l'appareil circulatoire périphérique, sans précision",true,false,true,false,true,0,codable,OWL_ANS,emissible,1335
Q28.0,XVII,XVII/Q28.0.md,Malformation artérioveineuse de vaisseaux précérébraux,true,false,true,true,true,0,codable,OWL_ANS,emissible,1590
Q28.1,XVII,XVII/Q28.1.md,Autres malformations des vaisseaux précérébraux,true,false,true,true,true,0,codable,OWL_ANS,emissible,1594
Q28.2,XVII,XVII/Q28.2.md,Malformation artérioveineuse des vaisseaux cérébraux,true,false,true,true,true,0,codable,OWL_ANS,emissible,1347
Q28.3,XVII,XVII/Q28.3.md,Autres malformations des vaisseaux cérébraux,true,false,true,true,true,0,codable,OWL_ANS,emissible,1304
Q28.8,XVII,XVII/Q28.8.md,Autres malformations congénitales précisées de l'appareil circulatoire,true,false,true,true,true,0,codable,OWL_ANS,emissible,1830
Q28.9,XVII,XVII/Q28.9.md,"Malformation congénitale de l'appareil circulatoire, sans précision",false,false,true,true,true,1,interdit_dp_dr,OWL_ANS,emissible,1311
Q30.0,XVII,XVII/Q30.0.md,Atrésie des choanes,true,false,true,false,true,0,codable,OWL_ANS,emissible,915
Q30.1,XVII,XVII/Q30.1.md,Agénésie et hypoplasie du nez,true,false,true,false,true,0,codable,OWL_ANS,emissible,749
Q30.2,XVII,XVII/Q30.2.md,"Fissure, échancrure et fente nasales",false,false,true,false,true,0,codable,OWL_ANS,emissible,652
Q30.3,XVII,XVII/Q30.3.md,Perforation congénitale de la cloison nasale,false,false,true,false,false,0,codable,OWL_ANS,emissible,588
Q30.8,XVII,XVII/Q30.8.md,Autres malformations congénitales du nez,true,false,true,false,true,0,codable,OWL_ANS,emissible,1057
Q30.9,XVII,XVII/Q30.9.md,"Malformation congénitale du nez, sans précision",false,false,true,false,true,0,codable,OWL_ANS,emissible,620
Q31.0,XVII,XVII/Q31.0.md,Ptérygion du larynx,true,false,true,false,true,0,codable,OWL_ANS,emissible,793
Q31.1,XVII,XVII/Q31.1.md,Sténose sousglottique congénitale,false,false,true,false,true,0,codable,OWL_ANS,emissible,630
Q31.2,XVII,XVII/Q31.2.md,Hypoplasie du larynx,false,false,true,false,true,0,codable,OWL_ANS,emissible,720
Q31.3,XVII,XVII/Q31.3.md,Laryngocèle,false,false,true,false,true,0,codable,OWL_ANS,emissible,622
Q31.5,XVII,XVII/Q31.5.md,Laryngomalacie congénitale,false,false,true,false,true,0,codable,OWL_ANS,emissible,615
Q31.8,XVII,XVII/Q31.8.md,Autres malformations congénitales du larynx,true,false,true,false,true,0,codable,OWL_ANS,emissible,1846
Q31.9,XVII,XVII/Q31.9.md,"Malformation congénitale du larynx, sans précision",false,false,true,false,true,0,codable,OWL_ANS,emissible,680
Q32.0,XVII,XVII/Q32.0.md,Trachéomalacie congénitale,false,false,true,false,true,0,codable,OWL_ANS,emissible,635
Q32.1,XVII,XVII/Q32.1.md,Autres malformations congénitales de la trachée,true,false,true,false,true,0,codable,OWL_ANS,emissible,1300
Q32.2,XVII,XVII/Q32.2.md,Bronchomalacie congénitale,false,false,true,false,true,0,codable,OWL_ANS,emissible,660
Q32.3,XVII,XVII/Q32.3.md,Sténose bronchique congénitale,false,false,true,false,true,0,codable,OWL_ANS,emissible,651
Q32.4,XVII,XVII/Q32.4.md,Autres malformations congénitales des bronches,true,false,true,false,true,0,codable,OWL_ANS,emissible,1025
Q33.0,XVII,XVII/Q33.0.md,Poumon kystique congénital,true,false,true,false,true,0,codable,OWL_ANS,emissible,1117
Q33.1,XVII,XVII/Q33.1.md,Lobe pulmonaire surnuméraire,false,false,true,false,false,0,codable,OWL_ANS,emissible,453
Q33.2,XVII,XVII/Q33.2.md,Séquestration pulmonaire,false,false,true,false,true,0,codable,OWL_ANS,emissible,516
Q33.3,XVII,XVII/Q33.3.md,Agénésie du poumon,true,false,true,false,true,0,codable,OWL_ANS,emissible,730
Q33.4,XVII,XVII/Q33.4.md,Bronchectasie congénitale,false,false,true,false,true,0,codable,OWL_ANS,emissible,668
Q33.5,XVII,XVII/Q33.5.md,Tissu ectopique intrapulmonaire,false,false,true,false,true,0,codable,OWL_ANS,emissible,530
Q33.6,XVII,XVII/Q33.6.md,Hypoplasie et dysplasie du poumon,false,false,true,false,true,0,codable,OWL_ANS,emissible,792
Q33.8,XVII,XVII/Q33.8.md,Autres malformations congénitales du poumon,false,false,true,false,true,0,codable,OWL_ANS,emissible,1011
Q33.9,XVII,XVII/Q33.9.md,"Malformation congénitale du poumon, sans précision",false,false,true,false,true,0,codable,OWL_ANS,emissible,809
Q34.0,XVII,XVII/Q34.0.md,Anomalie de la plèvre,false,false,true,false,true,0,codable,OWL_ANS,emissible,570
Q34.1,XVII,XVII/Q34.1.md,Kyste congénital du médiastin,false,false,true,false,false,0,codable,OWL_ANS,emissible,454
Q34.8,XVII,XVII/Q34.8.md,Autres malformations congénitales précisées de l'appareil respiratoire,true,false,true,false,true,0,codable,OWL_ANS,emissible,929
Q34.9,XVII,XVII/Q34.9.md,"Malformation congénitale de l'appareil respiratoire, sans précision",true,false,true,false,true,1,interdit_dp_dr,OWL_ANS,emissible,985
Q35.1,XVII,XVII/Q35.1.md,Fente de la voute du palais,true,false,true,false,false,0,codable,OWL_ANS,emissible,821
Q35.3,XVII,XVII/Q35.3.md,Fente du voile du palais,true,false,true,false,true,0,codable,OWL_ANS,emissible,878
Q35.5,XVII,XVII/Q35.5.md,Fente de la voute et du voile du palais,true,false,true,false,false,0,codable,OWL_ANS,emissible,779
Q35.7,XVII,XVII/Q35.7.md,Fente de la luette,true,false,true,false,true,0,codable,OWL_ANS,emissible,842
Q35.9,XVII,XVII/Q35.9.md,"Fente du palais, sans précision",true,false,true,false,true,0,codable,OWL_ANS,emissible,842
Q36.0,XVII,XVII/Q36.0.md,Fente labiale bilatérale,true,false,true,false,true,0,codable,OWL_ANS,emissible,905
Q36.1,XVII,XVII/Q36.1.md,Fente labiale médiane,true,false,true,false,false,0,codable,OWL_ANS,emissible,811
Q36.9,XVII,XVII/Q36.9.md,Fente labiale unilatérale,true,false,true,false,true,0,codable,OWL_ANS,emissible,883
Q37.0,XVII,XVII/Q37.0.md,Fente de la voute du palais avec fente labiale bilatérale,false,false,true,false,false,0,codable,OWL_ANS,emissible,557
Q37.1,XVII,XVII/Q37.1.md,Fente de la voute du palais avec fente labiale unilatérale,true,false,true,false,false,0,codable,OWL_ANS,emissible,663
Q37.2,XVII,XVII/Q37.2.md,Fente du voile du palais avec fente labiale bilatérale,false,false,true,false,false,0,codable,OWL_ANS,emissible,554
Q37.3,XVII,XVII/Q37.3.md,Fente du voile du palais avec fente labiale unilatérale,true,false,true,false,true,0,codable,OWL_ANS,emissible,725
Q37.4,XVII,XVII/Q37.4.md,Fente de la voute et du voile du palais avec fente labiale bilatérale,false,false,true,false,false,0,codable,OWL_ANS,emissible,569
Q37.5,XVII,XVII/Q37.5.md,Fente de la voute et du voile du palais avec fente labiale unilatérale,true,false,true,false,false,0,codable,OWL_ANS,emissible,687
Q37.8,XVII,XVII/Q37.8.md,"Fente palatine avec fente labiale bilatérale, sans précision",false,false,true,false,true,0,codable,OWL_ANS,emissible,1116
Q37.9,XVII,XVII/Q37.9.md,"Fente palatine avec fente labiale unilatérale, sans précision",true,false,true,false,true,0,codable,OWL_ANS,emissible,802
Q38.0,XVII,XVII/Q38.0.md,"Malformations congénitales des lèvres, non classées ailleurs",true,false,true,false,true,0,codable,OWL_ANS,emissible,957
Q38.1,XVII,XVII/Q38.1.md,Ankyloglossie,true,false,true,false,true,0,codable,OWL_ANS,emissible,699
Q38.2,XVII,XVII/Q38.2.md,Macroglossie,false,false,true,false,false,0,codable,OWL_ANS,emissible,548
Q38.3,XVII,XVII/Q38.3.md,Autres malformations congénitales de la langue,true,false,true,false,true,0,codable,OWL_ANS,emissible,994
Q38.4,XVII,XVII/Q38.4.md,Malformations congénitales des glandes et des canaux salivaires,true,false,true,false,true,0,codable,OWL_ANS,emissible,1239
Q38.5,XVII,XVII/Q38.5.md,"Malformations congénitales du palais, non classées ailleurs",true,false,true,false,true,0,codable,OWL_ANS,emissible,1002
Q38.6,XVII,XVII/Q38.6.md,Autres malformations congénitales de la bouche,true,false,true,false,true,0,codable,OWL_ANS,emissible,955
Q38.7,XVII,XVII/Q38.7.md,Poche pharyngée,true,false,true,false,true,0,codable,OWL_ANS,emissible,765
Q38.8,XVII,XVII/Q38.8.md,Autres malformations congénitales du pharynx,true,false,true,false,true,0,codable,OWL_ANS,emissible,1479
Q39.0,XVII,XVII/Q39.0.md,"Atrésie de l'œsophage, sans fistule",true,false,true,false,true,0,codable,OWL_ANS,emissible,714
Q39.1,XVII,XVII/Q39.1.md,Atrésie de l'œsophage avec fistule trachéoœsophagienne,true,false,true,false,false,0,codable,OWL_ANS,emissible,594
Q39.2,XVII,XVII/Q39.2.md,"Fistule trachéoœsophagienne congénitale, sans atrésie",true,false,true,false,false,0,codable,OWL_ANS,emissible,581
Q39.3,XVII,XVII/Q39.3.md,Sténose et rétrécissement congénitaux de l'œsophage,false,false,true,false,true,0,codable,OWL_ANS,emissible,543
Q39.4,XVII,XVII/Q39.4.md,Ptérygion congénital de l'œsophage,false,false,true,false,true,0,codable,OWL_ANS,emissible,604
Q39.5,XVII,XVII/Q39.5.md,Dilatation congénitale de l'œsophage,false,false,true,false,true,0,codable,OWL_ANS,emissible,621
Q39.6,XVII,XVII/Q39.6.md,Diverticule de l'œsophage,true,false,true,false,true,0,codable,OWL_ANS,emissible,788
Q39.8,XVII,XVII/Q39.8.md,Autres malformations congénitales de l'œsophage,true,false,true,false,true,0,codable,OWL_ANS,emissible,1427
Q39.9,XVII,XVII/Q39.9.md,"Malformation congénitale de l'œsophage, sans précision",false,false,true,false,true,0,codable,OWL_ANS,emissible,674
Q40.0,XVII,XVII/Q40.0.md,Sténose hypertrophique congénitale du pylore,true,false,true,false,true,0,codable,OWL_ANS,emissible,923
Q40.1,XVII,XVII/Q40.1.md,Hernie hiatale congénitale,true,false,true,false,true,0,codable,OWL_ANS,emissible,757
Q40.2,XVII,XVII/Q40.2.md,Autres malformations congénitales précisées de l'estomac,true,false,true,false,true,0,codable,OWL_ANS,emissible,1094
Q40.3,XVII,XVII/Q40.3.md,"Malformation congénitale de l'estomac, sans précision",false,false,true,false,true,0,codable,OWL_ANS,emissible,648
Q40.8,XVII,XVII/Q40.8.md,Autres malformations congénitales précisées des voies digestives supérieures,false,false,true,false,true,0,codable,OWL_ANS,emissible,887
Q40.9,XVII,XVII/Q40.9.md,"Malformation congénitale des voies digestives supérieures, sans précision",true,false,true,false,false,1,interdit_dp_dr,OWL_ANS,emissible,615
Q41.0,XVII,XVII/Q41.0.md,"Absence, atrésie et sténose congénitales du duodénum",true,false,true,false,true,0,codable,OWL_ANS,emissible,944
Q41.1,XVII,XVII/Q41.1.md,"Absence, atrésie et sténose congénitales du jéjunum",true,false,true,false,true,0,codable,OWL_ANS,emissible,1091
Q41.2,XVII,XVII/Q41.2.md,"Absence, atrésie et sténose congénitales de l'iléon",true,false,true,false,true,0,codable,OWL_ANS,emissible,823
Q41.8,XVII,XVII/Q41.8.md,"Absence, atrésie et sténose congénitales d'autres localisations précisées de l'intestin grêle",true,false,true,false,false,0,codable,OWL_ANS,emissible,1016
Q41.9,XVII,XVII/Q41.9.md,"Absence, atrésie et sténose congénitales de l'intestin grêle, sans précision de localisation",true,false,true,false,true,0,codable,OWL_ANS,emissible,1115
Q42.0,XVII,XVII/Q42.0.md,"Absence, atrésie et sténose congénitales du rectum, avec fistule",true,false,true,false,false,0,codable,OWL_ANS,emissible,702
Q42.1,XVII,XVII/Q42.1.md,"Absence, atrésie et sténose congénitales du rectum, sans fistule",true,false,true,false,true,0,codable,OWL_ANS,emissible,955
Q42.2,XVII,XVII/Q42.2.md,"Absence, atrésie et sténose congénitales de l'anus, avec fistule",true,false,true,false,false,0,codable,OWL_ANS,emissible,702
Q42.3,XVII,XVII/Q42.3.md,"Absence, atrésie et sténose congénitales de l'anus, sans fistule",true,false,true,false,true,0,codable,OWL_ANS,emissible,926
Q42.8,XVII,XVII/Q42.8.md,"Absence, atrésie et sténose congénitales d'autres localisations du gros intestin",true,false,true,false,true,0,codable,OWL_ANS,emissible,1243
Q42.9,XVII,XVII/Q42.9.md,"Absence, atrésie et sténose congénitales du gros intestin, sans précision de localisation",true,false,true,false,true,0,codable,OWL_ANS,emissible,891
Q43.0,XVII,XVII/Q43.0.md,Diverticule de Meckel,true,false,true,false,true,0,codable,OWL_ANS,emissible,835
Q43.1,XVII,XVII/Q43.1.md,Maladie de Hirschsprung,true,false,true,false,true,0,codable,OWL_ANS,emissible,807
Q43.2,XVII,XVII/Q43.2.md,Autres anomalies fonctionnelles congénitales du côlon,true,false,true,false,true,0,codable,OWL_ANS,emissible,661
Q43.3,XVII,XVII/Q43.3.md,Malformations congénitales de fixation de l'intestin,true,false,true,false,true,0,codable,OWL_ANS,emissible,1207
Q43.4,XVII,XVII/Q43.4.md,Duplication de l'intestin,false,false,true,false,true,0,codable,OWL_ANS,emissible,569
Q43.5,XVII,XVII/Q43.5.md,Ectopie de l'anus,false,false,true,false,true,0,codable,OWL_ANS,emissible,500
Q43.6,XVII,XVII/Q43.6.md,Fistule congénitale du rectum et de l'anus,false,false,true,false,false,0,codable,OWL_ANS,emissible,669
Q43.7,XVII,XVII/Q43.7.md,Persistance du cloaque,true,false,true,false,true,0,codable,OWL_ANS,emissible,682
Q43.8,XVII,XVII/Q43.8.md,Autres malformations congénitales précisées de l'intestin,true,false,true,false,true,0,codable,OWL_ANS,emissible,1615
Q43.9,XVII,XVII/Q43.9.md,"Malformation congénitale de l'intestin, sans précision",false,false,true,false,true,0,codable,OWL_ANS,emissible,983
Q44.0,XVII,XVII/Q44.0.md,"Agénésie, aplasie et hypoplasie de la vésicule biliaire",true,false,true,false,true,0,codable,OWL_ANS,emissible,679
Q44.1,XVII,XVII/Q44.1.md,Autres malformations congénitales de la vésicule biliaire,true,false,true,false,true,0,codable,OWL_ANS,emissible,797
Q44.2,XVII,XVII/Q44.2.md,Atrésie des voies bilaires,false,false,true,false,true,0,codable,OWL_ANS,emissible,710
Q44.3,XVII,XVII/Q44.3.md,Sténose et rétrécissement congénitaux des voies biliaires,false,false,true,false,false,0,codable,OWL_ANS,emissible,485
Q44.4,XVII,XVII/Q44.4.md,Kyste du cholédoque,false,false,true,false,true,0,codable,OWL_ANS,emissible,547
Q44.5,XVII,XVII/Q44.5.md,Autres malformations congénitales des voies biliaires,true,false,true,false,true,0,codable,OWL_ANS,emissible,1095
Q44.6,XVII,XVII/Q44.6.md,Maladie kystique du foie,true,false,true,false,true,0,codable,OWL_ANS,emissible,856
Q44.7,XVII,XVII/Q44.7.md,Autres malformations congénitales du foie,true,false,true,false,true,0,codable,OWL_ANS,emissible,1123
Q45.0,XVII,XVII/Q45.0.md,"Agénésie, aplasie et hypoplasie du pancréas",true,false,true,false,true,0,codable,OWL_ANS,emissible,864
Q45.1,XVII,XVII/Q45.1.md,Pancréas annulaire,false,false,true,false,false,0,codable,OWL_ANS,emissible,594
Q45.2,XVII,XVII/Q45.2.md,Kyste pancréatique congénital,false,false,true,false,true,0,codable,OWL_ANS,emissible,748
Q45.3,XVII,XVII/Q45.3.md,Autres malformations congénitales du pancréas et du canal pancréatique,true,false,true,false,true,0,codable,OWL_ANS,emissible,1065
Q45.8,XVII,XVII/Q45.8.md,Autres malformations congénitales précisées de l'appareil digestif,true,false,true,false,true,0,codable,OWL_ANS,emissible,1358
Q45.9,XVII,XVII/Q45.9.md,"Malformation congénitale de l'appareil digestif, sans précision",true,false,true,false,true,1,interdit_dp_dr,OWL_ANS,emissible,934
Q50.0,XVII,XVII/Q50.0.md,Absence congénitale d'ovaire(s),false,false,true,false,true,0,codable,OWL_ANS,emissible,804
Q50.1,XVII,XVII/Q50.1.md,Kyste ovarien au cours du développement,false,false,true,false,false,0,codable,OWL_ANS,emissible,683
Q50.2,XVII,XVII/Q50.2.md,Torsion congénitale de l'ovaire,false,false,true,false,false,0,codable,OWL_ANS,emissible,675
Q50.3,XVII,XVII/Q50.3.md,Autres malformations congénitales de l'ovaire,true,false,true,false,true,0,codable,OWL_ANS,emissible,913
Q50.4,XVII,XVII/Q50.4.md,Kyste embryonnaire de la trompe de Fallope,true,false,true,false,false,0,codable,OWL_ANS,emissible,769
Q50.5,XVII,XVII/Q50.5.md,Kyste embryonnaire du ligament large,true,false,true,false,true,0,codable,OWL_ANS,emissible,891
Q50.6,XVII,XVII/Q50.6.md,Autres malformations congénitales des trompes de Fallope et des ligaments larges,true,false,true,false,true,0,codable,OWL_ANS,emissible,1099
Q51.0,XVII,XVII/Q51.0.md,Agénésie et aplasie de l'utérus,true,false,true,false,true,0,codable,OWL_ANS,emissible,824
Q51.1,XVII,XVII/Q51.1.md,Utérus double avec duplication du col et du vagin,false,false,true,false,false,0,codable,OWL_ANS,emissible,693
Q51.2,XVII,XVII/Q51.2.md,Autres duplications de l'utérus,true,false,true,false,true,0,codable,OWL_ANS,emissible,819
Q51.3,XVII,XVII/Q51.3.md,Utérus bicorne,false,false,true,false,false,0,codable,OWL_ANS,emissible,658
Q51.4,XVII,XVII/Q51.4.md,Utérus unicorne,false,false,true,false,false,0,codable,OWL_ANS,emissible,659
Q51.5,XVII,XVII/Q51.5.md,Agénésie et aplasie du col de l'utérus,true,false,true,false,true,0,codable,OWL_ANS,emissible,840
Q51.6,XVII,XVII/Q51.6.md,Kyste embryonnaire du col de l'utérus,false,false,true,false,false,0,codable,OWL_ANS,emissible,681
Q51.7,XVII,XVII/Q51.7.md,Fistule congénitale utérodigestive et utéro-urinaire,false,false,true,false,false,0,codable,OWL_ANS,emissible,696
Q51.8,XVII,XVII/Q51.8.md,Autres malformations congénitales de l'utérus et du col de l'utérus,true,false,true,false,true,0,codable,OWL_ANS,emissible,1450
Q51.9,XVII,XVII/Q51.9.md,"Malformation congénitale de l'utérus et du col de l'utérus, sans précision",false,false,true,false,true,0,codable,OWL_ANS,emissible,804
Q52.0,XVII,XVII/Q52.0.md,Absence congénitale de vagin,false,false,true,false,true,0,codable,OWL_ANS,emissible,751
Q52.1,XVII,XVII/Q52.1.md,Dédoublement du vagin,true,false,true,false,true,0,codable,OWL_ANS,emissible,906
Q52.2,XVII,XVII/Q52.2.md,Fistule rectovaginale congénitale,false,false,true,false,false,0,codable,OWL_ANS,emissible,732
Q52.3,XVII,XVII/Q52.3.md,Imperforation de l'hymen,false,false,true,false,true,0,codable,OWL_ANS,emissible,733
Q52.4,XVII,XVII/Q52.4.md,Autres malformations congénitales du vagin,true,false,true,false,true,0,codable,OWL_ANS,emissible,998
Q52.5,XVII,XVII/Q52.5.md,Fusion de la vulve,false,false,true,false,true,0,codable,OWL_ANS,emissible,760
Q52.6,XVII,XVII/Q52.6.md,Malformation congénitale du clitoris,false,false,true,false,true,0,codable,OWL_ANS,emissible,766
Q52.7,XVII,XVII/Q52.7.md,Autres malformations congénitales de la vulve,true,false,true,false,true,0,codable,OWL_ANS,emissible,1011
Q52.8,XVII,XVII/Q52.8.md,Autres malformations congénitales précisées des organes génitaux de la femme,false,false,true,false,true,0,codable,OWL_ANS,emissible,1246
Q52.9,XVII,XVII/Q52.9.md,"Malformation congénitale des organes génitaux de la femme, sans précision",false,false,true,false,true,0,codable,OWL_ANS,emissible,920
Q53.0,XVII,XVII/Q53.0.md,Testicule en situation anormale,true,false,true,false,true,0,codable,OWL_ANS,emissible,931
Q53.1,XVII,XVII/Q53.1.md,Cryptorchidie unilatérale,false,false,true,false,true,0,codable,OWL_ANS,emissible,737
Q53.2,XVII,XVII/Q53.2.md,Cryptorchidie bilatérale,false,false,true,false,true,0,codable,OWL_ANS,emissible,735
Q53.9,XVII,XVII/Q53.9.md,"Cryptorchidie, sans précision",true,false,true,false,true,0,codable,OWL_ANS,emissible,801
Q54.0,XVII,XVII/Q54.0.md,Hypospadias balanique,true,false,true,false,true,0,codable,OWL_ANS,emissible,916
Q54.1,XVII,XVII/Q54.1.md,Hypospadias pénien,false,false,true,false,true,0,codable,OWL_ANS,emissible,810
Q54.2,XVII,XVII/Q54.2.md,Hypospadias pénoscrotal,false,false,true,false,true,0,codable,OWL_ANS,emissible,820
Q54.3,XVII,XVII/Q54.3.md,Hypospadias périnéal,false,false,true,false,true,0,codable,OWL_ANS,emissible,814
Q54.4,XVII,XVII/Q54.4.md,Chordée congénitale,false,false,true,false,true,0,codable,OWL_ANS,emissible,812
Q54.8,XVII,XVII/Q54.8.md,Autres hypospadias,false,false,true,false,true,0,codable,OWL_ANS,emissible,1010
Q54.9,XVII,XVII/Q54.9.md,"Hypospadias, sans précision",false,false,true,false,true,0,codable,OWL_ANS,emissible,783
Q55.0,XVII,XVII/Q55.0.md,Absence et aplasie du testicule,true,false,true,false,true,0,codable,OWL_ANS,emissible,982
Q55.1,XVII,XVII/Q55.1.md,Hypoplasie du (des) testicule(s) et du scrotum,true,false,true,false,true,0,codable,OWL_ANS,emissible,1017
Q55.2,XVII,XVII/Q55.2.md,Autres malformations congénitales du (des) testicule(s) et du scrotum,true,false,true,false,true,0,codable,OWL_ANS,emissible,1156
Q55.3,XVII,XVII/Q55.3.md,Atrésie du canal déférent,false,false,true,false,false,0,codable,OWL_ANS,emissible,787
Q55.4,XVII,XVII/Q55.4.md,"Autres malformations congénitales du canal déférent, de l'épididyme, des vésicules séminales et de la prostate",true,false,true,false,true,0,codable,OWL_ANS,emissible,1476
Q55.5,XVII,XVII/Q55.5.md,Absence et aplasie congénitales de la verge,false,false,true,false,true,0,codable,OWL_ANS,emissible,929
Q55.6,XVII,XVII/Q55.6.md,Autres malformations congénitales de la verge,true,false,true,false,true,0,codable,OWL_ANS,emissible,1164
Q55.8,XVII,XVII/Q55.8.md,Autres malformations congénitales précisées des organes génitaux de l'homme,false,false,true,false,true,0,codable,OWL_ANS,emissible,1463
Q55.9,XVII,XVII/Q55.9.md,"Malformation congénitale des organes génitaux de l'homme, sans précision",true,false,true,false,true,0,codable,OWL_ANS,emissible,1157
Q56.0,XVII,XVII/Q56.0.md,"Hermaphrodisme, non classé ailleurs",true,false,true,false,true,0,codable,OWL_ANS,emissible,1067
Q56.1,XVII,XVII/Q56.1.md,"Pseudohermaphrodisme masculin, non classé ailleurs",true,false,true,false,true,0,codable,OWL_ANS,emissible,1098
Q56.2,XVII,XVII/Q56.2.md,"Pseudohermaphrodisme féminin, non classé ailleurs",true,false,true,false,false,0,codable,OWL_ANS,emissible,1023
Q56.3,XVII,XVII/Q56.3.md,"Pseudohermaphrodisme, sans précision",false,false,true,false,true,0,codable,OWL_ANS,emissible,1032
Q56.4,XVII,XVII/Q56.4.md,"Sexe indéterminé, sans précision",true,false,true,false,true,0,codable,OWL_ANS,emissible,1175
Q60.0,XVII,XVII/Q60.0.md,Agénésie rénale unilatérale,true,false,true,false,true,0,codable,OWL_ANS,emissible,945
Q60.1,XVII,XVII/Q60.1.md,Agénésie rénale bilatérale,true,false,true,false,true,0,codable,OWL_ANS,emissible,826
Q60.2,XVII,XVII/Q60.2.md,"Agénésie rénale, sans précision",true,false,true,false,true,0,codable,OWL_ANS,emissible,801
Q60.3,XVII,XVII/Q60.3.md,Hypoplasie rénale unilatérale,true,false,true,false,true,0,codable,OWL_ANS,emissible,837
Q60.4,XVII,XVII/Q60.4.md,Hypoplasie rénale bilatérale,true,false,true,false,true,0,codable,OWL_ANS,emissible,765
Q60.5,XVII,XVII/Q60.5.md,"Hypoplasie rénale, sans précision",true,false,true,false,true,0,codable,OWL_ANS,emissible,812
Q60.6,XVII,XVII/Q60.6.md,Syndrome de Potter,true,false,true,false,true,0,codable,OWL_ANS,emissible,887
Q61.0,XVII,XVII/Q61.0.md,Kyste congénital unique du rein,true,false,true,false,true,0,codable,OWL_ANS,emissible,861
Q61.1,XVII,XVII/Q61.1.md,"Rein polykystique, autosomique récessif",true,false,true,false,true,0,codable,OWL_ANS,emissible,755
Q61.2,XVII,XVII/Q61.2.md,"Rein polykystique, autosomique dominant",true,false,true,false,false,0,codable,OWL_ANS,emissible,671
Q61.3,XVII,XVII/Q61.3.md,"Rein polykystique, sans précision",false,false,true,false,true,0,codable,OWL_ANS,emissible,1011
Q61.4,XVII,XVII/Q61.4.md,Dysplasie rénale,true,false,true,false,true,0,codable,OWL_ANS,emissible,1227
Q61.5,XVII,XVII/Q61.5.md,Kyste médullaire du rein,true,false,true,false,true,0,codable,OWL_ANS,emissible,927
Q61.8,XVII,XVII/Q61.8.md,Autres maladies kystiques du rein,true,false,true,false,true,0,codable,OWL_ANS,emissible,1155
Q61.9,XVII,XVII/Q61.9.md,"Maladie kystique du rein, sans précision",true,false,true,false,true,0,codable,OWL_ANS,emissible,809
Q62.0,XVII,XVII/Q62.0.md,Hydronéphrose congénitale,false,false,true,false,true,0,codable,OWL_ANS,emissible,553
Q62.1,XVII,XVII/Q62.1.md,Atrésie et sténose de l'uretère,true,false,true,false,true,0,codable,OWL_ANS,emissible,1000
Q62.2,XVII,XVII/Q62.2.md,Méga-uretère congénital,true,false,true,false,true,0,codable,OWL_ANS,emissible,654
Q62.3,XVII,XVII/Q62.3.md,Autres anomalies obstructives du bassinet et de l'uretère,true,false,true,false,true,0,codable,OWL_ANS,emissible,741
Q62.4,XVII,XVII/Q62.4.md,Agénésie de l'uretère,true,false,true,false,true,0,codable,OWL_ANS,emissible,601
Q62.5,XVII,XVII/Q62.5.md,Duplication de l'uretère,true,false,true,false,true,0,codable,OWL_ANS,emissible,744
Q62.6,XVII,XVII/Q62.6.md,Malposition de l'uretère,true,false,true,false,true,0,codable,OWL_ANS,emissible,1001
Q62.7,XVII,XVII/Q62.7.md,Reflux vésico-urétéro-rénal congénital,false,false,true,false,true,0,codable,OWL_ANS,emissible,535
Q62.8,XVII,XVII/Q62.8.md,Autres malformations congénitales de l'uretère,true,false,true,false,true,0,codable,OWL_ANS,emissible,1026
Q63.0,XVII,XVII/Q63.0.md,Rein surnuméraire,false,false,true,false,true,0,codable,OWL_ANS,emissible,605
Q63.1,XVII,XVII/Q63.1.md,"Rein lobulé, soudé et en fer à cheval",false,false,true,false,true,0,codable,OWL_ANS,emissible,712
Q63.2,XVII,XVII/Q63.2.md,Rein ectopique,true,false,true,false,true,0,codable,OWL_ANS,emissible,826
Q63.3,XVII,XVII/Q63.3.md,Rein hyperplasique et géant,false,false,true,false,true,0,codable,OWL_ANS,emissible,624
Q63.8,XVII,XVII/Q63.8.md,Autres malformations congénitales précisées du rein,true,false,true,false,true,0,codable,OWL_ANS,emissible,1025
Q63.9,XVII,XVII/Q63.9.md,"Malformation congénitale du rein, sans précision",false,false,true,false,true,0,codable,OWL_ANS,emissible,916
Q64.0,XVII,XVII/Q64.0.md,Épispadias,false,false,true,false,true,0,codable,OWL_ANS,emissible,556
Q64.1,XVII,XVII/Q64.1.md,Exstrophie vésicale,true,false,true,false,true,0,codable,OWL_ANS,emissible,667
Q64.2,XVII,XVII/Q64.2.md,Valvules urétrales postérieures congénitales,false,false,true,false,true,0,codable,OWL_ANS,emissible,648
Q64.3,XVII,XVII/Q64.3.md,Autres formes d'atrésie et de sténose de l'urètre et du col de la vessie,true,false,true,false,true,0,codable,OWL_ANS,emissible,1005
Q64.4,XVII,XVII/Q64.4.md,Malformation de l'ouraque,true,false,true,false,true,0,codable,OWL_ANS,emissible,750
Q64.5,XVII,XVII/Q64.5.md,Absence congénitale de la vessie et de l'urètre,false,false,true,false,true,0,codable,OWL_ANS,emissible,624
Q64.6,XVII,XVII/Q64.6.md,Diverticule congénital de la vessie,false,false,true,false,false,0,codable,OWL_ANS,emissible,456
Q64.7,XVII,XVII/Q64.7.md,Autres malformations congénitales de la vessie et de l'urètre,true,false,true,false,true,0,codable,OWL_ANS,emissible,1090
Q64.8,XVII,XVII/Q64.8.md,Autres malformations congénitales précisées de l'appareil urinaire,false,false,true,false,true,0,codable,OWL_ANS,emissible,1161
Q64.9,XVII,XVII/Q64.9.md,"Malformation congénitale de l'appareil urinaire, sans précision",true,false,true,false,true,0,codable,OWL_ANS,emissible,885
Q65.0,XVII,XVII/Q65.0.md,"Luxation congénitale de la hanche, unilatérale",false,false,true,false,true,0,codable,OWL_ANS,emissible,694
Q65.1,XVII,XVII/Q65.1.md,"Luxation congénitale de la hanche, bilatérale",false,false,true,false,true,0,codable,OWL_ANS,emissible,794
Q65.2,XVII,XVII/Q65.2.md,"Luxation congénitale de la hanche, sans précision",false,false,true,false,true,0,codable,OWL_ANS,emissible,757
Q65.3,XVII,XVII/Q65.3.md,"Subluxation congénitale de la hanche, unilatérale",false,false,true,false,false,0,codable,OWL_ANS,emissible,583
Q65.4,XVII,XVII/Q65.4.md,"Subluxation congénitale de la hanche, bilatérale",false,false,true,false,false,0,codable,OWL_ANS,emissible,582
Q65.5,XVII,XVII/Q65.5.md,"Subluxation congénitale de la hanche, sans précision",false,false,true,false,true,0,codable,OWL_ANS,emissible,666
Q65.6,XVII,XVII/Q65.6.md,Hanche instable,true,false,true,false,true,0,codable,OWL_ANS,emissible,738
Q65.8,XVII,XVII/Q65.8.md,Autres malformations congénitales de la hanche,true,false,true,false,true,0,codable,OWL_ANS,emissible,1519
Q65.9,XVII,XVII/Q65.9.md,"Malformation congénitale de la hanche, sans précision",false,false,true,false,true,0,codable,OWL_ANS,emissible,822
Q66.0,XVII,XVII/Q66.0.md,Pied bot varus équin,false,false,true,false,true,0,codable,OWL_ANS,emissible,765
Q66.1,XVII,XVII/Q66.1.md,Pied bot talus varus,false,false,true,false,true,0,codable,OWL_ANS,emissible,715
Q66.2,XVII,XVII/Q66.2.md,Metatarsus varus,false,false,true,false,false,0,codable,OWL_ANS,emissible,652
Q66.3,XVII,XVII/Q66.3.md,Autres anomalies morphologiques congénitales du pied en varus,true,false,true,false,false,0,codable,OWL_ANS,emissible,775
Q66.4,XVII,XVII/Q66.4.md,Pied bot talus valgus,false,false,true,false,true,0,codable,OWL_ANS,emissible,717
Q66.5,XVII,XVII/Q66.5.md,Pied plat congénital,true,false,true,false,false,0,codable,OWL_ANS,emissible,739
Q66.6,XVII,XVII/Q66.6.md,Autres anomalies morphologiques congénitales du pied en valgus,true,false,true,false,false,0,codable,OWL_ANS,emissible,770
Q66.7,XVII,XVII/Q66.7.md,Pied creux,false,false,true,false,false,0,codable,OWL_ANS,emissible,646
Q66.8,XVII,XVII/Q66.8.md,Autres anomalies morphologiques congénitales du pied,true,false,true,false,true,0,codable,OWL_ANS,emissible,1409
Q66.9,XVII,XVII/Q66.9.md,"Anomalie morphologique congénitale du pied, sans précision",false,false,true,false,true,0,codable,OWL_ANS,emissible,721
Q67.0,XVII,XVII/Q67.0.md,Asymétrie faciale,false,false,true,false,true,0,codable,OWL_ANS,emissible,688
Q67.1,XVII,XVII/Q67.1.md,Anomalie morphologique faciale par compression,false,false,true,false,false,0,codable,OWL_ANS,emissible,637
Q67.2,XVII,XVII/Q67.2.md,Dolichocéphalie,false,false,true,false,true,0,codable,OWL_ANS,emissible,664
Q67.3,XVII,XVII/Q67.3.md,Plagiocéphalie,false,false,true,false,true,0,codable,OWL_ANS,emissible,662
Q67.4,XVII,XVII/Q67.4.md,"Autres anomalies morphologiques congénitales du crâne, de la face et de la mâchoire",true,false,true,false,true,0,codable,OWL_ANS,emissible,1435
Q67.5,XVII,XVII/Q67.5.md,Anomalie morphologique congénitale du rachis,true,false,true,false,true,0,codable,OWL_ANS,emissible,1061
Q67.6,XVII,XVII/Q67.6.md,"Thorax en entonnoir, congénital",true,false,true,false,true,0,codable,OWL_ANS,emissible,793
Q67.7,XVII,XVII/Q67.7.md,"Thorax en carène, congénital",true,false,true,false,true,0,codable,OWL_ANS,emissible,781
Q67.8,XVII,XVII/Q67.8.md,Autres anomalies morphologiques congénitales du thorax,true,false,true,false,true,0,codable,OWL_ANS,emissible,1320
Q68.0,XVII,XVII/Q68.0.md,Anomalie morphologique congénitale des muscles sterno-cléido-mastoïdiens,true,false,true,false,true,0,codable,OWL_ANS,emissible,997
Q68.1,XVII,XVII/Q68.1.md,Anomalie morphologique congénitale de la main,true,false,true,false,true,0,codable,OWL_ANS,emissible,861
Q68.2,XVII,XVII/Q68.2.md,Anomalie morphologique congénitale du genou,true,false,true,false,true,0,codable,OWL_ANS,emissible,804
Q68.3,XVII,XVII/Q68.3.md,Incurvation congénitale du fémur,false,false,true,false,true,0,codable,OWL_ANS,emissible,737
Q68.4,XVII,XVII/Q68.4.md,Incurvation congénitale du tibia et du péroné,false,false,true,false,true,0,codable,OWL_ANS,emissible,704
Q68.5,XVII,XVII/Q68.5.md,"Incurvation congénitale des os longs du membre inférieur, sans précision",false,false,true,false,false,0,codable,OWL_ANS,emissible,640
Q68.8,XVII,XVII/Q68.8.md,Autres anomalies morphologiques congénitales ostéoarticulaires et des muscles précisées,true,false,true,false,true,0,codable,OWL_ANS,emissible,1480
Q69.0,XVII,XVII/Q69.0.md,Doigt(s) surnuméraire(s),false,false,true,false,true,0,codable,OWL_ANS,emissible,526
Q69.1,XVII,XVII/Q69.1.md,Pouce(s) surnuméraire(s),false,false,true,false,false,0,codable,OWL_ANS,emissible,465
Q69.2,XVII,XVII/Q69.2.md,Orteil(s) surnuméraire(s),true,false,true,false,false,0,codable,OWL_ANS,emissible,545
Q69.9,XVII,XVII/Q69.9.md,"Polydactylie, sans précision",false,false,true,false,true,0,codable,OWL_ANS,emissible,560
Q70.0,XVII,XVII/Q70.0.md,Coalescence des doigts,true,false,true,false,false,0,codable,OWL_ANS,emissible,564
Q70.1,XVII,XVII/Q70.1.md,Palmure des doigts,true,false,true,false,true,0,codable,OWL_ANS,emissible,628
Q70.2,XVII,XVII/Q70.2.md,Coalescence des orteils,true,false,true,false,false,0,codable,OWL_ANS,emissible,566
Q70.3,XVII,XVII/Q70.3.md,Palmure des orteils,true,false,true,false,true,0,codable,OWL_ANS,emissible,618
Q70.4,XVII,XVII/Q70.4.md,Polysyndactylie,false,false,true,false,false,0,codable,OWL_ANS,emissible,456
Q70.9,XVII,XVII/Q70.9.md,"Syndactylie, sans précision",true,false,true,false,true,0,codable,OWL_ANS,emissible,652
Q71.0,XVII,XVII/Q71.0.md,Absence congénitale complète d'un (des) membre(s) supérieur(s),false,false,true,false,true,0,codable,OWL_ANS,emissible,590
Q71.1,XVII,XVII/Q71.1.md,"Absence congénitale du bras et de l'avant-bras, main présente",false,false,true,false,true,0,codable,OWL_ANS,emissible,577
Q71.2,XVII,XVII/Q71.2.md,Absence congénitale de l'avant-bras et de la main,false,false,true,false,true,0,codable,OWL_ANS,emissible,579
Q71.3,XVII,XVII/Q71.3.md,Absence congénitale de la main et de(s) doigt(s),false,false,true,false,true,0,codable,OWL_ANS,emissible,639
Q71.4,XVII,XVII/Q71.4.md,Raccourcissement longitudinal du radius,true,false,true,false,true,0,codable,OWL_ANS,emissible,657
Q71.5,XVII,XVII/Q71.5.md,Raccourcissement longitudinal du cubitus,false,false,true,false,true,0,codable,OWL_ANS,emissible,543
Q71.6,XVII,XVII/Q71.6.md,Main en pince de homard,false,false,true,false,false,0,codable,OWL_ANS,emissible,464
Q71.8,XVII,XVII/Q71.8.md,Autres raccourcissements d'un (des) membre(s) supérieur(s),true,false,true,false,true,0,codable,OWL_ANS,emissible,1347
Q71.9,XVII,XVII/Q71.9.md,"Raccourcissement du membre supérieur, sans précision",false,false,true,false,true,0,codable,OWL_ANS,emissible,666
Q72.0,XVII,XVII/Q72.0.md,Absence congénitale complète d'un (des) membre(s) inférieur(s),false,false,true,false,true,0,codable,OWL_ANS,emissible,648
Q72.1,XVII,XVII/Q72.1.md,"Absence congénitale de la cuisse et de la jambe, pied présent",false,false,true,false,true,0,codable,OWL_ANS,emissible,560
Q72.2,XVII,XVII/Q72.2.md,Absence congénitale de la jambe et du pied,false,false,true,false,true,0,codable,OWL_ANS,emissible,542
Q72.3,XVII,XVII/Q72.3.md,Absence congénitale du pied et d'un (des) orteil(s),false,false,true,false,true,0,codable,OWL_ANS,emissible,608
Q72.4,XVII,XVII/Q72.4.md,Raccourcissement longitudinal du fémur,true,false,true,false,true,0,codable,OWL_ANS,emissible,680
Q72.5,XVII,XVII/Q72.5.md,Raccourcissement longitudinal du tibia,false,false,true,false,true,0,codable,OWL_ANS,emissible,565
Q72.6,XVII,XVII/Q72.6.md,Raccourcissement longitudinal du péroné,false,false,true,false,true,0,codable,OWL_ANS,emissible,541
Q72.7,XVII,XVII/Q72.7.md,Pied bifide,false,false,true,false,false,0,codable,OWL_ANS,emissible,452
Q72.8,XVII,XVII/Q72.8.md,Autres raccourcissements d'un (des) membre(s) inférieur(s),true,false,true,false,true,0,codable,OWL_ANS,emissible,1295
Q72.9,XVII,XVII/Q72.9.md,"Raccourcissement du membre inférieur, sans précision",false,false,true,false,true,0,codable,OWL_ANS,emissible,617
Q73.0,XVII,XVII/Q73.0.md,Absence congénitale d'un (des) membre(s) non précisé(s),true,false,true,false,true,0,codable,OWL_ANS,emissible,631
Q73.1,XVII,XVII/Q73.1.md,"Phocomélie, membre(s) non précisé(s)",true,false,true,false,true,0,codable,OWL_ANS,emissible,620
Q73.8,XVII,XVII/Q73.8.md,Autres raccourcissements d'un (des) membre(s) non précisé(s),true,false,true,false,true,0,codable,OWL_ANS,emissible,1040
Q74.0,XVII,XVII/Q74.0.md,"Autres malformations congénitales d'un (des) membre(s) supérieur(s), y compris la ceinture scapulaire",true,false,true,false,true,0,codable,OWL_ANS,emissible,1532
Q74.1,XVII,XVII/Q74.1.md,Malformation congénitale du genou,true,false,true,false,true,0,codable,OWL_ANS,emissible,1194
Q74.2,XVII,XVII/Q74.2.md,"Autres malformations congénitales d'un (des) membre(s) inférieur(s), y compris la ceinture pelvienne",true,false,true,false,true,0,codable,OWL_ANS,emissible,1535
Q74.3,XVII,XVII/Q74.3.md,Arthrogrypose congénitale multiple,false,false,true,false,true,0,codable,OWL_ANS,emissible,948
Q74.8,XVII,XVII/Q74.8.md,Autres malformations congénitales précisées d'un (des) membre(s) non précisé(s),false,false,true,false,true,0,codable,OWL_ANS,emissible,1177
Q74.9,XVII,XVII/Q74.9.md,"Malformation congénitale d'un (des) membre(s) non précisé(s), sans précision",true,false,true,false,true,0,codable,OWL_ANS,emissible,1116
Q75.0,XVII,XVII/Q75.0.md,Craniosynostose,true,false,true,false,true,0,codable,OWL_ANS,emissible,1291
Q75.1,XVII,XVII/Q75.1.md,Dysostose craniofaciale,true,false,true,false,true,0,codable,OWL_ANS,emissible,1208
Q75.2,XVII,XVII/Q75.2.md,Hypertélorisme,false,false,true,false,true,0,codable,OWL_ANS,emissible,1032
Q75.3,XVII,XVII/Q75.3.md,Macrocéphalie,false,false,true,false,true,0,codable,OWL_ANS,emissible,1082
Q75.4,XVII,XVII/Q75.4.md,Dysostose mandibulofaciale,true,false,true,false,true,0,codable,OWL_ANS,emissible,1411
Q75.5,XVII,XVII/Q75.5.md,Dysostose oculomandibulaire,false,false,true,false,true,0,codable,OWL_ANS,emissible,1039
Q75.8,XVII,XVII/Q75.8.md,Autres malformations congénitales précisées des os du crâne et de la face,true,false,true,false,true,0,codable,OWL_ANS,emissible,1850
Q75.9,XVII,XVII/Q75.9.md,"Malformation congénitale des os du crâne et de la face, sans précision",true,false,true,false,true,0,codable,OWL_ANS,emissible,1221
Q76.0,XVII,XVII/Q76.0.md,Spina bifida occulta,false,false,true,false,true,0,codable,OWL_ANS,emissible,811
Q76.1,XVII,XVII/Q76.1.md,Syndrome de Klippel–Feil,true,false,true,false,true,0,codable,OWL_ANS,emissible,894
Q76.2,XVII,XVII/Q76.2.md,Spondylolisthésis congénital,true,false,true,false,true,0,codable,OWL_ANS,emissible,950
Q76.3,XVII,XVII/Q76.3.md,Scoliose congénitale due à une malformation osseuse congénitale,true,false,true,false,true,0,codable,OWL_ANS,emissible,932
Q76.4,XVII,XVII/Q76.4.md,"Autres malformations congénitales du rachis, non associées à une scoliose",true,false,true,false,true,0,codable,OWL_ANS,emissible,2238
Q76.5,XVII,XVII/Q76.5.md,Côte cervicale,true,false,true,false,true,0,codable,OWL_ANS,emissible,783
Q76.6,XVII,XVII/Q76.6.md,Autres malformations congénitales des côtes,true,false,true,false,true,0,codable,OWL_ANS,emissible,1181
Q76.7,XVII,XVII/Q76.7.md,Anomalies congénitales du sternum,true,false,true,false,true,0,codable,OWL_ANS,emissible,936
Q76.8,XVII,XVII/Q76.8.md,Autres malformations congénitales du thorax osseux,false,false,true,false,true,0,codable,OWL_ANS,emissible,1200
Q76.9,XVII,XVII/Q76.9.md,"Malformation congénitale du thorax osseux, sans précision",false,false,true,false,true,0,codable,OWL_ANS,emissible,991
Q77.0,XVII,XVII/Q77.0.md,Achondrogénésie,true,false,true,false,true,0,codable,OWL_ANS,emissible,691
Q77.1,XVII,XVII/Q77.1.md,Insuffisance staturale thanatophore,false,false,true,false,true,0,codable,OWL_ANS,emissible,710
Q77.2,XVII,XVII/Q77.2.md,Syndrome des côtes courtes,true,false,true,false,true,0,codable,OWL_ANS,emissible,955
Q77.3,XVII,XVII/Q77.3.md,Chondrodysplasie ponctuée,false,false,true,false,true,0,codable,OWL_ANS,emissible,1123
Q77.4,XVII,XVII/Q77.4.md,Achondroplasie,true,false,true,false,true,0,codable,OWL_ANS,emissible,774
Q77.5,XVII,XVII/Q77.5.md,Dysplasie diastrophique,false,false,true,false,true,0,codable,OWL_ANS,emissible,634
Q77.6,XVII,XVII/Q77.6.md,Dysplasie chondroectodermique,true,false,true,false,true,0,codable,OWL_ANS,emissible,834
Q77.7,XVII,XVII/Q77.7.md,Dysplasie spondyloépiphysaire,false,false,true,false,true,0,codable,OWL_ANS,emissible,708
Q77.8,XVII,XVII/Q77.8.md,Autres ostéo-chondro-dysplasies avec anomalies de la croissance des os longs et du rachis,false,false,true,false,true,0,codable,OWL_ANS,emissible,1172
Q77.9,XVII,XVII/Q77.9.md,"Ostéo-chondro-dysplasie avec anomalies de la croissance des os longs et du rachis, sans précision",false,false,true,false,true,0,codable,OWL_ANS,emissible,756
Q78.0,XVII,XVII/Q78.0.md,Ostéogénèse imparfaite,true,false,true,false,true,0,codable,OWL_ANS,emissible,1064
Q78.1,XVII,XVII/Q78.1.md,Dysplasie polyostotique fibreuse,true,false,true,false,true,0,codable,OWL_ANS,emissible,854
Q78.2,XVII,XVII/Q78.2.md,Ostéopétrose,true,false,true,false,true,0,codable,OWL_ANS,emissible,767
Q78.3,XVII,XVII/Q78.3.md,Dysplasie diaphysaire progressive,true,false,true,false,true,0,codable,OWL_ANS,emissible,706
Q78.4,XVII,XVII/Q78.4.md,Enchondromatose,true,false,true,false,true,0,codable,OWL_ANS,emissible,805
Q78.5,XVII,XVII/Q78.5.md,Dysplasie métaphysaire,true,false,true,false,true,0,codable,OWL_ANS,emissible,629
Q78.6,XVII,XVII/Q78.6.md,Exostoses multiples congénitales,true,false,true,false,true,0,codable,OWL_ANS,emissible,744
Q78.8,XVII,XVII/Q78.8.md,Autres ostéo-chondro-dysplasies précisées,true,false,true,false,true,0,codable,OWL_ANS,emissible,1474
Q78.9,XVII,XVII/Q78.9.md,"Ostéo-chondro-dysplasie, sans précision",true,false,true,false,true,0,codable,OWL_ANS,emissible,896
Q79.0,XVII,XVII/Q79.0.md,Hernie diaphragmatique congénitale,false,false,true,false,true,0,codable,OWL_ANS,emissible,981
Q79.1,XVII,XVII/Q79.1.md,Autres malformations congénitales du diaphragme,true,false,true,false,true,0,codable,OWL_ANS,emissible,1210
Q79.2,XVII,XVII/Q79.2.md,Exomphale,true,false,true,false,true,0,codable,OWL_ANS,emissible,785
Q79.3,XVII,XVII/Q79.3.md,Gastroschisis,false,false,true,false,true,0,codable,OWL_ANS,emissible,627
Q79.4,XVII,XVII/Q79.4.md,Aplasie congénitale de la musculature abdominale,true,false,true,false,true,0,codable,OWL_ANS,emissible,803
Q79.5,XVII,XVII/Q79.5.md,Autres malformations congénitales de la paroi abdominale,false,false,true,false,true,0,codable,OWL_ANS,emissible,732
Q79.6,XVII,XVII/Q79.6.md,Syndrome d'Ehlers–Danlos,false,false,true,false,true,0,codable,OWL_ANS,emissible,875
Q79.8,XVII,XVII/Q79.8.md,Autres malformations congénitales du système ostéoarticulaire et des muscles,true,false,true,false,true,0,codable,OWL_ANS,emissible,1693
Q79.9,XVII,XVII/Q79.9.md,"Malformation congénitale du système ostéoarticulaire et des muscles, sans précision",true,false,true,false,true,1,interdit_dp_dr,OWL_ANS,emissible,1283
Q80.0,XVII,XVII/Q80.0.md,Ichtyose vulgaire,false,false,true,false,true,0,codable,OWL_ANS,emissible,576
Q80.1,XVII,XVII/Q80.1.md,Ichtyose liée au chromosome X,false,false,true,false,true,0,codable,OWL_ANS,emissible,635
Q80.2,XVII,XVII/Q80.2.md,Ichtyose lamellaire,true,false,true,false,true,0,codable,OWL_ANS,emissible,649
Q80.3,XVII,XVII/Q80.3.md,Érythrodermie ichtyosiforme bulleuse congénitale,false,false,true,false,true,0,codable,OWL_ANS,emissible,785
Q80.4,XVII,XVII/Q80.4.md,Fœtus Arlequin,false,false,true,false,true,0,codable,OWL_ANS,emissible,597
Q80.8,XVII,XVII/Q80.8.md,Autres ichtyoses congénitales,false,false,true,false,true,0,codable,OWL_ANS,emissible,1181
Q80.9,XVII,XVII/Q80.9.md,"Ichtyose congénitale, sans précision",false,false,true,false,true,0,codable,OWL_ANS,emissible,643
Q81.0,XVII,XVII/Q81.0.md,Épidermolyse bulleuse simple,false,false,true,false,true,0,codable,OWL_ANS,emissible,647
Q81.1,XVII,XVII/Q81.1.md,Épidermolyse bulleuse létale,true,false,true,false,true,0,codable,OWL_ANS,emissible,933
Q81.2,XVII,XVII/Q81.2.md,Épidermolyse bulleuse dystrophique,false,false,true,false,true,0,codable,OWL_ANS,emissible,535
Q81.8,XVII,XVII/Q81.8.md,Autres épidermolyses bulleuses,false,false,true,false,true,0,codable,OWL_ANS,emissible,844
Q81.9,XVII,XVII/Q81.9.md,"Épidermolyse bulleuse, sans précision",false,false,true,false,true,0,codable,OWL_ANS,emissible,618
Q82.0,XVII,XVII/Q82.0.md,Lymphœdème héréditaire,false,false,true,false,true,0,codable,OWL_ANS,emissible,972
Q82.1,XVII,XVII/Q82.1.md,Xeroderma pigmentosum,false,false,true,false,true,0,codable,OWL_ANS,emissible,852
Q82.2,XVII,XVII/Q82.2.md,Mastocytose,true,false,true,false,true,0,codable,OWL_ANS,emissible,1169
Q82.3,XVII,XVII/Q82.3.md,Incontinentia pigmenti,false,false,true,false,true,0,codable,OWL_ANS,emissible,849
Q82.4,XVII,XVII/Q82.4.md,Dysplasie ectodermique (anhidrotique),false,false,true,false,true,0,codable,OWL_ANS,emissible,1017
Q82.5,XVII,XVII/Q82.5.md,Nævus congénital non néoplasique,true,false,true,false,true,0,codable,OWL_ANS,emissible,1455
Q82.8,XVII,XVII/Q82.8.md,Autres malformations congénitales précisées de la peau,true,false,true,false,true,0,codable,OWL_ANS,emissible,2146
Q82.9,XVII,XVII/Q82.9.md,"Malformation congénitale de la peau, sans précision",false,false,true,false,true,0,codable,OWL_ANS,emissible,826
Q83.0,XVII,XVII/Q83.0.md,Absence congénitale de sein avec absence de mamelon,false,false,true,false,false,0,codable,OWL_ANS,emissible,559
Q83.1,XVII,XVII/Q83.1.md,Sein surnuméraire,false,false,true,false,false,0,codable,OWL_ANS,emissible,525
Q83.2,XVII,XVII/Q83.2.md,Absence de mamelon,false,false,true,false,true,0,codable,OWL_ANS,emissible,649
Q83.3,XVII,XVII/Q83.3.md,Mamelon accessoire,true,false,true,false,true,0,codable,OWL_ANS,emissible,678
Q83.8,XVII,XVII/Q83.8.md,Autres malformations congénitales du sein,true,false,true,false,true,0,codable,OWL_ANS,emissible,946
Q83.9,XVII,XVII/Q83.9.md,"Malformation congénitale du sein, sans précision",false,false,true,false,true,0,codable,OWL_ANS,emissible,628
Q84.0,XVII,XVII/Q84.0.md,Alopécie congénitale,true,false,true,false,true,0,codable,OWL_ANS,emissible,650
Q84.1,XVII,XVII/Q84.1.md,"Anomalies congénitales de la morphologie des cheveux, non classées ailleurs",true,false,true,false,true,0,codable,OWL_ANS,emissible,892
Q84.2,XVII,XVII/Q84.2.md,Autres anomalies congénitales des cheveux,true,false,true,false,true,0,codable,OWL_ANS,emissible,898
Q84.3,XVII,XVII/Q84.3.md,Anonychie,false,false,true,false,true,0,codable,OWL_ANS,emissible,558
Q84.4,XVII,XVII/Q84.4.md,Leuconychie congénitale,false,false,true,false,true,0,codable,OWL_ANS,emissible,522
Q84.5,XVII,XVII/Q84.5.md,Hypertrophie des ongles,true,false,true,false,false,0,codable,OWL_ANS,emissible,518
Q84.6,XVII,XVII/Q84.6.md,Autres malformations congénitales des ongles,true,false,true,false,true,0,codable,OWL_ANS,emissible,848
Q84.8,XVII,XVII/Q84.8.md,Autres malformations congénitales précisées de la peau et des phanères,true,false,true,false,true,0,codable,OWL_ANS,emissible,1058
Q84.9,XVII,XVII/Q84.9.md,"Malformation congénitale de la peau et des phanères, sans précision",true,false,true,false,true,0,codable,OWL_ANS,emissible,687
Q85.0,XVII,XVII/Q85.0.md,Neurofibromatose (non maligne),true,false,true,false,true,0,codable,OWL_ANS,emissible,1303
Q85.1,XVII,XVII/Q85.1.md,Sclérose tubéreuse,true,false,true,false,true,0,codable,OWL_ANS,emissible,1023
Q85.8,XVII,XVII/Q85.8.md,"Autres phacomatoses, non classées ailleurs",true,false,true,false,true,0,codable,OWL_ANS,emissible,1975
Q85.9,XVII,XVII/Q85.9.md,"Phacomatose, sans précision",true,false,true,false,true,0,codable,OWL_ANS,emissible,903
Q86.0,XVII,XVII/Q86.0.md,Syndrome d'alcoolisation fœtal [SAF](dysmorphique),false,false,true,false,true,0,codable,OWL_ANS,emissible,776
Q86.1,XVII,XVII/Q86.1.md,Syndrome fœtal dû à l'hydantoïne,true,false,true,false,true,0,codable,OWL_ANS,emissible,833
Q86.2,XVII,XVII/Q86.2.md,Dysmorphisme dû à la warfarine,false,false,true,false,true,0,codable,OWL_ANS,emissible,737
Q86.8,XVII,XVII/Q86.8.md,Autres syndromes congénitaux malformatifs dus à des causes exogènes connues,false,false,true,false,true,0,codable,OWL_ANS,emissible,972
Q87.0,XVII,XVII/Q87.0.md,Syndromes congénitaux malformatifs atteignant principalement l'aspect de la face,true,false,true,false,true,0,codable,OWL_ANS,emissible,1349
Q87.1,XVII,XVII/Q87.1.md,Syndromes congénitaux malformatifs associés principalement à une petite taille,true,false,true,false,true,0,codable,OWL_ANS,emissible,1560
Q87.2,XVII,XVII/Q87.2.md,Syndromes congénitaux malformatifs impliquant principalement les membres,true,false,true,false,true,0,codable,OWL_ANS,emissible,1512
Q87.3,XVII,XVII/Q87.3.md,Syndromes congénitaux malformatifs comprenant un gigantisme du nouveau-né,true,false,true,false,true,0,codable,OWL_ANS,emissible,895
Q87.4,XVII,XVII/Q87.4.md,Syndrome de Marfan,false,false,true,false,true,0,codable,OWL_ANS,emissible,575
Q87.5,XVII,XVII/Q87.5.md,Autres syndromes congénitaux malformatifs avec d'autres modifications du squelette,false,false,true,false,true,0,codable,OWL_ANS,emissible,552
Q87.8,XVII,XVII/Q87.8.md,"Autres syndromes congénitaux malformatifs précisés, non classés ailleurs",true,false,true,false,true,0,codable,OWL_ANS,emissible,1996
Q89.0,XVII,XVII/Q89.0.md,Malformations congénitales de la rate,true,false,true,false,true,0,codable,OWL_ANS,emissible,943
Q89.1,XVII,XVII/Q89.1.md,Malformations congénitales des surrénales,false,false,true,false,true,0,codable,OWL_ANS,emissible,783
Q89.2,XVII,XVII/Q89.2.md,Malformations congénitales des autres glandes endocrines,true,false,true,false,true,0,codable,OWL_ANS,emissible,1028
Q89.3,XVII,XVII/Q89.3.md,Situs inversus,true,false,true,false,true,0,codable,OWL_ANS,emissible,1068
Q89.4,XVII,XVII/Q89.4.md,Jumeaux soudés,true,false,true,false,true,0,codable,OWL_ANS,emissible,758
Q89.7,XVII,XVII/Q89.7.md,"Malformations congénitales multiples, non classées ailleurs",true,false,true,false,true,0,codable,OWL_ANS,emissible,1048
Q89.8,XVII,XVII/Q89.8.md,Autres malformations congénitales précisées,false,false,true,false,true,0,codable,OWL_ANS,emissible,1160
Q89.9,XVII,XVII/Q89.9.md,"Malformation congénitale, sans précision",true,false,true,false,true,1,interdit_dp_dr,OWL_ANS,emissible,871
Q90.0,XVII,XVII/Q90.0.md,"Trisomie 21, non-disjonction méïotique",false,false,true,false,true,0,codable,OWL_ANS,emissible,526
Q90.1,XVII,XVII/Q90.1.md,"Trisomie 21, mosaïque chromosomique (non-disjonction mitotique)",false,false,true,false,true,0,codable,OWL_ANS,emissible,545
Q90.2,XVII,XVII/Q90.2.md,"Trisomie 21, translocation",false,false,true,false,false,0,codable,OWL_ANS,emissible,445
Q90.9,XVII,XVII/Q90.9.md,"Syndrome de Down, sans précision",true,false,true,false,true,0,codable,OWL_ANS,emissible,632
Q91.0,XVII,XVII/Q91.0.md,"Trisomie 18, non-disjonction méïotique",false,false,true,false,false,0,codable,OWL_ANS,emissible,457
Q91.1,XVII,XVII/Q91.1.md,"Trisomie 18, mosaïque chromosomique (non-disjonction mitotique)",false,false,true,false,true,0,codable,OWL_ANS,emissible,568
Q91.2,XVII,XVII/Q91.2.md,"Trisomie 18, translocation",false,false,true,false,true,0,codable,OWL_ANS,emissible,531
Q91.3,XVII,XVII/Q91.3.md,"Syndrome d'Edwards, sans précision",false,false,true,false,true,0,codable,OWL_ANS,emissible,551
Q91.4,XVII,XVII/Q91.4.md,"Trisomie 13, non-disjonction méïotique",false,false,true,false,false,0,codable,OWL_ANS,emissible,457
Q91.5,XVII,XVII/Q91.5.md,"Trisomie 13, mosaïque chromosomique (non-disjonction mitotique)",false,false,true,false,true,0,codable,OWL_ANS,emissible,545
Q91.6,XVII,XVII/Q91.6.md,"Trisomie 13, translocation",false,false,true,false,true,0,codable,OWL_ANS,emissible,513
Q91.7,XVII,XVII/Q91.7.md,"Syndrome de Patau, sans précision",false,false,true,false,true,0,codable,OWL_ANS,emissible,571
Q92.0,XVII,XVII/Q92.0.md,"Trisomie d'un chromosome entier, non-disjonction méïotique",true,false,true,false,false,0,codable,OWL_ANS,emissible,715
Q92.1,XVII,XVII/Q92.1.md,"Trisomie d'un chromosome entier, mosaïque chromosomique (non-disjonction mitotique)",true,false,true,false,true,0,codable,OWL_ANS,emissible,885
Q92.2,XVII,XVII/Q92.2.md,Trisomie partielle majeure,true,false,true,false,true,0,codable,OWL_ANS,emissible,860
Q92.3,XVII,XVII/Q92.3.md,Trisomie partielle mineure,true,false,true,false,true,0,codable,OWL_ANS,emissible,877
Q92.4,XVII,XVII/Q92.4.md,Duplications vues seulement à la prométaphase,true,false,true,false,false,0,codable,OWL_ANS,emissible,702
Q92.5,XVII,XVII/Q92.5.md,Duplications avec autres réarrangements complexes,true,false,true,false,false,0,codable,OWL_ANS,emissible,706
Q92.6,XVII,XVII/Q92.6.md,Chromosomes marqueurs supplémentaires,true,false,true,false,true,0,codable,OWL_ANS,emissible,771
Q92.7,XVII,XVII/Q92.7.md,Triploïdie et polyploïdie,true,false,true,false,true,0,codable,OWL_ANS,emissible,793
Q92.8,XVII,XVII/Q92.8.md,Autres trisomies et trisomies partielles précisées des autosomes,true,false,true,false,true,0,codable,OWL_ANS,emissible,1489
Q92.9,XVII,XVII/Q92.9.md,"Trisomie et trisomie partielle des autosomes, sans précision",true,false,true,false,true,0,codable,OWL_ANS,emissible,919
Q93.0,XVII,XVII/Q93.0.md,"Monosomie d'un chromosome entier, non-disjonction méïotique",false,false,true,false,false,0,codable,OWL_ANS,emissible,478
Q93.1,XVII,XVII/Q93.1.md,"Monosomie d'un chromosome entier, mosaïque chromosomique (non-disjonction mitotique)",false,false,true,false,false,0,codable,OWL_ANS,emissible,503
Q93.2,XVII,XVII/Q93.2.md,Chromosome remplacé par un anneau ou dicentrique,false,false,true,false,true,0,codable,OWL_ANS,emissible,601
Q93.3,XVII,XVII/Q93.3.md,Délétion du bras court du chromosome 4,true,false,true,false,true,0,codable,OWL_ANS,emissible,772
Q93.4,XVII,XVII/Q93.4.md,Délétion du bras court du chromosome 5,true,false,true,false,true,0,codable,OWL_ANS,emissible,844
Q93.5,XVII,XVII/Q93.5.md,Autres délétions partielles d'un chromosome,true,false,true,false,true,0,codable,OWL_ANS,emissible,878
Q93.6,XVII,XVII/Q93.6.md,Délétions vues seulement à la prométaphase,false,false,true,false,true,0,codable,OWL_ANS,emissible,556
Q93.7,XVII,XVII/Q93.7.md,Délétions avec autres réarrangements complexes,false,false,true,false,true,0,codable,OWL_ANS,emissible,526
Q93.8,XVII,XVII/Q93.8.md,Autres délétions des autosomes,false,false,true,false,true,0,codable,OWL_ANS,emissible,1223
Q93.9,XVII,XVII/Q93.9.md,"Délétion des autosomes, sans précision",false,false,true,false,true,0,codable,OWL_ANS,emissible,597
Q95.0,XVII,XVII/Q95.0.md,Translocation ou insertion équilibrée chez un sujet normal,true,false,true,false,false,0,codable,OWL_ANS,emissible,625
Q95.1,XVII,XVII/Q95.1.md,Inversion chromosomique chez un sujet normal,true,false,true,false,false,0,codable,OWL_ANS,emissible,611
Q95.2,XVII,XVII/Q95.2.md,Réarrangement autosomique équilibré chez un sujet anormal,true,false,true,false,false,0,codable,OWL_ANS,emissible,624
Q95.3,XVII,XVII/Q95.3.md,Réarrangement sexuel/autosomique équilibré chez un sujet anormal,true,false,true,false,false,0,codable,OWL_ANS,emissible,631
Q95.4,XVII,XVII/Q95.4.md,Sujet avec marqueur d'hétérochromatine,true,false,true,false,true,0,codable,OWL_ANS,emissible,675
Q95.5,XVII,XVII/Q95.5.md,Sujet avec site autosomique fragile,true,false,true,false,true,0,codable,OWL_ANS,emissible,666
Q95.8,XVII,XVII/Q95.8.md,Autres réarrangements équilibrés et marqueurs structurels,true,false,true,false,true,0,codable,OWL_ANS,emissible,1170
Q95.9,XVII,XVII/Q95.9.md,"Réarrangement équilibré et marqueur structurel, sans précision",true,false,true,false,true,0,codable,OWL_ANS,emissible,752
Q96.0,XVII,XVII/Q96.0.md,"Caryotype 45,X",false,false,true,false,true,0,codable,OWL_ANS,emissible,586
Q96.1,XVII,XVII/Q96.1.md,"Caryotype 46,X iso (Xq)",false,false,true,false,false,0,codable,OWL_ANS,emissible,537
Q96.2,XVII,XVII/Q96.2.md,"Caryotype 46,X avec chromosome sexuel anormal, sauf iso (Xq)",false,false,true,false,false,0,codable,OWL_ANS,emissible,574
Q96.3,XVII,XVII/Q96.3.md,"Mosaïque chromosomique, 45,X/46,XX ou XY",false,false,true,false,true,0,codable,OWL_ANS,emissible,678
Q96.4,XVII,XVII/Q96.4.md,"Mosaïque chromosomique, 45,X/autre(s) lignée(s) cellulaire(s) avec chromosome sexuel anormal",false,false,true,false,false,0,codable,OWL_ANS,emissible,606
Q96.8,XVII,XVII/Q96.8.md,Autres formes du syndrome de Turner,false,false,true,false,true,0,codable,OWL_ANS,emissible,954
Q96.9,XVII,XVII/Q96.9.md,"Syndrome de Turner, sans précision",false,false,true,false,true,0,codable,OWL_ANS,emissible,753
Q97.0,XVII,XVII/Q97.0.md,"Caryotype 47,XXX",false,false,true,false,true,0,codable,OWL_ANS,emissible,618
Q97.1,XVII,XVII/Q97.1.md,Femme avec plus de trois chromosomes X,false,false,true,false,true,0,codable,OWL_ANS,emissible,625
Q97.2,XVII,XVII/Q97.2.md,"Mosaïque chromosomique, lignées avec divers nombres de chromosomes X",false,false,true,false,true,0,codable,OWL_ANS,emissible,678
Q97.3,XVII,XVII/Q97.3.md,"Femme avec un caryotype 46,XY",false,false,true,false,true,0,codable,OWL_ANS,emissible,616
Q97.8,XVII,XVII/Q97.8.md,"Autres anomalies précisées des chromosomes sexuels, phénotype féminin",false,false,true,false,true,0,codable,OWL_ANS,emissible,913
Q97.9,XVII,XVII/Q97.9.md,"Anomalie des chromosomes sexuels, phénotype féminin, sans précision",false,false,true,false,true,0,codable,OWL_ANS,emissible,709
Q98.0,XVII,XVII/Q98.0.md,"Syndrome de Klinefelter, caryotype 47,XXY",false,false,true,false,true,0,codable,OWL_ANS,emissible,524
Q98.1,XVII,XVII/Q98.1.md,"Syndrome de Klinefelter, homme avec plus de deux chromosomes X",false,false,true,false,true,0,codable,OWL_ANS,emissible,538
Q98.2,XVII,XVII/Q98.2.md,"Syndrome de Klinefelter, homme avec caryotype 46,XX",false,false,true,false,false,0,codable,OWL_ANS,emissible,470
Q98.3,XVII,XVII/Q98.3.md,"Autre phénotype masculin avec caryotype 46,XX",false,false,true,false,false,0,codable,OWL_ANS,emissible,464
Q98.4,XVII,XVII/Q98.4.md,"Syndrome de Klinefelter, sans précision",false,false,true,false,true,0,codable,OWL_ANS,emissible,613
Q98.5,XVII,XVII/Q98.5.md,"Caryotype 47,XYY",false,false,true,false,true,0,codable,OWL_ANS,emissible,484
Q98.6,XVII,XVII/Q98.6.md,Homme avec chromosomes sexuels de structure anormale,false,false,true,false,false,0,codable,OWL_ANS,emissible,471
Q98.7,XVII,XVII/Q98.7.md,Homme avec mosaïque des chromosomes sexuels,false,false,true,false,false,0,codable,OWL_ANS,emissible,462
Q98.8,XVII,XVII/Q98.8.md,"Autres anomalies précisées des chromosomes sexuels, phénotype masculin",false,false,true,false,true,0,codable,OWL_ANS,emissible,1107
Q98.9,XVII,XVII/Q98.9.md,"Anomalie des chromosomes sexuels, phénotype masculin, sans précision",false,false,true,false,true,0,codable,OWL_ANS,emissible,550
Q99.0,XVII,XVII/Q99.0.md,"Chimère 46,XX/46,XY",true,false,true,false,true,0,codable,OWL_ANS,emissible,592
Q99.1,XVII,XVII/Q99.1.md,"Hermaphrodite vrai 46,XX",true,false,true,false,true,0,codable,OWL_ANS,emissible,655
Q99.2,XVII,XVII/Q99.2.md,Chromosome X fragile,true,false,true,false,true,0,codable,OWL_ANS,emissible,670
Q99.8,XVII,XVII/Q99.8.md,Autres anomalies précisées des chromosomes,false,false,true,false,true,0,codable,OWL_ANS,emissible,990
Q99.9,XVII,XVII/Q99.9.md,"Anomalie chromosomique, sans précision",false,false,true,false,true,0,codable,OWL_ANS,emissible,866
R00.0,XVIII,XVIII/R00.0.md,"Tachycardie, sans précision",true,false,true,false,true,0,codable,OWL_ANS,emissible,1229
R00.1,XVIII,XVIII/R00.1.md,"Bradycardie, sans précision",true,false,true,true,true,0,codable,OWL_ANS,emissible,1658
R00.2,XVIII,XVIII/R00.2.md,Palpitations,true,false,true,false,true,0,codable,OWL_ANS,emissible,1027
R00.3,XVIII,XVIII/R00.3.md,"Activité électrique sans pouls, non classée ailleurs",true,false,true,false,false,0,codable,OWL_ANS,emissible,1008
R00.8,XVIII,XVIII/R00.8.md,"Anomalies du rythme cardiaque, autres et non précisées",false,false,true,false,true,0,codable,OWL_ANS,emissible,1145
R01.0,XVIII,XVIII/R01.0.md,Souffles cardiaques bénins et anodins,true,false,true,false,false,0,codable,OWL_ANS,emissible,876
R01.1,XVIII,XVIII/R01.1.md,"Souffle cardiaque, sans précision",true,false,true,false,true,0,codable,OWL_ANS,emissible,1188
R01.2,XVIII,XVIII/R01.2.md,Autres bruits cardiaques,true,false,true,false,true,0,codable,OWL_ANS,emissible,1035
R02,XVIII,XVIII/R02.md,"Gangrène, non classée ailleurs",false,false,true,true,true,0,codable,OWL_ANS,emissible,2029
R03.0,XVIII,XVIII/R03.0.md,"Constatation d'une élévation de la tension artérielle, sans diagnostic d'hypertension",false,false,true,false,true,0,codable,OWL_ANS,emissible,1121
R03.1,XVIII,XVIII/R03.1.md,Constatation d'une baisse non spécifique de la tension artérielle,false,false,true,true,true,0,codable,OWL_ANS,emissible,1541
R04.0,XVIII,XVIII/R04.0.md,Épistaxis,true,false,true,false,true,0,codable,OWL_ANS,emissible,1006
R04.1,XVIII,XVIII/R04.1.md,Hémorragie de la gorge,false,false,true,false,true,0,codable,OWL_ANS,emissible,978
R04.2,XVIII,XVIII/R04.2.md,Hémoptysie,true,false,true,false,true,0,codable,OWL_ANS,emissible,1073
R04.8,XVIII,XVIII/R04.8.md,Hémorragie d'autres parties des voies respiratoires,true,false,true,false,true,0,codable,OWL_ANS,emissible,1385
R04.9,XVIII,XVIII/R04.9.md,"Hémorragie des voies respiratoires, sans précision",false,false,true,false,true,0,codable,OWL_ANS,emissible,901
R05,XVIII,XVIII/R05.md,Toux,false,false,true,false,true,0,codable,OWL_ANS,emissible,927
R06.0,XVIII,XVIII/R06.0.md,Dyspnée,true,false,true,false,true,0,codable,OWL_ANS,emissible,1349
R06.1,XVIII,XVIII/R06.1.md,Stridor,false,false,true,false,true,0,codable,OWL_ANS,emissible,1105
R06.2,XVIII,XVIII/R06.2.md,Sifflement,true,false,true,false,true,0,codable,OWL_ANS,emissible,1048
R06.3,XVIII,XVIII/R06.3.md,Respiration périodique,true,false,true,false,true,0,codable,OWL_ANS,emissible,1419
R06.4,XVIII,XVIII/R06.4.md,Hyperventilation,false,false,true,false,true,0,codable,OWL_ANS,emissible,1341
R06.5,XVIII,XVIII/R06.5.md,Respiration par la bouche,true,false,true,false,true,0,codable,OWL_ANS,emissible,1167
R06.6,XVIII,XVIII/R06.6.md,Hoquet,false,false,true,false,true,0,codable,OWL_ANS,emissible,1156
R06.7,XVIII,XVIII/R06.7.md,Éternuement,false,false,true,false,true,0,codable,OWL_ANS,emissible,940
R06.8,XVIII,XVIII/R06.8.md,"Anomalies de la respiration, autres et non précisées",true,false,true,false,true,0,codable,OWL_ANS,emissible,1939
R07.0,XVIII,XVIII/R07.0.md,Douleur de la gorge,false,false,true,false,true,0,codable,OWL_ANS,emissible,963
R07.1,XVIII,XVIII/R07.1.md,Douleur thoracique respiratoire,true,false,true,false,true,0,codable,OWL_ANS,emissible,1032
R07.2,XVIII,XVIII/R07.2.md,Douleur précordiale,false,false,true,false,true,0,codable,OWL_ANS,emissible,1178
R07.3,XVIII,XVIII/R07.3.md,Autres douleurs thoraciques,true,false,true,false,true,0,codable,OWL_ANS,emissible,1327
R07.4,XVIII,XVIII/R07.4.md,"Douleur thoracique, sans précision",false,false,true,false,true,0,codable,OWL_ANS,emissible,1173
R09.0,XVIII,XVIII/R09.0.md,Asphyxie,false,false,true,false,true,0,codable,OWL_ANS,emissible,1339
R09.1,XVIII,XVIII/R09.1.md,Inflammation de la plèvre,false,false,true,false,true,0,codable,OWL_ANS,emissible,1220
R09.2,XVIII,XVIII/R09.2.md,Arrêt respiratoire,true,false,true,false,true,0,codable,OWL_ANS,emissible,1410
R09.3,XVIII,XVIII/R09.3.md,Expectoration anormale,true,false,true,false,true,0,codable,OWL_ANS,emissible,1488
R09.8,XVIII,XVIII/R09.8.md,Autres symptômes et signes précisés relatifs aux appareils circulatoire et respiratoire,true,false,true,false,true,0,codable,OWL_ANS,emissible,1753
R10.0,XVIII,XVIII/R10.0.md,Syndrome abdominal aigu,true,false,true,false,true,0,codable,OWL_ANS,emissible,1679
R10.1,XVIII,XVIII/R10.1.md,Douleur localisée à la partie supérieure de l'abdomen,true,false,true,false,true,0,codable,OWL_ANS,emissible,1741
R10.2,XVIII,XVIII/R10.2.md,Douleur pelvienne et périnéale,false,false,true,false,true,0,codable,OWL_ANS,emissible,1425
R10.3,XVIII,XVIII/R10.3.md,Douleur localisée à d'autres parties inférieures de l'abdomen,false,false,true,false,true,0,codable,OWL_ANS,emissible,1545
R10.4,XVIII,XVIII/R10.4.md,"Douleurs abdominales, autres et non précisées",true,false,true,false,true,0,codable,OWL_ANS,emissible,1798
R11,XVIII,XVIII/R11.md,Nausées et vomissements,false,false,true,false,true,0,codable,OWL_ANS,emissible,1824
R12,XVIII,XVIII/R12.md,Pyrosis,false,false,true,false,true,0,codable,OWL_ANS,emissible,1158
R13,XVIII,XVIII/R13.md,Dysphagie,true,false,true,false,true,0,codable,OWL_ANS,emissible,1461
R14,XVIII,XVIII/R14.md,Flatulence et troubles apparentés,true,false,true,false,true,0,codable,OWL_ANS,emissible,1633
R15,XVIII,XVIII/R15.md,Incontinence des matières fécales,true,false,true,false,true,0,codable,OWL_ANS,emissible,1444
R16.0,XVIII,XVIII/R16.0.md,"Hépatomégalie, non classée ailleurs",true,false,true,false,true,0,codable,OWL_ANS,emissible,1399
R16.1,XVIII,XVIII/R16.1.md,"Splénomégalie, non classée ailleurs",true,false,true,false,true,0,codable,OWL_ANS,emissible,1335
R16.2,XVIII,XVIII/R16.2.md,"Hépatomégalie avec splénomégalie, non classées ailleurs",true,false,true,false,true,0,codable,OWL_ANS,emissible,1354
R17.0,XVIII,XVIII/R17.0.md,"Hyperbilirubinémie, avec mention d'ictère, non classée ailleurs",true,false,true,false,false,0,codable,OWL_ANS,emissible,1252
R17.9,XVIII,XVIII/R17.9.md,"Hyperbilirubinémie, sans mention d'ictère, non classée ailleurs",true,false,true,false,false,0,codable,OWL_ANS,emissible,1235
R18,XVIII,XVIII/R18.md,Ascite,true,false,true,true,true,0,codable,OWL_ANS,emissible,1975
R19.0,XVIII,XVIII/R19.0.md,Tuméfaction et masse intraabdominales et pelviennes,true,false,true,false,true,0,codable,OWL_ANS,emissible,1889
R19.1,XVIII,XVIII/R19.1.md,Bruits abdominaux anormaux,true,false,true,false,true,0,codable,OWL_ANS,emissible,1373
R19.2,XVIII,XVIII/R19.2.md,Péristaltisme apparent,true,false,true,false,true,0,codable,OWL_ANS,emissible,1317
R19.3,XVIII,XVIII/R19.3.md,Contracture abdominale,false,false,true,false,true,0,codable,OWL_ANS,emissible,1295
R19.4,XVIII,XVIII/R19.4.md,Modification du transit intestinal,false,false,true,false,true,0,codable,OWL_ANS,emissible,1410
R19.5,XVIII,XVIII/R19.5.md,Autres anomalies des matières fécales,true,false,true,false,true,0,codable,OWL_ANS,emissible,1597
R19.6,XVIII,XVIII/R19.6.md,Haleine fétide,false,false,true,false,true,0,codable,OWL_ANS,emissible,1229
R19.8,XVIII,XVIII/R19.8.md,Autres symptômes et signes précisés relatifs à l'appareil digestif et à l'abdomen,false,false,true,false,true,0,codable,OWL_ANS,emissible,1853
R20.0,XVIII,XVIII/R20.0.md,Anesthésie cutanée,false,false,true,false,true,0,codable,OWL_ANS,emissible,941
R20.1,XVIII,XVIII/R20.1.md,Hypoesthésie cutanée,false,false,true,false,true,0,codable,OWL_ANS,emissible,873
R20.2,XVIII,XVIII/R20.2.md,Paresthésie cutanée,true,false,true,false,true,0,codable,OWL_ANS,emissible,1200
R20.3,XVIII,XVIII/R20.3.md,Hyperesthésie,false,false,true,false,true,0,codable,OWL_ANS,emissible,872
R20.8,XVIII,XVIII/R20.8.md,"Troubles de la sensibilité cutanée, autres et non précisés",false,false,true,false,true,0,codable,OWL_ANS,emissible,1389
R21,XVIII,XVIII/R21.md,Rash et autres éruptions cutanées non spécifiques,false,false,true,false,true,0,codable,OWL_ANS,emissible,923
R22.0,XVIII,XVIII/R22.0.md,"Tuméfaction et masse localisées, au niveau de la tête",true,false,true,false,true,0,codable,OWL_ANS,emissible,1480
R22.1,XVIII,XVIII/R22.1.md,"Tuméfaction et masse localisées, au niveau du cou",true,false,true,false,true,0,codable,OWL_ANS,emissible,1516
R22.2,XVIII,XVIII/R22.2.md,"Tuméfaction et masse localisées, au niveau du tronc",true,false,true,false,true,0,codable,OWL_ANS,emissible,1496
R22.3,XVIII,XVIII/R22.3.md,"Tuméfaction et masse localisées, au niveau du membre supérieur",true,false,true,false,true,0,codable,OWL_ANS,emissible,1433
R22.4,XVIII,XVIII/R22.4.md,"Tuméfaction et masse localisées, au niveau du membre inférieur",true,false,true,false,true,0,codable,OWL_ANS,emissible,1402
R22.7,XVIII,XVIII/R22.7.md,"Tuméfaction et masse localisées, sièges multiples",true,false,true,false,true,0,codable,OWL_ANS,emissible,1436
R22.9,XVIII,XVIII/R22.9.md,"Tuméfaction et masse localisées, sans précision",true,false,true,false,true,0,codable,OWL_ANS,emissible,1460
R23.0,XVIII,XVIII/R23.0.md,Cyanose,false,false,true,false,true,0,codable,OWL_ANS,emissible,1069
R23.1,XVIII,XVIII/R23.1.md,Pâleur,true,false,true,false,true,0,codable,OWL_ANS,emissible,858
R23.2,XVIII,XVIII/R23.2.md,Rougeur,true,false,true,false,true,0,codable,OWL_ANS,emissible,869
R23.3,XVIII,XVIII/R23.3.md,Ecchymoses spontanées,true,false,true,false,true,0,codable,OWL_ANS,emissible,1202
R23.4,XVIII,XVIII/R23.4.md,Modifications du tissu cutané,true,false,true,false,true,0,codable,OWL_ANS,emissible,1074
R23.8,XVIII,XVIII/R23.8.md,"Modifications de la peau, autres et non précisées",false,false,true,false,true,0,codable,OWL_ANS,emissible,1019
R25.0,XVIII,XVIII/R25.0.md,Mouvements anormaux de la tête,false,false,true,false,true,0,codable,OWL_ANS,emissible,893
R25.1,XVIII,XVIII/R25.1.md,"Tremblement, sans précision",false,false,true,false,true,0,codable,OWL_ANS,emissible,1043
R25.2,XVIII,XVIII/R25.2.md,Crampe et spasme,false,false,true,false,true,0,codable,OWL_ANS,emissible,1183
R25.3,XVIII,XVIII/R25.3.md,Fasciculation,true,false,true,false,true,0,codable,OWL_ANS,emissible,1011
R25.8,XVIII,XVIII/R25.8.md,"Mouvements involontaires anormaux, autres et non précisés",false,false,true,false,true,0,codable,OWL_ANS,emissible,1399
R26.0,XVIII,XVIII/R26.0.md,Démarche ataxique,true,false,true,true,true,0,codable,OWL_ANS,emissible,1292
R26.1,XVIII,XVIII/R26.1.md,Démarche paralytique,true,false,true,true,false,0,codable,OWL_ANS,emissible,1161
R26.2,XVIII,XVIII/R26.2.md,"Difficulté à la marche, non classée ailleurs",false,false,true,true,true,0,codable,OWL_ANS,emissible,1412
R26.30,XVIII,XVIII/R26.30.md,État grabataire,true,false,true,true,false,0,codable,OWL_ANS,emissible,1928
R26.38,XVIII,XVIII/R26.38.md,"Immobilité, autre et sans précision",true,false,true,true,false,0,codable,OWL_ANS,emissible,1214
R26.8,XVIII,XVIII/R26.8.md,"Anomalies de la démarche et de la motilité, autres et non précisées",true,false,true,true,true,0,codable,OWL_ANS,emissible,1742
R27.0,XVIII,XVIII/R27.0.md,"Ataxie, sans précision",false,false,true,false,true,0,codable,OWL_ANS,emissible,851
R27.8,XVIII,XVIII/R27.8.md,"Troubles de la coordination, autres et non précisés",false,false,true,false,true,0,codable,OWL_ANS,emissible,1059
R29.0,XVIII,XVIII/R29.0.md,Tétanie,true,false,true,false,true,0,codable,OWL_ANS,emissible,1127
R29.1,XVIII,XVIII/R29.1.md,Méningisme,false,false,true,false,true,0,codable,OWL_ANS,emissible,722
R29.2,XVIII,XVIII/R29.2.md,Réflexes anormaux,false,false,true,false,true,0,codable,OWL_ANS,emissible,1019
R29.3,XVIII,XVIII/R29.3.md,Posture anormale,false,false,true,false,true,0,codable,OWL_ANS,emissible,776
R29.4,XVIII,XVIII/R29.4.md,Hanche « à ressort »,false,false,true,false,true,0,codable,OWL_ANS,emissible,805
R29.6,XVIII,XVIII/R29.6.md,"Chutes à répétition, non classées ailleurs",true,false,true,true,true,0,codable,OWL_ANS,emissible,2422
R29.8,XVIII,XVIII/R29.8.md,"Symptômes et signes relatifs aux systèmes nerveux et ostéomusculaire, autres et non précisés",false,false,true,false,true,0,codable,OWL_ANS,emissible,1263
R30.0,XVIII,XVIII/R30.0.md,Dysurie,true,false,true,false,true,0,codable,OWL_ANS,emissible,841
R30.1,XVIII,XVIII/R30.1.md,Ténesme vésical,false,false,true,false,false,0,codable,OWL_ANS,emissible,712
R30.9,XVIII,XVIII/R30.9.md,"Miction douloureuse, sans précision",false,false,true,false,true,0,codable,OWL_ANS,emissible,827
R31,XVIII,XVIII/R31.md,"Hématurie, sans précision",false,false,true,false,true,0,codable,OWL_ANS,emissible,1077
R32,XVIII,XVIII/R32.md,"Incontinence urinaire, sans précision",true,false,true,false,true,0,codable,OWL_ANS,emissible,1194
R33,XVIII,XVIII/R33.md,Rétention d'urine,false,false,true,false,true,0,codable,OWL_ANS,emissible,986
R34,XVIII,XVIII/R34.md,Anurie et oligurie,false,false,true,false,true,0,codable,OWL_ANS,emissible,1066
R35,XVIII,XVIII/R35.md,Polyurie,true,false,true,false,true,0,codable,OWL_ANS,emissible,1023
R36,XVIII,XVIII/R36.md,Écoulement urétral,true,false,true,false,true,0,codable,OWL_ANS,emissible,764
R39.0,XVIII,XVIII/R39.0.md,Extravasation d'urine,false,false,true,false,true,0,codable,OWL_ANS,emissible,761
R39.1,XVIII,XVIII/R39.1.md,Autres troubles de la miction,true,false,true,false,true,0,codable,OWL_ANS,emissible,1010
R39.2,XVIII,XVIII/R39.2.md,Urémie extrarénale,true,false,true,true,true,0,codable,OWL_ANS,emissible,1490
R39.8,XVIII,XVIII/R39.8.md,"Symptômes et signes relatifs à l'appareil urinaire, autres et non précisés",false,false,true,false,true,0,codable,OWL_ANS,emissible,1075
R40.0,XVIII,XVIII/R40.0.md,Somnolence,true,false,true,true,true,0,codable,OWL_ANS,emissible,2032
R40.10,XVIII,XVIII/R40.10.md,État paucirelationnel,true,false,true,true,false,0,codable,OWL_ANS,emissible,2093
R40.18,XVIII,XVIII/R40.18.md,"Stupeur, autre et sans précision",true,false,true,true,true,0,codable,OWL_ANS,emissible,2135
R40.20,XVIII,XVIII/R40.20.md,État végétatif chronique,false,false,true,true,false,0,codable,OWL_ANS,emissible,1891
R40.28,XVIII,XVIII/R40.28.md,"Coma, autre et sans précision",true,false,true,true,true,0,codable,OWL_ANS,emissible,2031
R41.0,XVIII,XVIII/R41.0.md,"Désorientation, sans précision",true,false,true,false,true,0,codable,OWL_ANS,emissible,1418
R41.1,XVIII,XVIII/R41.1.md,Amnésie antérograde,false,false,true,false,true,0,codable,OWL_ANS,emissible,961
R41.2,XVIII,XVIII/R41.2.md,Amnésie rétrograde,false,false,true,false,true,0,codable,OWL_ANS,emissible,959
R41.3,XVIII,XVIII/R41.3.md,Autres formes d'amnésie,true,false,true,false,true,0,codable,OWL_ANS,emissible,1481
R41.8,XVIII,XVIII/R41.8.md,"Symptômes et signes relatifs aux fonctions cognitives et à la conscience, autres et non précisés",false,false,true,false,true,0,codable,OWL_ANS,emissible,1538
R42,XVIII,XVIII/R42.md,Étourdissements et éblouissements,true,false,true,false,true,0,codable,OWL_ANS,emissible,1117
R43.0,XVIII,XVIII/R43.0.md,Anosmie,false,false,true,false,true,0,codable,OWL_ANS,emissible,823
R43.1,XVIII,XVIII/R43.1.md,Parosmie,false,false,true,false,true,0,codable,OWL_ANS,emissible,825
R43.2,XVIII,XVIII/R43.2.md,Paragueusie,false,false,true,false,true,0,codable,OWL_ANS,emissible,844
R43.8,XVIII,XVIII/R43.8.md,"Troubles de l'odorat et du gout, autres et non précisés",true,false,true,false,true,0,codable,OWL_ANS,emissible,1106
R44.0,XVIII,XVIII/R44.0.md,Hallucinations auditives,false,false,true,false,true,0,codable,OWL_ANS,emissible,993
R44.1,XVIII,XVIII/R44.1.md,Hallucinations visuelles,false,false,true,false,true,0,codable,OWL_ANS,emissible,1091
R44.2,XVIII,XVIII/R44.2.md,Autres hallucinations,false,false,true,false,true,0,codable,OWL_ANS,emissible,1005
R44.3,XVIII,XVIII/R44.3.md,"Hallucinations, sans précision",false,false,true,false,true,0,codable,OWL_ANS,emissible,1144
R44.8,XVIII,XVIII/R44.8.md,"Symptômes et signes relatifs aux sensations et aux perceptions générales, autres et non précisés",false,false,true,false,true,0,codable,OWL_ANS,emissible,1473
R45.0,XVIII,XVIII/R45.0.md,Nervosité,true,false,true,false,true,0,codable,OWL_ANS,emissible,980
R45.1,XVIII,XVIII/R45.1.md,Agitation,false,false,true,false,true,0,codable,OWL_ANS,emissible,1055
R45.2,XVIII,XVIII/R45.2.md,Tristesse,true,false,true,false,true,0,codable,OWL_ANS,emissible,921
R45.3,XVIII,XVIII/R45.3.md,Découragement et apathie,false,false,true,false,true,0,codable,OWL_ANS,emissible,1105
R45.4,XVIII,XVIII/R45.4.md,Irritabilité et colère,false,false,true,false,true,0,codable,OWL_ANS,emissible,871
R45.5,XVIII,XVIII/R45.5.md,Hostilité,false,false,true,false,true,0,codable,OWL_ANS,emissible,850
R45.6,XVIII,XVIII/R45.6.md,Violence physique,false,false,true,false,true,0,codable,OWL_ANS,emissible,864
R45.7,XVIII,XVIII/R45.7.md,"État de choc émotionnel et tension, sans précision",false,false,true,false,true,0,codable,OWL_ANS,emissible,928
R45.8,XVIII,XVIII/R45.8.md,Autres symptômes et signes relatifs à l'humeur,true,false,true,false,true,0,codable,OWL_ANS,emissible,1554
R46.0,XVIII,XVIII/R46.0.md,Hygiène personnelle très défectueuse,false,false,true,false,true,0,codable,OWL_ANS,emissible,1113
R46.1,XVIII,XVIII/R46.1.md,Apparence personnelle bizarre,false,false,true,false,true,0,codable,OWL_ANS,emissible,898
R46.2,XVIII,XVIII/R46.2.md,Comportement étrange et inexplicable,false,false,true,false,true,0,codable,OWL_ANS,emissible,916
R46.3,XVIII,XVIII/R46.3.md,Suractivité,false,false,true,false,true,0,codable,OWL_ANS,emissible,926
R46.4,XVIII,XVIII/R46.4.md,Lenteur et manque de réactivité,false,false,true,false,true,0,codable,OWL_ANS,emissible,1022
R46.5,XVIII,XVIII/R46.5.md,Caractère soupçonneux et évasif,false,false,true,false,true,0,codable,OWL_ANS,emissible,880
R46.6,XVIII,XVIII/R46.6.md,Inquiétude et préoccupation exagérées pour les événements sources de tension,false,false,true,false,false,0,codable,OWL_ANS,emissible,842
R46.7,XVIII,XVIII/R46.7.md,Prolixité et détails masquant les raisons de la consultation et gênant le contact,false,false,true,false,true,0,codable,OWL_ANS,emissible,899
R46.8,XVIII,XVIII/R46.8.md,Autres symptômes et signes relatifs à l'apparence et au comportement,true,false,true,false,true,0,codable,OWL_ANS,emissible,1622
R47.00,XVIII,XVIII/R47.00.md,"Aphasie récente, persistant au-delà de 24 heures",false,false,true,true,false,0,codable,OWL_ANS,emissible,1525
R47.01,XVIII,XVIII/R47.01.md,"Aphasie récente, régressive dans les 24 heures",false,false,true,true,false,0,codable,OWL_ANS,emissible,1523
R47.02,XVIII,XVIII/R47.02.md,"Aphasie, autre et sans précision",true,false,true,true,false,0,codable,OWL_ANS,emissible,1627
R47.03,XVIII,XVIII/R47.03.md,Dysphasie,false,false,true,true,false,0,codable,OWL_ANS,emissible,1486
R47.1,XVIII,XVIII/R47.1.md,Dysarthrie et anarthrie,false,false,true,true,true,0,codable,OWL_ANS,emissible,1304
R47.8,XVIII,XVIII/R47.8.md,"Troubles du langage, autres et non précisés",false,false,true,true,true,0,codable,OWL_ANS,emissible,1567
R48.0,XVIII,XVIII/R48.0.md,Dyslexie et alexie,false,false,true,false,true,0,codable,OWL_ANS,emissible,832
R48.10,XVIII,XVIII/R48.10.md,Hémiasomatognosie,true,false,true,false,false,0,codable,OWL_ANS,emissible,842
R48.18,XVIII,XVIII/R48.18.md,"Agnosie, autre et sans précision",false,false,true,false,false,0,codable,OWL_ANS,emissible,788
R48.2,XVIII,XVIII/R48.2.md,Apraxie,false,false,true,false,true,0,codable,OWL_ANS,emissible,1040
R48.8,XVIII,XVIII/R48.8.md,"Troubles de la fonction symbolique, autres et non précisés",true,false,true,false,true,0,codable,OWL_ANS,emissible,1203
R49.0,XVIII,XVIII/R49.0.md,Dysphonie,true,false,true,false,true,0,codable,OWL_ANS,emissible,859
R49.1,XVIII,XVIII/R49.1.md,Aphonie,true,false,true,false,true,0,codable,OWL_ANS,emissible,840
R49.2,XVIII,XVIII/R49.2.md,Hypernasalité et hyponasalité,false,false,true,false,true,0,codable,OWL_ANS,emissible,839
R49.8,XVIII,XVIII/R49.8.md,"Troubles de la voix, autres et non précisés",true,false,true,false,true,0,codable,OWL_ANS,emissible,1077
R50.2,XVIII,XVIII/R50.2.md,Fièvre due à des médicaments,false,false,true,false,true,0,codable,OWL_ANS,emissible,896
R50.8,XVIII,XVIII/R50.8.md,Autres fièvres précisées,true,false,true,false,true,0,codable,OWL_ANS,emissible,1277
R50.9,XVIII,XVIII/R50.9.md,"Fièvre, sans précision",true,false,true,false,true,0,codable,OWL_ANS,emissible,1228
R51,XVIII,XVIII/R51.md,Céphalée,true,false,true,false,true,0,codable,OWL_ANS,emissible,1081
R52.0,XVIII,XVIII/R52.0.md,Douleur aigüe,true,false,true,false,true,0,codable,OWL_ANS,emissible,1377
R52.10,XVIII,XVIII/R52.10.md,Douleur neuropathique,true,false,true,false,false,0,codable,OWL_ANS,emissible,1302
R52.18,XVIII,XVIII/R52.18.md,"Douleurs chroniques irréductibles, autres et non précisées",true,false,true,false,false,0,codable,OWL_ANS,emissible,1339
R52.2,XVIII,XVIII/R52.2.md,Autres douleurs chroniques,true,false,true,true,true,0,codable,OWL_ANS,emissible,2278
R52.9,XVIII,XVIII/R52.9.md,"Douleur, sans précision",true,false,true,false,true,0,codable,OWL_ANS,emissible,1591
R53.+0,XVIII,XVIII/R53.+0.md,Altération [Baisse] de l’état général,false,false,true,false,false,0,codable,OWL_ANS,emissible,709
R53.+1,XVIII,XVIII/R53.+1.md,Malaise,false,false,true,false,false,0,codable,OWL_ANS,emissible,661
R53.+2,XVIII,XVIII/R53.+2.md,Fatigue,true,false,true,false,false,0,codable,OWL_ANS,emissible,1028
R54.+0,XVIII,XVIII/R54.+0.md,Syndrome de glissement (sénile),false,false,true,false,false,0,codable,OWL_ANS,emissible,703
R54.+8,XVIII,XVIII/R54.+8.md,Autres états de sénilité,true,false,true,false,false,0,codable,OWL_ANS,emissible,860
R55,XVIII,XVIII/R55.md,Syncope et collapsus,true,false,true,false,true,0,codable,OWL_ANS,emissible,1635
R56.0,XVIII,XVIII/R56.0.md,Convulsions fébriles,false,false,true,false,true,0,codable,OWL_ANS,emissible,919
R56.8,XVIII,XVIII/R56.8.md,"Convulsions, autres et non précisées",true,false,true,false,true,0,codable,OWL_ANS,emissible,1367
R57.0,XVIII,XVIII/R57.0.md,Choc cardiogénique,false,false,true,false,true,0,codable,OWL_ANS,emissible,1467
R57.1,XVIII,XVIII/R57.1.md,Choc hypovolémique,false,false,true,false,true,0,codable,OWL_ANS,emissible,1411
R57.2,XVIII,XVIII/R57.2.md,Choc septique,false,false,true,true,true,0,codable,OWL_ANS,emissible,2108
R57.8,XVIII,XVIII/R57.8.md,Autres chocs,true,false,true,false,true,0,codable,OWL_ANS,emissible,1641
R57.9,XVIII,XVIII/R57.9.md,"Choc, sans précision",true,false,true,false,true,0,codable,OWL_ANS,emissible,1615
R58,XVIII,XVIII/R58.md,"Hémorragie, non classée ailleurs",true,false,true,false,true,0,codable,OWL_ANS,emissible,901
R59.0,XVIII,XVIII/R59.0.md,Adénopathies localisées,true,false,true,false,true,0,codable,OWL_ANS,emissible,1507
R59.1,XVIII,XVIII/R59.1.md,Adénopathies généralisées,true,false,true,false,true,0,codable,OWL_ANS,emissible,1302
R59.9,XVIII,XVIII/R59.9.md,"Adénopathie, sans précision",true,false,true,false,true,0,codable,OWL_ANS,emissible,1061
R60.0,XVIII,XVIII/R60.0.md,Œdème localisé,false,false,true,false,true,0,codable,OWL_ANS,emissible,1342
R60.1,XVIII,XVIII/R60.1.md,Œdème généralisé,false,false,true,false,true,0,codable,OWL_ANS,emissible,1349
R60.9,XVIII,XVIII/R60.9.md,"Œdème, sans précision",true,false,true,false,true,0,codable,OWL_ANS,emissible,1400
R61.0,XVIII,XVIII/R61.0.md,Hyperhidrose localisée,false,false,true,false,true,0,codable,OWL_ANS,emissible,667
R61.1,XVIII,XVIII/R61.1.md,Hyperhidrose généralisée,false,false,true,false,true,0,codable,OWL_ANS,emissible,671
R61.9,XVIII,XVIII/R61.9.md,"Hyperhidrose, sans précision",true,false,true,false,true,0,codable,OWL_ANS,emissible,815
R62.0,XVIII,XVIII/R62.0.md,Maturation retardée,true,false,true,false,true,0,codable,OWL_ANS,emissible,900
R62.8,XVIII,XVIII/R62.8.md,Autres retards du développement physiologique,true,false,true,false,true,0,codable,OWL_ANS,emissible,1484
R62.9,XVIII,XVIII/R62.9.md,"Retard du développement physiologique, sans précision",false,false,true,false,true,0,codable,OWL_ANS,emissible,808
R63.0,XVIII,XVIII/R63.0.md,Anorexie,true,false,true,false,true,0,codable,OWL_ANS,emissible,1215
R63.1,XVIII,XVIII/R63.1.md,Polydipsie,true,false,true,false,true,0,codable,OWL_ANS,emissible,907
R63.2,XVIII,XVIII/R63.2.md,Polyphagie,true,false,true,false,true,0,codable,OWL_ANS,emissible,1005
R63.3,XVIII,XVIII/R63.3.md,Difficultés nutritionnelles et nutrition inadaptée,true,false,true,false,true,0,codable,OWL_ANS,emissible,1521
R63.4,XVIII,XVIII/R63.4.md,Perte de poids anormale,false,false,true,false,true,0,codable,OWL_ANS,emissible,1048
R63.5,XVIII,XVIII/R63.5.md,Prise de poids anormale,false,false,true,false,true,0,codable,OWL_ANS,emissible,965
R63.6,XVIII,XVIII/R63.6.md,Ingestion insuffisante d'aliments et de liquides,true,false,true,false,false,0,codable,OWL_ANS,emissible,1125
R63.8,XVIII,XVIII/R63.8.md,Autres symptômes et signes relatifs à l'absorption d'aliments et de liquides,false,false,true,false,true,0,codable,OWL_ANS,emissible,1407
R64,XVIII,XVIII/R64.md,Cachexie,false,false,true,false,true,0,codable,OWL_ANS,emissible,993
R65.0,XVIII,XVIII/R65.0.md,Syndrome de réponse inflammatoire systémique d'origine infectieuse sans défaillance d'organe,false,false,true,true,false,0,codable,OWL_ANS,emissible,991
R65.1,XVIII,XVIII/R65.1.md,Syndrome de réponse inflammatoire systémique d'origine infectieuse avec défaillance d'organe,true,false,true,true,true,3,supprime,OWL_ANS,emissible,1479
R65.2,XVIII,XVIII/R65.2.md,Syndrome de réponse inflammatoire systémique d'origine non infectieuse sans défaillance d'organe,false,false,true,false,false,0,codable,OWL_ANS,emissible,676
R65.3,XVIII,XVIII/R65.3.md,Syndrome de réponse inflammatoire systémique d'origine non infectieuse avec défaillance d'organe,false,false,true,false,false,0,codable,OWL_ANS,emissible,676
R65.9,XVIII,XVIII/R65.9.md,"Syndrome de réponse inflammatoire systémique, non précisé",false,false,true,false,true,0,codable,OWL_ANS,emissible,744
R68.0,XVIII,XVIII/R68.0.md,"Hypothermie, non associée à une baisse de la température ambiante",false,false,true,false,true,0,codable,OWL_ANS,emissible,1153
R68.1,XVIII,XVIII/R68.1.md,Symptômes non spécifiques propres au nourrisson,true,false,true,false,true,0,codable,OWL_ANS,emissible,922
R68.2,XVIII,XVIII/R68.2.md,"Sécheresse de la bouche, sans précision",false,false,true,false,true,0,codable,OWL_ANS,emissible,906
R68.3,XVIII,XVIII/R68.3.md,Hippocratisme digital,true,false,true,false,true,0,codable,OWL_ANS,emissible,909
R68.8,XVIII,XVIII/R68.8.md,Autres symptômes et signes généraux précisés,false,false,true,false,true,0,codable,OWL_ANS,emissible,1349
R69,XVIII,XVIII/R69.md,Causes inconnues et non précisées de morbidité,true,false,true,false,true,1,interdit_dp_dr,OWL_ANS,emissible,832
R70.0,XVIII,XVIII/R70.0.md,Accélération de la vitesse de sédimentation,false,false,true,false,true,0,codable,OWL_ANS,emissible,1541
R70.1,XVIII,XVIII/R70.1.md,Viscosité plasmatique anormale,false,false,true,false,true,0,codable,OWL_ANS,emissible,1212
R71,XVIII,XVIII/R71.md,Anomalies des globules rouges,true,false,true,false,true,0,codable,OWL_ANS,emissible,1556
R72,XVIII,XVIII/R72.md,"Anomalies des globules blancs, non classées ailleurs",true,false,true,false,true,0,codable,OWL_ANS,emissible,1347
R73.0,XVIII,XVIII/R73.0.md,Anomalie de l'épreuve de tolérance au glucose,true,false,true,false,true,0,codable,OWL_ANS,emissible,1684
R73.9,XVIII,XVIII/R73.9.md,"Hyperglycémie, sans précision",false,false,true,false,true,0,codable,OWL_ANS,emissible,1579
R74.0,XVIII,XVIII/R74.0.md,Augmentation des taux de transaminase et de la lacticodéshydrogénase [LDH],false,false,true,false,true,0,codable,OWL_ANS,emissible,1241
R74.8,XVIII,XVIII/R74.8.md,Anomalies d'autres taux d'enzymes sériques,true,false,true,false,true,0,codable,OWL_ANS,emissible,1927
R74.9,XVIII,XVIII/R74.9.md,"Anomalie du taux d'une enzyme sérique, sans précision",false,false,true,false,true,0,codable,OWL_ANS,emissible,1195
R75,XVIII,XVIII/R75.md,Mise en évidence par des examens de laboratoire du virus de l'immunodéficience humaine [VIH],true,false,true,false,false,0,codable,OWL_ANS,emissible,1502
R76.0,XVIII,XVIII/R76.0.md,Augmentation du taux d'anticorps,false,false,true,false,true,0,codable,OWL_ANS,emissible,1698
R76.1,XVIII,XVIII/R76.1.md,Réaction anormale au test à la tuberculine,true,false,true,false,true,0,codable,OWL_ANS,emissible,1348
R76.2,XVIII,XVIII/R76.2.md,Résultats faussement positifs au test sérologique de la syphilis,true,false,true,false,true,0,codable,OWL_ANS,emissible,1328
R76.8,XVIII,XVIII/R76.8.md,Autres anomalies précisées de résultats immunologiques sériques,true,false,true,false,true,0,codable,OWL_ANS,emissible,1594
R76.9,XVIII,XVIII/R76.9.md,"Anomalie de résultats immunologiques sériques, sans précision",false,false,true,false,true,0,codable,OWL_ANS,emissible,1197
R77.0,XVIII,XVIII/R77.0.md,Anomalie de l'albumine,false,false,true,false,true,0,codable,OWL_ANS,emissible,1246
R77.1,XVIII,XVIII/R77.1.md,Anomalie de la globuline,true,false,true,false,true,0,codable,OWL_ANS,emissible,1346
R77.2,XVIII,XVIII/R77.2.md,Anomalie de l'alphafœtoprotéine,false,false,true,false,true,0,codable,OWL_ANS,emissible,1301
R77.8,XVIII,XVIII/R77.8.md,Autres anomalies précisées des protéines plasmatiques,false,false,true,false,true,0,codable,OWL_ANS,emissible,1609
R77.9,XVIII,XVIII/R77.9.md,"Anomalie des protéines plasmatiques, sans précision",false,false,true,false,true,0,codable,OWL_ANS,emissible,1289
R78.0,XVIII,XVIII/R78.0.md,Présence d'alcool dans le sang,false,false,true,true,true,0,codable,OWL_ANS,emissible,2027
R78.1,XVIII,XVIII/R78.1.md,Présence d'opiacé dans le sang,false,false,true,true,false,0,codable,OWL_ANS,emissible,1928
R78.2,XVIII,XVIII/R78.2.md,Présence de cocaïne dans le sang,false,false,true,true,false,0,codable,OWL_ANS,emissible,1930
R78.3,XVIII,XVIII/R78.3.md,Présence d'hallucinogène dans le sang,false,false,true,true,false,0,codable,OWL_ANS,emissible,1935
R78.4,XVIII,XVIII/R78.4.md,Présence dans le sang d'autres substances susceptibles d'entrainer une dépendance,false,false,true,true,false,0,codable,OWL_ANS,emissible,1979
R78.5,XVIII,XVIII/R78.5.md,Présence d'une substance psychotrope dans le sang,false,false,true,true,false,0,codable,OWL_ANS,emissible,1947
R78.6,XVIII,XVIII/R78.6.md,Présence d'un produit stéroïdien dans le sang,false,false,true,true,false,0,codable,OWL_ANS,emissible,1943
R78.7,XVIII,XVIII/R78.7.md,Présence d'un taux anormalement élevé de métaux lourds dans le sang,false,false,true,true,false,0,codable,OWL_ANS,emissible,1965
R78.8,XVIII,XVIII/R78.8.md,Présence d'autres substances précisées non trouvées normalement dans le sang,true,false,true,true,true,0,codable,OWL_ANS,emissible,2724
R78.9,XVIII,XVIII/R78.9.md,"Présence d'une substance non trouvée normalement dans le sang, sans précision",false,false,true,true,false,0,codable,OWL_ANS,emissible,1946
R79.0,XVIII,XVIII/R79.0.md,Taux anormal de minéraux dans le sang,true,false,true,false,true,0,codable,OWL_ANS,emissible,2170
R79.8,XVIII,XVIII/R79.8.md,Autres résultats anormaux précisés des examens chimiques du sang,true,false,true,false,true,0,codable,OWL_ANS,emissible,1863
R79.9,XVIII,XVIII/R79.9.md,"Résultat anormal des examens chimiques du sang, sans précision",false,false,true,false,true,0,codable,OWL_ANS,emissible,1716
R80,XVIII,XVIII/R80.md,Protéinurie isolée,true,false,true,false,true,0,codable,OWL_ANS,emissible,1509
R81,XVIII,XVIII/R81.md,Glycosurie,false,false,true,false,true,0,codable,OWL_ANS,emissible,1067
R82.0,XVIII,XVIII/R82.0.md,Chylurie,false,false,true,false,true,0,codable,OWL_ANS,emissible,1185
R82.1,XVIII,XVIII/R82.1.md,Myoglobinurie,false,false,true,false,true,0,codable,OWL_ANS,emissible,1096
R82.2,XVIII,XVIII/R82.2.md,Biliurie,false,false,true,false,true,0,codable,OWL_ANS,emissible,1147
R82.3,XVIII,XVIII/R82.3.md,Hémoglobinurie,false,false,true,false,true,0,codable,OWL_ANS,emissible,1291
R82.4,XVIII,XVIII/R82.4.md,Acétonurie,true,false,true,false,true,0,codable,OWL_ANS,emissible,1164
R82.5,XVIII,XVIII/R82.5.md,Augmentation dans les urines du taux de médicaments et de substances biologiques,true,false,true,false,false,0,codable,OWL_ANS,emissible,1330
R82.6,XVIII,XVIII/R82.6.md,Taux anormal dans les urines de substances d'origine principalement non médicinale,true,false,true,false,true,0,codable,OWL_ANS,emissible,1271
R82.7,XVIII,XVIII/R82.7.md,Résultats anormaux de l'examen microbiologique des urines,true,false,true,false,true,0,codable,OWL_ANS,emissible,1227
R82.8,XVIII,XVIII/R82.8.md,Résultats anormaux de l'examen cytologique et histologique des urines,false,false,true,false,true,0,codable,OWL_ANS,emissible,1578
R82.9,XVIII,XVIII/R82.9.md,"Résultats anormaux de l'examen des urines, autres et non précisés",true,false,true,false,true,0,codable,OWL_ANS,emissible,1349
R83.0,XVIII,XVIII/R83.0.md,"Résultats anormaux de l'examen du liquide céphalorachidien - "" Taux anormal d'enzymes """,false,false,true,false,false,0,codable,OWL_ANS,emissible,1178
R83.1,XVIII,XVIII/R83.1.md,"Résultats anormaux de l'examen du liquide céphalorachidien - "" Taux anormal d'hormones """,false,false,true,false,false,0,codable,OWL_ANS,emissible,1179
R83.2,XVIII,XVIII/R83.2.md,"Résultats anormaux de l'examen du liquide céphalorachidien - "" Taux anormal d'autres substances médicamenteuses et biologiques """,false,false,true,false,false,0,codable,OWL_ANS,emissible,1219
R83.3,XVIII,XVIII/R83.3.md,"Résultats anormaux de l'examen du liquide céphalorachidien - "" Taux anormal de substances d'origine principalement non médicinale """,false,false,true,false,false,0,codable,OWL_ANS,emissible,1222
R83.4,XVIII,XVIII/R83.4.md,"Résultats anormaux de l'examen du liquide céphalorachidien - "" Résultats immunologiques anormaux """,false,false,true,false,false,0,codable,OWL_ANS,emissible,1189
R83.5,XVIII,XVIII/R83.5.md,"Résultats anormaux de l'examen du liquide céphalorachidien - "" Résultats microbiologiques anormaux """,true,false,true,false,false,0,codable,OWL_ANS,emissible,1264
R83.6,XVIII,XVIII/R83.6.md,"Résultats anormaux de l'examen du liquide céphalorachidien - "" Résultats cytologiques anormaux """,true,false,true,false,false,0,codable,OWL_ANS,emissible,1273
R83.7,XVIII,XVIII/R83.7.md,"Résultats anormaux de l'examen du liquide céphalorachidien - "" Résultats histologiques anormaux """,false,false,true,false,false,0,codable,OWL_ANS,emissible,1188
R83.8,XVIII,XVIII/R83.8.md,"Résultats anormaux de l'examen du liquide céphalorachidien - "" Autres résultats anormaux """,true,false,true,false,true,0,codable,OWL_ANS,emissible,2312
R83.9,XVIII,XVIII/R83.9.md,"Résultats anormaux de l'examen du liquide céphalorachidien - "" Résultat anormal, sans précision """,false,false,true,false,false,0,codable,OWL_ANS,emissible,1188
R84.0,XVIII,XVIII/R84.0.md,"Résultats anormaux de prélèvements effectués sur l'appareil respiratoire et le thorax - "" Taux anormal d'enzymes """,false,false,true,false,false,0,codable,OWL_ANS,emissible,1307
R84.1,XVIII,XVIII/R84.1.md,"Résultats anormaux de prélèvements effectués sur l'appareil respiratoire et le thorax - "" Taux anormal d'hormones """,false,false,true,false,false,0,codable,OWL_ANS,emissible,1308
R84.2,XVIII,XVIII/R84.2.md,"Résultats anormaux de prélèvements effectués sur l'appareil respiratoire et le thorax - "" Taux anormal d'autres substances médicamenteuses et biologiques """,false,false,true,false,false,0,codable,OWL_ANS,emissible,1348
R84.3,XVIII,XVIII/R84.3.md,"Résultats anormaux de prélèvements effectués sur l'appareil respiratoire et le thorax - "" Taux anormal de substances d'origine principalement non médicinale """,false,false,true,false,false,0,codable,OWL_ANS,emissible,1351
R84.4,XVIII,XVIII/R84.4.md,"Résultats anormaux de prélèvements effectués sur l'appareil respiratoire et le thorax - "" Résultats immunologiques anormaux """,false,false,true,false,false,0,codable,OWL_ANS,emissible,1318
R84.5,XVIII,XVIII/R84.5.md,"Résultats anormaux de prélèvements effectués sur l'appareil respiratoire et le thorax - "" Résultats microbiologiques anormaux """,true,false,true,false,true,0,codable,OWL_ANS,emissible,1528
R84.6,XVIII,XVIII/R84.6.md,"Résultats anormaux de prélèvements effectués sur l'appareil respiratoire et le thorax - "" Résultats cytologiques anormaux """,true,false,true,false,false,0,codable,OWL_ANS,emissible,1402
R84.7,XVIII,XVIII/R84.7.md,"Résultats anormaux de prélèvements effectués sur l'appareil respiratoire et le thorax - "" Résultats histologiques anormaux """,false,false,true,false,false,0,codable,OWL_ANS,emissible,1317
R84.8,XVIII,XVIII/R84.8.md,"Résultats anormaux de prélèvements effectués sur l'appareil respiratoire et le thorax - "" Autres résultats anormaux """,true,false,true,false,false,0,codable,OWL_ANS,emissible,2584
R84.9,XVIII,XVIII/R84.9.md,"Résultats anormaux de prélèvements effectués sur l'appareil respiratoire et le thorax - "" Résultat anormal, sans précision """,false,false,true,false,false,0,codable,OWL_ANS,emissible,1317
R85.0,XVIII,XVIII/R85.0.md,"Résultats anormaux de prélèvements effectués sur l'appareil digestif et la cavité abdominale - "" Taux anormal d'enzymes """,false,false,true,false,false,0,codable,OWL_ANS,emissible,1319
R85.1,XVIII,XVIII/R85.1.md,"Résultats anormaux de prélèvements effectués sur l'appareil digestif et la cavité abdominale - "" Taux anormal d'hormones """,false,false,true,false,false,0,codable,OWL_ANS,emissible,1320
R85.2,XVIII,XVIII/R85.2.md,"Résultats anormaux de prélèvements effectués sur l'appareil digestif et la cavité abdominale - "" Taux anormal d'autres substances médicamenteuses et biologiques """,false,false,true,false,true,0,codable,OWL_ANS,emissible,1602
R85.3,XVIII,XVIII/R85.3.md,"Résultats anormaux de prélèvements effectués sur l'appareil digestif et la cavité abdominale - "" Taux anormal de substances d'origine principalement non médicinale """,false,false,true,false,false,0,codable,OWL_ANS,emissible,1363
R85.4,XVIII,XVIII/R85.4.md,"Résultats anormaux de prélèvements effectués sur l'appareil digestif et la cavité abdominale - "" Résultats immunologiques anormaux """,false,false,true,false,false,0,codable,OWL_ANS,emissible,1330
R85.5,XVIII,XVIII/R85.5.md,"Résultats anormaux de prélèvements effectués sur l'appareil digestif et la cavité abdominale - "" Résultats microbiologiques anormaux """,true,false,true,false,false,0,codable,OWL_ANS,emissible,1405
R85.6,XVIII,XVIII/R85.6.md,"Résultats anormaux de prélèvements effectués sur l'appareil digestif et la cavité abdominale - "" Résultats cytologiques anormaux """,true,false,true,false,false,0,codable,OWL_ANS,emissible,1414
R85.7,XVIII,XVIII/R85.7.md,"Résultats anormaux de prélèvements effectués sur l'appareil digestif et la cavité abdominale - "" Résultats histologiques anormaux """,false,false,true,false,false,0,codable,OWL_ANS,emissible,1329
R85.8,XVIII,XVIII/R85.8.md,"Résultats anormaux de prélèvements effectués sur l'appareil digestif et la cavité abdominale - "" Autres résultats anormaux """,true,false,true,false,false,0,codable,OWL_ANS,emissible,2652
R85.9,XVIII,XVIII/R85.9.md,"Résultats anormaux de prélèvements effectués sur l'appareil digestif et la cavité abdominale - "" Résultat anormal, sans précision """,false,false,true,false,true,0,codable,OWL_ANS,emissible,1400
R86.0,XVIII,XVIII/R86.0.md,"Résultats anormaux de prélèvements effectués sur les organes génitaux de l'homme - "" Taux anormal d'enzymes """,false,false,true,false,false,0,codable,OWL_ANS,emissible,1305
R86.1,XVIII,XVIII/R86.1.md,"Résultats anormaux de prélèvements effectués sur les organes génitaux de l'homme - "" Taux anormal d'hormones """,false,false,true,false,false,0,codable,OWL_ANS,emissible,1306
R86.2,XVIII,XVIII/R86.2.md,"Résultats anormaux de prélèvements effectués sur les organes génitaux de l'homme - "" Taux anormal d'autres substances médicamenteuses et biologiques """,false,false,true,false,false,0,codable,OWL_ANS,emissible,1346
R86.3,XVIII,XVIII/R86.3.md,"Résultats anormaux de prélèvements effectués sur les organes génitaux de l'homme - "" Taux anormal de substances d'origine principalement non médicinale """,false,false,true,false,false,0,codable,OWL_ANS,emissible,1349
R86.4,XVIII,XVIII/R86.4.md,"Résultats anormaux de prélèvements effectués sur les organes génitaux de l'homme - "" Résultats immunologiques anormaux """,false,false,true,false,false,0,codable,OWL_ANS,emissible,1316
R86.5,XVIII,XVIII/R86.5.md,"Résultats anormaux de prélèvements effectués sur les organes génitaux de l'homme - "" Résultats microbiologiques anormaux """,true,false,true,false,false,0,codable,OWL_ANS,emissible,1391
R86.6,XVIII,XVIII/R86.6.md,"Résultats anormaux de prélèvements effectués sur les organes génitaux de l'homme - "" Résultats cytologiques anormaux """,true,false,true,false,false,0,codable,OWL_ANS,emissible,1400
R86.7,XVIII,XVIII/R86.7.md,"Résultats anormaux de prélèvements effectués sur les organes génitaux de l'homme - "" Résultats histologiques anormaux """,false,false,true,false,false,0,codable,OWL_ANS,emissible,1315
R86.8,XVIII,XVIII/R86.8.md,"Résultats anormaux de prélèvements effectués sur les organes génitaux de l'homme - "" Autres résultats anormaux """,true,false,true,false,false,0,codable,OWL_ANS,emissible,2542
R86.9,XVIII,XVIII/R86.9.md,"Résultats anormaux de prélèvements effectués sur les organes génitaux de l'homme - "" Résultat anormal, sans précision """,false,false,true,false,false,0,codable,OWL_ANS,emissible,1315
R87.0,XVIII,XVIII/R87.0.md,"Résultats anormaux de prélèvements effectués sur les organes génitaux de la femme - "" Taux anormal d'enzymes """,false,false,true,false,false,0,codable,OWL_ANS,emissible,1389
R87.1,XVIII,XVIII/R87.1.md,"Résultats anormaux de prélèvements effectués sur les organes génitaux de la femme - "" Taux anormal d'hormones """,false,false,true,false,false,0,codable,OWL_ANS,emissible,1390
R87.2,XVIII,XVIII/R87.2.md,"Résultats anormaux de prélèvements effectués sur les organes génitaux de la femme - "" Taux anormal d'autres substances médicamenteuses et biologiques """,false,false,true,false,false,0,codable,OWL_ANS,emissible,1430
R87.3,XVIII,XVIII/R87.3.md,"Résultats anormaux de prélèvements effectués sur les organes génitaux de la femme - "" Taux anormal de substances d'origine principalement non médicinale """,false,false,true,false,false,0,codable,OWL_ANS,emissible,1433
R87.4,XVIII,XVIII/R87.4.md,"Résultats anormaux de prélèvements effectués sur les organes génitaux de la femme - "" Résultats immunologiques anormaux """,false,false,true,false,false,0,codable,OWL_ANS,emissible,1400
R87.5,XVIII,XVIII/R87.5.md,"Résultats anormaux de prélèvements effectués sur les organes génitaux de la femme - "" Résultats microbiologiques anormaux """,true,false,true,false,false,0,codable,OWL_ANS,emissible,1475
R87.6,XVIII,XVIII/R87.6.md,"Résultats anormaux de prélèvements effectués sur les organes génitaux de la femme - "" Résultats cytologiques anormaux """,true,false,true,false,false,0,codable,OWL_ANS,emissible,1484
R87.7,XVIII,XVIII/R87.7.md,"Résultats anormaux de prélèvements effectués sur les organes génitaux de la femme - "" Résultats histologiques anormaux """,false,false,true,false,false,0,codable,OWL_ANS,emissible,1399
R87.8,XVIII,XVIII/R87.8.md,"Résultats anormaux de prélèvements effectués sur les organes génitaux de la femme - "" Autres résultats anormaux """,true,false,true,false,false,0,codable,OWL_ANS,emissible,2634
R87.9,XVIII,XVIII/R87.9.md,"Résultats anormaux de prélèvements effectués sur les organes génitaux de la femme - "" Résultat anormal, sans précision """,false,false,true,false,false,0,codable,OWL_ANS,emissible,1399
R89.0,XVIII,XVIII/R89.0.md,"Résultats anormaux de prélèvements effectués sur d'autres organes, appareils et tissus - "" Taux anormal d'enzymes """,false,false,true,false,false,0,codable,OWL_ANS,emissible,1206
R89.1,XVIII,XVIII/R89.1.md,"Résultats anormaux de prélèvements effectués sur d'autres organes, appareils et tissus - "" Taux anormal d'hormones """,false,false,true,false,false,0,codable,OWL_ANS,emissible,1207
R89.2,XVIII,XVIII/R89.2.md,"Résultats anormaux de prélèvements effectués sur d'autres organes, appareils et tissus - "" Taux anormal d'autres substances médicamenteuses et biologiques """,false,false,true,false,false,0,codable,OWL_ANS,emissible,1247
R89.3,XVIII,XVIII/R89.3.md,"Résultats anormaux de prélèvements effectués sur d'autres organes, appareils et tissus - "" Taux anormal de substances d'origine principalement non médicinale """,false,false,true,false,false,0,codable,OWL_ANS,emissible,1250
R89.4,XVIII,XVIII/R89.4.md,"Résultats anormaux de prélèvements effectués sur d'autres organes, appareils et tissus - "" Résultats immunologiques anormaux """,false,false,true,false,true,0,codable,OWL_ANS,emissible,1309
R89.5,XVIII,XVIII/R89.5.md,"Résultats anormaux de prélèvements effectués sur d'autres organes, appareils et tissus - "" Résultats microbiologiques anormaux """,true,false,true,false,true,0,codable,OWL_ANS,emissible,1357
R89.6,XVIII,XVIII/R89.6.md,"Résultats anormaux de prélèvements effectués sur d'autres organes, appareils et tissus - "" Résultats cytologiques anormaux """,true,false,true,false,false,0,codable,OWL_ANS,emissible,1301
R89.7,XVIII,XVIII/R89.7.md,"Résultats anormaux de prélèvements effectués sur d'autres organes, appareils et tissus - "" Résultats histologiques anormaux """,false,false,true,false,false,0,codable,OWL_ANS,emissible,1216
R89.8,XVIII,XVIII/R89.8.md,"Résultats anormaux de prélèvements effectués sur d'autres organes, appareils et tissus - "" Autres résultats anormaux """,true,false,true,false,true,0,codable,OWL_ANS,emissible,2641
R89.9,XVIII,XVIII/R89.9.md,"Résultats anormaux de prélèvements effectués sur d'autres organes, appareils et tissus - "" Résultat anormal, sans précision """,false,false,true,false,true,0,codable,OWL_ANS,emissible,1277
R90.0,XVIII,XVIII/R90.0.md,Lésion intracrânienne,true,false,true,false,true,0,codable,OWL_ANS,emissible,2066
R90.8,XVIII,XVIII/R90.8.md,Autres résultats anormaux d'imagerie diagnostique du système nerveux central,true,false,true,false,true,0,codable,OWL_ANS,emissible,2019
R91,XVIII,XVIII/R91.md,Résultats anormaux d'imagerie diagnostique du poumon,true,false,true,false,true,0,codable,OWL_ANS,emissible,2146
R92,XVIII,XVIII/R92.md,Résultats anormaux d'imagerie diagnostique du sein,true,false,true,false,true,0,codable,OWL_ANS,emissible,1825
R93.0,XVIII,XVIII/R93.0.md,"Résultats anormaux d'imagerie diagnostique du crâne et de la tête, non classés ailleurs",true,false,true,false,true,0,codable,OWL_ANS,emissible,2155
R93.1,XVIII,XVIII/R93.1.md,Résultats anormaux d'imagerie diagnostique du cœur et de la circulation coronaire,true,false,true,false,true,0,codable,OWL_ANS,emissible,2252
R93.2,XVIII,XVIII/R93.2.md,Résultats anormaux d'imagerie diagnostique du foie et des voies biliaires,true,false,true,false,true,0,codable,OWL_ANS,emissible,2210
R93.3,XVIII,XVIII/R93.3.md,Résultats anormaux d'imagerie diagnostique d'autres parties des voies digestives,true,false,true,false,true,0,codable,OWL_ANS,emissible,2105
R93.4,XVIII,XVIII/R93.4.md,Résultats anormaux d'imagerie diagnostique de l'appareil urinaire,true,false,true,false,true,0,codable,OWL_ANS,emissible,2205
R93.5,XVIII,XVIII/R93.5.md,"Résultats anormaux d'imagerie diagnostique d'autres parties de l'abdomen, y compris l'espace rétropéritonéal",true,false,true,false,true,0,codable,OWL_ANS,emissible,2108
R93.6,XVIII,XVIII/R93.6.md,Résultats anormaux d'imagerie diagnostique des membres,true,false,true,false,true,0,codable,OWL_ANS,emissible,1985
R93.7,XVIII,XVIII/R93.7.md,Résultats anormaux d'imagerie diagnostique d'autres parties du système ostéomusculaire,true,false,true,false,true,0,codable,OWL_ANS,emissible,2012
R93.8,XVIII,XVIII/R93.8.md,Résultats anormaux d'imagerie diagnostique d'autres parties du corps précisées,true,false,true,false,true,0,codable,OWL_ANS,emissible,3032
R94.0,XVIII,XVIII/R94.0.md,Résultats anormaux d'explorations fonctionnelles du système nerveux central,true,false,true,false,true,0,codable,OWL_ANS,emissible,2290
R94.1,XVIII,XVIII/R94.1.md,Résultats anormaux d'explorations fonctionnelles du système nerveux périphérique et épreuves sensorielles spéciales,true,false,true,false,true,0,codable,OWL_ANS,emissible,2709
R94.2,XVIII,XVIII/R94.2.md,Résultats anormaux d'explorations fonctionnelles pulmonaires,true,false,true,false,true,0,codable,OWL_ANS,emissible,2285
R94.3,XVIII,XVIII/R94.3.md,Résultats anormaux d'explorations fonctionnelles cardiovasculaires,true,false,true,false,true,0,codable,OWL_ANS,emissible,2617
R94.4,XVIII,XVIII/R94.4.md,Résultats anormaux d'explorations fonctionnelles rénales,true,false,true,false,true,0,codable,OWL_ANS,emissible,2147
R94.5,XVIII,XVIII/R94.5.md,Résultats anormaux d'explorations fonctionnelles hépatiques,true,false,true,false,true,0,codable,OWL_ANS,emissible,2230
R94.6,XVIII,XVIII/R94.6.md,Résultats anormaux d'explorations fonctionnelles thyroïdiennes,true,false,true,false,true,0,codable,OWL_ANS,emissible,2107
R94.7,XVIII,XVIII/R94.7.md,Résultats anormaux d'autres explorations fonctionnelles endocriniennes,true,false,true,false,false,0,codable,OWL_ANS,emissible,2116
R94.8,XVIII,XVIII/R94.8.md,Résultats anormaux d'explorations fonctionnelles d'autres organes et appareils,true,false,true,false,true,0,codable,OWL_ANS,emissible,3524
R95.0,XVIII,XVIII/R95.0.md,Syndrome de la mort subite du nourrisson avec mention d’autopsie,true,false,true,false,true,0,codable,OWL_ANS,emissible,1427
R95.9,XVIII,XVIII/R95.9.md,Syndrome de la mort subite du nourrisson sans mention d’autopsie,true,false,true,false,true,0,codable,OWL_ANS,emissible,1427
R96.0,XVIII,XVIII/R96.0.md,Mort instantanée,true,false,true,false,true,0,codable,OWL_ANS,emissible,1466
R96.1,XVIII,XVIII/R96.1.md,"Décès survenant moins de 24 heures après le début des symptômes, sans autre explication",true,false,true,false,true,0,codable,OWL_ANS,emissible,1308
R98,XVIII,XVIII/R98.md,Décès sans témoin,true,false,true,false,true,0,codable,OWL_ANS,emissible,1231
R99,XVIII,XVIII/R99.md,Autres causes de mortalité mal définies et non précisées,true,false,true,false,true,0,codable,OWL_ANS,emissible,959
S00.0,XIX,XIX/S00.0.md,Lésion traumatique superficielle du cuir chevelu,true,false,true,false,true,0,codable,OWL_ANS,emissible,2009
S00.1,XIX,XIX/S00.1.md,Contusion de la paupière et de la région périoculaire,true,false,true,false,true,0,codable,OWL_ANS,emissible,2275
S00.2,XIX,XIX/S00.2.md,Autres lésions traumatiques superficielles de la paupière et de la région périoculaire,true,false,true,false,false,0,codable,OWL_ANS,emissible,2101
S00.3,XIX,XIX/S00.3.md,Lésion traumatique superficielle du nez,true,false,true,false,true,0,codable,OWL_ANS,emissible,1999
S00.4,XIX,XIX/S00.4.md,Lésion traumatique superficielle de l'oreille,true,false,true,false,true,0,codable,OWL_ANS,emissible,2042
S00.5,XIX,XIX/S00.5.md,Lésion traumatique superficielle de la lèvre et de la cavité buccale,true,false,true,false,true,0,codable,OWL_ANS,emissible,2166
S00.7,XIX,XIX/S00.7.md,Lésions traumatiques superficielles multiples de la tête,true,false,true,false,false,0,codable,OWL_ANS,emissible,1957
S00.8,XIX,XIX/S00.8.md,Lésion traumatique superficielle d'autres parties de la tête,true,false,true,false,true,0,codable,OWL_ANS,emissible,2747
S00.9,XIX,XIX/S00.9.md,"Lésion traumatique superficielle de la tête, partie non précisée",true,false,true,false,false,1,interdit_dp_dr,OWL_ANS,emissible,1938
S01.0,XIX,XIX/S01.0.md,Plaie ouverte du cuir chevelu,true,false,true,false,true,0,codable,OWL_ANS,emissible,2081
S01.1,XIX,XIX/S01.1.md,Plaie ouverte de la paupière et de la région périoculaire,true,false,true,false,true,0,codable,OWL_ANS,emissible,2289
S01.2,XIX,XIX/S01.2.md,Plaie ouverte du nez,true,false,true,false,true,0,codable,OWL_ANS,emissible,2021
S01.3,XIX,XIX/S01.3.md,Plaie ouverte de l'oreille,true,false,true,false,true,0,codable,OWL_ANS,emissible,1998
S01.4,XIX,XIX/S01.4.md,Plaie ouverte de la joue et de la région temporomaxillaire,true,false,true,false,true,0,codable,OWL_ANS,emissible,2027
S01.5,XIX,XIX/S01.5.md,Plaie ouverte de la lèvre et de la cavité buccale,true,false,true,false,true,0,codable,OWL_ANS,emissible,2246
S01.7,XIX,XIX/S01.7.md,Plaies ouvertes multiples de la tête,true,false,true,false,false,0,codable,OWL_ANS,emissible,1952
S01.8,XIX,XIX/S01.8.md,Plaie ouverte d'autres parties de la tête,true,false,true,false,true,0,codable,OWL_ANS,emissible,2490
S01.9,XIX,XIX/S01.9.md,"Plaie ouverte de la tête, partie non précisée",true,false,true,false,true,1,interdit_dp_dr,OWL_ANS,emissible,1987
S02.00,XIX,XIX/S02.00.md,"Fracture de la voute du crâne - "" Fracture fermée """,true,false,true,false,false,0,codable,OWL_ANS,emissible,2103
S02.01,XIX,XIX/S02.01.md,"Fracture de la voute du crâne - "" Fracture ouverte """,true,false,true,false,false,0,codable,OWL_ANS,emissible,2104
S02.10,XIX,XIX/S02.10.md,"Fracture de la base du crâne - "" Fracture fermée """,true,false,true,false,false,0,codable,OWL_ANS,emissible,2320
S02.11,XIX,XIX/S02.11.md,"Fracture de la base du crâne - "" Fracture ouverte """,true,false,true,false,false,0,codable,OWL_ANS,emissible,2321
S02.20,XIX,XIX/S02.20.md,"Fracture des os du nez - "" Fracture fermée """,true,false,true,false,false,0,codable,OWL_ANS,emissible,2021
S02.21,XIX,XIX/S02.21.md,"Fracture des os du nez - "" Fracture ouverte """,true,false,true,false,false,0,codable,OWL_ANS,emissible,2022
S02.30,XIX,XIX/S02.30.md,"Fracture du plancher de l'orbite - "" Fracture fermée """,true,false,true,false,false,0,codable,OWL_ANS,emissible,2145
S02.31,XIX,XIX/S02.31.md,"Fracture du plancher de l'orbite - "" Fracture ouverte """,true,false,true,false,false,0,codable,OWL_ANS,emissible,2146
S02.40,XIX,XIX/S02.40.md,"Fracture des os malaires et maxillaires - "" Fracture fermée """,true,false,true,false,false,0,codable,OWL_ANS,emissible,2133
S02.41,XIX,XIX/S02.41.md,"Fracture des os malaires et maxillaires - "" Fracture ouverte """,true,false,true,false,false,0,codable,OWL_ANS,emissible,2134
S02.5,XIX,XIX/S02.5.md,Fracture dentaire,true,false,true,false,false,0,codable,OWL_ANS,emissible,2027
S02.50,XIX,XIX/S02.50.md,"Fracture dentaire - "" Fracture fermée """,true,false,true,false,false,0,codable,OWL_ANS,emissible,2075
S02.51,XIX,XIX/S02.51.md,"Fracture dentaire - "" Fracture ouverte """,true,false,true,false,false,0,codable,OWL_ANS,emissible,2076
S02.60,XIX,XIX/S02.60.md,"Fracture du maxillaire inférieur - "" Fracture fermée """,true,false,true,false,false,0,codable,OWL_ANS,emissible,2098
S02.61,XIX,XIX/S02.61.md,"Fracture du maxillaire inférieur - "" Fracture ouverte """,true,false,true,false,false,0,codable,OWL_ANS,emissible,2099
S02.70,XIX,XIX/S02.70.md,"Fractures multiples du crâne et des os de la face - "" Fracture fermée """,true,false,true,false,false,0,codable,OWL_ANS,emissible,2048
S02.71,XIX,XIX/S02.71.md,"Fractures multiples du crâne et des os de la face - "" Fracture ouverte """,true,false,true,false,false,0,codable,OWL_ANS,emissible,2049
S02.80,XIX,XIX/S02.80.md,"Fractures d'autres os du crâne et de la face - "" Fracture fermée """,true,false,true,false,false,0,codable,OWL_ANS,emissible,2251
S02.81,XIX,XIX/S02.81.md,"Fractures d'autres os du crâne et de la face - "" Fracture ouverte """,true,false,true,false,false,0,codable,OWL_ANS,emissible,2252
S02.90,XIX,XIX/S02.90.md,"Fracture du crâne et des os de la face, partie non précisée - "" Fracture fermée """,true,false,true,false,false,1,interdit_dp_dr,OWL_ANS,emissible,2060
S02.91,XIX,XIX/S02.91.md,"Fracture du crâne et des os de la face, partie non précisée - "" Fracture ouverte """,true,false,true,false,false,1,interdit_dp_dr,OWL_ANS,emissible,2061
S03.0,XIX,XIX/S03.0.md,Luxation de la mâchoire,true,false,true,false,true,0,codable,OWL_ANS,emissible,1990
S03.1,XIX,XIX/S03.1.md,Luxation de la cloison du nez,true,false,true,false,true,0,codable,OWL_ANS,emissible,1842
S03.2,XIX,XIX/S03.2.md,Luxation dentaire,true,false,true,false,true,0,codable,OWL_ANS,emissible,1800
S03.3,XIX,XIX/S03.3.md,Luxation de parties autres et non précisées de la tête,true,false,true,false,false,0,codable,OWL_ANS,emissible,1777
S03.4,XIX,XIX/S03.4.md,Entorse et foulure de la mâchoire,true,false,true,false,true,0,codable,OWL_ANS,emissible,1955
S03.5,XIX,XIX/S03.5.md,Entorse et foulure de l'articulation et des ligaments de parties autres et non précisées de la tête,true,false,true,false,false,1,interdit_dp_dr,OWL_ANS,emissible,1824
S04.0,XIX,XIX/S04.0.md,Lésion traumatique du nerf et des voies optiques,true,false,true,false,false,0,codable,OWL_ANS,emissible,1844
S04.1,XIX,XIX/S04.1.md,Lésion traumatique du nerf moteur oculaire commun,true,false,true,false,false,0,codable,OWL_ANS,emissible,1812
S04.2,XIX,XIX/S04.2.md,Lésion traumatique du nerf pathétique,true,false,true,false,false,0,codable,OWL_ANS,emissible,1799
S04.3,XIX,XIX/S04.3.md,Lésion traumatique du nerf trijumeau,true,false,true,false,false,0,codable,OWL_ANS,emissible,1797
S04.4,XIX,XIX/S04.4.md,Lésion traumatique du nerf moteur oculaire externe,true,false,true,false,false,0,codable,OWL_ANS,emissible,1812
S04.5,XIX,XIX/S04.5.md,Lésion traumatique du nerf facial,true,false,true,false,false,0,codable,OWL_ANS,emissible,1796
S04.6,XIX,XIX/S04.6.md,Lésion traumatique du nerf auditif,true,false,true,false,false,0,codable,OWL_ANS,emissible,1816
S04.7,XIX,XIX/S04.7.md,Lésion traumatique du nerf spinal,true,false,true,false,false,0,codable,OWL_ANS,emissible,1795
S04.8,XIX,XIX/S04.8.md,Lésion traumatique d'autres nerfs crâniens,true,false,true,false,true,0,codable,OWL_ANS,emissible,2419
S04.9,XIX,XIX/S04.9.md,"Lésion traumatique d'un nerf crânien, sans précision",true,false,true,false,false,0,codable,OWL_ANS,emissible,1775
S05.0,XIX,XIX/S05.0.md,Lésion traumatique de la conjonctive et abrasion de la cornée sans mention de corps étranger,true,false,true,false,true,0,codable,OWL_ANS,emissible,2375
S05.1,XIX,XIX/S05.1.md,Contusion du globe oculaire et des tissus de l'orbite,true,false,true,false,true,0,codable,OWL_ANS,emissible,2565
S05.2,XIX,XIX/S05.2.md,Lacération et rupture oculaires avec protrusion ou perte de tissu intraoculaire,true,false,true,false,true,0,codable,OWL_ANS,emissible,2341
S05.3,XIX,XIX/S05.3.md,Lacération oculaire sans protrusion ou perte de tissu intraoculaire,true,false,true,false,false,0,codable,OWL_ANS,emissible,2175
S05.4,XIX,XIX/S05.4.md,"Plaie pénétrante de l'orbite, avec ou sans corps étranger",true,false,true,false,true,0,codable,OWL_ANS,emissible,2315
S05.5,XIX,XIX/S05.5.md,"Plaie pénétrante du globe oculaire, avec corps étranger",true,false,true,false,false,0,codable,OWL_ANS,emissible,2221
S05.6,XIX,XIX/S05.6.md,"Plaie pénétrante du globe oculaire, sans corps étranger",true,false,true,false,true,0,codable,OWL_ANS,emissible,2425
S05.7,XIX,XIX/S05.7.md,Arrachement de l'œil,true,false,true,false,false,0,codable,OWL_ANS,emissible,2127
S05.8,XIX,XIX/S05.8.md,Autres lésions traumatiques de l'œil et de l'orbite,true,false,true,false,true,0,codable,OWL_ANS,emissible,2987
S05.9,XIX,XIX/S05.9.md,"Lésion traumatique de l'œil et de l'orbite, non précisée",true,false,true,false,true,0,codable,OWL_ANS,emissible,2222
S06.0,XIX,XIX/S06.0.md,Commotion cérébrale,true,false,true,false,true,0,codable,OWL_ANS,emissible,2179
S06.00,XIX,XIX/S06.00.md,"Commotion - "" Sans plaie intracrânienne ouverte """,true,false,true,false,false,0,codable,OWL_ANS,emissible,2147
S06.01,XIX,XIX/S06.01.md,"Commotion - "" Avec plaie intracrânienne ouverte """,true,false,true,false,false,0,codable,OWL_ANS,emissible,2147
S06.1,XIX,XIX/S06.1.md,Œdème cérébral traumatique,true,false,true,false,false,0,codable,OWL_ANS,emissible,2055
S06.10,XIX,XIX/S06.10.md,"Œdème cérébral traumatique - "" Sans plaie intracrânienne ouverte """,true,false,true,false,false,0,codable,OWL_ANS,emissible,2097
S06.11,XIX,XIX/S06.11.md,"Œdème cérébral traumatique - "" Avec plaie intracrânienne ouverte """,true,false,true,false,false,0,codable,OWL_ANS,emissible,2097
S06.2,XIX,XIX/S06.2.md,Lésion traumatique cérébrale diffuse,true,false,true,false,true,0,codable,OWL_ANS,emissible,2345
S06.20,XIX,XIX/S06.20.md,"Lésion traumatique cérébrale diffuse - "" Sans plaie intracrânienne ouverte """,true,false,true,false,false,0,codable,OWL_ANS,emissible,2243
S06.21,XIX,XIX/S06.21.md,"Lésion traumatique cérébrale diffuse - "" Avec plaie intracrânienne ouverte """,true,false,true,false,false,0,codable,OWL_ANS,emissible,2243
S06.3,XIX,XIX/S06.3.md,Lésion traumatique cérébrale en foyer,true,false,true,false,false,0,codable,OWL_ANS,emissible,2196
S06.30,XIX,XIX/S06.30.md,"Lésion traumatique cérébrale en foyer - "" Sans plaie intracrânienne ouverte """,true,false,true,false,false,0,codable,OWL_ANS,emissible,2262
S06.31,XIX,XIX/S06.31.md,"Lésion traumatique cérébrale en foyer - "" Avec plaie intracrânienne ouverte """,true,false,true,false,false,0,codable,OWL_ANS,emissible,2262
S06.4,XIX,XIX/S06.4.md,Hémorragie épidurale,true,false,true,false,true,0,codable,OWL_ANS,emissible,2198
S06.40,XIX,XIX/S06.40.md,"Hémorragie épidurale - "" Sans plaie intracrânienne ouverte """,true,false,true,false,false,0,codable,OWL_ANS,emissible,2175
S06.41,XIX,XIX/S06.41.md,"Hémorragie épidurale - "" Avec plaie intracrânienne ouverte """,true,false,true,false,false,0,codable,OWL_ANS,emissible,2175
S06.5,XIX,XIX/S06.5.md,Hémorragie sousdurale traumatique,true,false,true,false,false,0,codable,OWL_ANS,emissible,2062
S06.50,XIX,XIX/S06.50.md,"Hémorragie sousdurale traumatique - "" Sans plaie intracrânienne ouverte """,true,false,true,false,false,0,codable,OWL_ANS,emissible,2104
S06.51,XIX,XIX/S06.51.md,"Hémorragie sousdurale traumatique - "" Avec plaie intracrânienne ouverte """,true,false,true,false,false,0,codable,OWL_ANS,emissible,2104
S06.6,XIX,XIX/S06.6.md,Hémorragie sousarachnoïdienne traumatique,true,false,true,false,false,0,codable,OWL_ANS,emissible,2070
S06.60,XIX,XIX/S06.60.md,"Hémorragie sousarachnoïdienne traumatique - "" Sans plaie intracrânienne ouverte """,true,false,true,false,false,0,codable,OWL_ANS,emissible,2112
S06.61,XIX,XIX/S06.61.md,"Hémorragie sousarachnoïdienne traumatique - "" Avec plaie intracrânienne ouverte """,true,false,true,false,false,0,codable,OWL_ANS,emissible,2112
S06.7,XIX,XIX/S06.7.md,Lésion traumatique intracrânienne avec coma prolongé,true,false,true,false,true,0,codable,OWL_ANS,emissible,2195
S06.70,XIX,XIX/S06.70.md,"Lésion traumatique intracrânienne avec coma prolongé - "" Sans plaie intracrânienne ouverte """,true,false,true,false,false,0,codable,OWL_ANS,emissible,2123
S06.71,XIX,XIX/S06.71.md,"Lésion traumatique intracrânienne avec coma prolongé - "" Avec plaie intracrânienne ouverte """,true,false,true,false,false,0,codable,OWL_ANS,emissible,2123
S06.8,XIX,XIX/S06.8.md,Autres lésions traumatiques intracrâniennes,true,false,true,false,true,0,codable,OWL_ANS,emissible,2673
S06.80,XIX,XIX/S06.80.md,"Autres lésions traumatiques intracrâniennes - "" Sans plaie intracrânienne ouverte """,true,false,true,false,false,0,codable,OWL_ANS,emissible,2224
S06.81,XIX,XIX/S06.81.md,"Autres lésions traumatiques intracrâniennes - "" Avec plaie intracrânienne ouverte """,true,false,true,false,false,0,codable,OWL_ANS,emissible,2224
S06.9,XIX,XIX/S06.9.md,"Lésion traumatique intracrânienne, sans précision",true,false,true,false,false,0,codable,OWL_ANS,emissible,2207
S06.90,XIX,XIX/S06.90.md,"Lésion traumatique intracrânienne, sans précision - "" Sans plaie intracrânienne ouverte """,true,false,true,false,false,0,codable,OWL_ANS,emissible,2304
S06.91,XIX,XIX/S06.91.md,"Lésion traumatique intracrânienne, sans précision - "" Avec plaie intracrânienne ouverte """,true,false,true,false,false,0,codable,OWL_ANS,emissible,2304
S07.0,XIX,XIX/S07.0.md,Écrasement de la face,true,false,true,false,false,0,codable,OWL_ANS,emissible,1744
S07.1,XIX,XIX/S07.1.md,Écrasement du crâne,true,false,true,false,false,0,codable,OWL_ANS,emissible,1742
S07.8,XIX,XIX/S07.8.md,Écrasement d'autres parties de la tête,true,false,true,false,false,0,codable,OWL_ANS,emissible,1868
S07.9,XIX,XIX/S07.9.md,"Écrasement de la tête, partie non précisée",true,false,true,false,false,0,codable,OWL_ANS,emissible,1765
S08.0,XIX,XIX/S08.0.md,Arrachement du cuir chevelu,true,false,true,false,false,0,codable,OWL_ANS,emissible,1750
S08.1,XIX,XIX/S08.1.md,Amputation traumatique de l'oreille,true,false,true,false,false,0,codable,OWL_ANS,emissible,1758
S08.8,XIX,XIX/S08.8.md,Amputation traumatique d'autres parties de la tête,true,false,true,false,false,0,codable,OWL_ANS,emissible,1902
S08.9,XIX,XIX/S08.9.md,Amputation traumatique d'une partie de la tête non précisée,true,false,true,false,false,0,codable,OWL_ANS,emissible,1840
S09.0,XIX,XIX/S09.0.md,"Lésion traumatique des vaisseaux sanguins de la tête, non classée ailleurs",true,false,true,false,false,0,codable,OWL_ANS,emissible,1926
S09.1,XIX,XIX/S09.1.md,Lésion traumatique des muscles et des tendons de la tête,true,false,true,false,false,0,codable,OWL_ANS,emissible,1779
S09.2,XIX,XIX/S09.2.md,Rupture traumatique du tympan,true,false,true,false,true,0,codable,OWL_ANS,emissible,1807
S09.7,XIX,XIX/S09.7.md,Lésions traumatiques multiples de la tête,true,false,true,false,false,0,codable,OWL_ANS,emissible,1929
S09.8,XIX,XIX/S09.8.md,Autres lésions traumatiques précisées de la tête,true,false,true,false,false,0,codable,OWL_ANS,emissible,2064
S09.9,XIX,XIX/S09.9.md,"Lésion traumatique de la tête, sans précision",true,false,true,false,false,1,interdit_dp_dr,OWL_ANS,emissible,1892
S10.0,XIX,XIX/S10.0.md,Contusion de la gorge,true,false,true,false,true,0,codable,OWL_ANS,emissible,1546
S10.1,XIX,XIX/S10.1.md,"Lésions traumatiques superficielles de la gorge, autres et sans précision",true,false,true,false,false,0,codable,OWL_ANS,emissible,1361
S10.7,XIX,XIX/S10.7.md,Lésions traumatiques superficielles multiples du cou,true,false,true,false,false,0,codable,OWL_ANS,emissible,1340
S10.8,XIX,XIX/S10.8.md,Lésion traumatique superficielle d'autres parties du cou,true,false,true,false,true,0,codable,OWL_ANS,emissible,1639
S10.9,XIX,XIX/S10.9.md,"Lésion traumatique superficielle du cou, partie non précisée",true,false,true,false,true,0,codable,OWL_ANS,emissible,1404
S11.0,XIX,XIX/S11.0.md,Plaie ouverte avec atteinte du larynx et de la trachée,true,false,true,false,true,0,codable,OWL_ANS,emissible,1622
S11.1,XIX,XIX/S11.1.md,Plaie ouverte avec atteinte de la thyroïde,true,false,true,false,true,0,codable,OWL_ANS,emissible,1497
S11.2,XIX,XIX/S11.2.md,Plaie ouverte avec atteinte du pharynx et de l'œsophage cervical,true,false,true,false,true,0,codable,OWL_ANS,emissible,1555
S11.7,XIX,XIX/S11.7.md,Plaies ouvertes multiples du cou,true,false,true,false,false,0,codable,OWL_ANS,emissible,1407
S11.8,XIX,XIX/S11.8.md,Plaie ouverte d'autres parties du cou,true,false,true,false,true,0,codable,OWL_ANS,emissible,1783
S11.9,XIX,XIX/S11.9.md,"Plaie ouverte du cou, partie non précisée",true,false,true,false,true,0,codable,OWL_ANS,emissible,1439
S12.00,XIX,XIX/S12.00.md,"Fracture de la première vertèbre cervicale - "" Fracture fermée """,true,false,true,false,false,0,codable,OWL_ANS,emissible,1737
S12.01,XIX,XIX/S12.01.md,"Fracture de la première vertèbre cervicale - "" Fracture ouverte """,true,false,true,false,false,0,codable,OWL_ANS,emissible,1738
S12.10,XIX,XIX/S12.10.md,"Fracture de la deuxième vertèbre cervicale - "" Fracture fermée """,true,false,true,false,false,0,codable,OWL_ANS,emissible,1736
S12.11,XIX,XIX/S12.11.md,"Fracture de la deuxième vertèbre cervicale - "" Fracture ouverte """,true,false,true,false,false,0,codable,OWL_ANS,emissible,1737
S12.20,XIX,XIX/S12.20.md,"Fracture d'autres vertèbres cervicales précisées - "" Fracture fermée """,true,false,true,false,false,0,codable,OWL_ANS,emissible,1850
S12.21,XIX,XIX/S12.21.md,"Fracture d'autres vertèbres cervicales précisées - "" Fracture ouverte """,true,false,true,false,false,0,codable,OWL_ANS,emissible,1851
S12.70,XIX,XIX/S12.70.md,"Fractures multiples du rachis cervical - "" Fracture fermée """,true,false,true,false,false,0,codable,OWL_ANS,emissible,1723
S12.71,XIX,XIX/S12.71.md,"Fractures multiples du rachis cervical - "" Fracture ouverte """,true,false,true,false,false,0,codable,OWL_ANS,emissible,1724
S12.80,XIX,XIX/S12.80.md,"Fracture d'autres parties du cou - "" Fracture fermée """,true,false,true,false,false,0,codable,OWL_ANS,emissible,1765
S12.81,XIX,XIX/S12.81.md,"Fracture d'autres parties du cou - "" Fracture ouverte """,true,false,true,false,false,0,codable,OWL_ANS,emissible,1766
S12.90,XIX,XIX/S12.90.md,"Fracture du cou, partie non précisée - "" Fracture fermée """,true,false,true,false,false,0,codable,OWL_ANS,emissible,1788
S12.91,XIX,XIX/S12.91.md,"Fracture du cou, partie non précisée - "" Fracture ouverte """,true,false,true,false,false,0,codable,OWL_ANS,emissible,1789
S13.0,XIX,XIX/S13.0.md,Rupture traumatique d'un disque intervertébral cervical,true,false,true,false,false,0,codable,OWL_ANS,emissible,1496
S13.1,XIX,XIX/S13.1.md,Luxation d'une vertèbre cervicale,true,false,true,false,true,0,codable,OWL_ANS,emissible,1671
S13.2,XIX,XIX/S13.2.md,Luxations de parties autres et non précisées du cou,true,false,true,false,true,0,codable,OWL_ANS,emissible,1586
S13.3,XIX,XIX/S13.3.md,Luxations multiples du cou,true,false,true,false,false,0,codable,OWL_ANS,emissible,1467
S13.4,XIX,XIX/S13.4.md,Entorse et foulure du rachis cervical,true,false,true,false,true,0,codable,OWL_ANS,emissible,1734
S13.5,XIX,XIX/S13.5.md,Entorse et foulure de la région thyroïdienne,true,false,true,false,true,0,codable,OWL_ANS,emissible,1723
S13.6,XIX,XIX/S13.6.md,Entorse et foulure des articulations et des ligaments de parties autres et non précisées du cou,true,false,true,false,false,0,codable,OWL_ANS,emissible,1536
S14.0,XIX,XIX/S14.0.md,Commotion et œdème de la moelle cervicale,true,false,true,false,false,0,codable,OWL_ANS,emissible,1329
S14.1,XIX,XIX/S14.1.md,"Lésions traumatiques de la moelle cervicale, autres et non précisées",true,false,true,false,false,0,codable,OWL_ANS,emissible,1434
S14.2,XIX,XIX/S14.2.md,Lésion traumatique d'une racine nerveuse du rachis cervical,true,false,true,false,false,0,codable,OWL_ANS,emissible,1347
S14.3,XIX,XIX/S14.3.md,Lésion traumatique du plexus brachial,true,false,true,false,false,0,codable,OWL_ANS,emissible,1325
S14.4,XIX,XIX/S14.4.md,Lésion traumatique des nerfs périphériques du cou,true,false,true,false,false,0,codable,OWL_ANS,emissible,1337
S14.5,XIX,XIX/S14.5.md,Lésion traumatique des nerfs sympathiques cervicaux,true,false,true,false,false,0,codable,OWL_ANS,emissible,1339
S14.6,XIX,XIX/S14.6.md,"Lésion traumatique de nerfs du cou, autres et non précisés",true,false,true,false,false,0,codable,OWL_ANS,emissible,1346
S15.0,XIX,XIX/S15.0.md,Lésion traumatique de la carotide,true,false,true,false,false,0,codable,OWL_ANS,emissible,1390
S15.1,XIX,XIX/S15.1.md,Lésion traumatique de l'artère vertébrale,true,false,true,false,false,0,codable,OWL_ANS,emissible,1329
S15.2,XIX,XIX/S15.2.md,Lésion traumatique de la veine jugulaire externe,true,false,true,false,false,0,codable,OWL_ANS,emissible,1336
S15.3,XIX,XIX/S15.3.md,Lésion traumatique de la veine jugulaire interne,true,false,true,false,false,0,codable,OWL_ANS,emissible,1336
S15.7,XIX,XIX/S15.7.md,Lésion traumatique de multiples vaisseaux sanguins au niveau du cou,true,false,true,false,false,0,codable,OWL_ANS,emissible,1355
S15.8,XIX,XIX/S15.8.md,Lésion traumatique d'autres vaisseaux sanguins au niveau du cou,true,false,true,false,false,0,codable,OWL_ANS,emissible,1694
S15.9,XIX,XIX/S15.9.md,Lésion traumatique de vaisseaux sanguins non précisés au niveau du cou,true,false,true,false,false,0,codable,OWL_ANS,emissible,1358
S16,XIX,XIX/S16.md,Lésion traumatique des muscles et des tendons au niveau du cou,true,false,true,false,false,0,codable,OWL_ANS,emissible,1346
S17.0,XIX,XIX/S17.0.md,Écrasement du larynx et de la trachée,true,false,true,false,false,0,codable,OWL_ANS,emissible,1325
S17.8,XIX,XIX/S17.8.md,Écrasement d'autres parties du cou,true,false,true,false,false,0,codable,OWL_ANS,emissible,1413
S17.9,XIX,XIX/S17.9.md,"Écrasement du cou, partie non précisée",true,false,true,false,false,0,codable,OWL_ANS,emissible,1326
S18,XIX,XIX/S18.md,Amputation traumatique au niveau du cou,true,false,true,false,false,0,codable,OWL_ANS,emissible,1359
S19.7,XIX,XIX/S19.7.md,Lésions traumatiques multiples du cou,true,false,true,false,false,0,codable,OWL_ANS,emissible,1465
S19.8,XIX,XIX/S19.8.md,Autres lésions traumatiques précisées du cou,true,false,true,false,false,0,codable,OWL_ANS,emissible,1423
S19.9,XIX,XIX/S19.9.md,"Lésion traumatique du cou, sans précision",true,false,true,false,false,1,interdit_dp_dr,OWL_ANS,emissible,1331
S20.0,XIX,XIX/S20.0.md,Contusion du sein,true,false,true,false,true,0,codable,OWL_ANS,emissible,1518
S20.1,XIX,XIX/S20.1.md,"Lésions traumatiques superficielles du sein, autres et non précisées",true,false,true,false,false,0,codable,OWL_ANS,emissible,1488
S20.2,XIX,XIX/S20.2.md,Contusion du thorax,true,false,true,false,true,0,codable,OWL_ANS,emissible,1501
S20.3,XIX,XIX/S20.3.md,Autres lésions traumatiques superficielles de la paroi thoracique antérieure,true,false,true,false,false,0,codable,OWL_ANS,emissible,1496
S20.4,XIX,XIX/S20.4.md,Autres lésions traumatiques superficielles de la paroi thoracique postérieure,true,false,true,false,false,0,codable,OWL_ANS,emissible,1497
S20.7,XIX,XIX/S20.7.md,Lésions traumatiques superficielles multiples du thorax,true,false,true,false,false,0,codable,OWL_ANS,emissible,1475
S20.8,XIX,XIX/S20.8.md,Lésion traumatique superficielle de parties autres et non précisées du thorax,true,false,true,false,false,0,codable,OWL_ANS,emissible,1972
S21.0,XIX,XIX/S21.0.md,Plaie ouverte du sein,true,false,true,false,true,0,codable,OWL_ANS,emissible,1683
S21.1,XIX,XIX/S21.1.md,Plaie ouverte de la paroi thoracique antérieure,true,false,true,false,false,0,codable,OWL_ANS,emissible,1639
S21.2,XIX,XIX/S21.2.md,Plaie ouverte de la paroi thoracique postérieure,true,false,true,false,false,0,codable,OWL_ANS,emissible,1640
S21.7,XIX,XIX/S21.7.md,Plaies ouvertes multiples de la paroi thoracique,true,false,true,false,false,0,codable,OWL_ANS,emissible,1640
S21.8,XIX,XIX/S21.8.md,Plaie ouverte d'autres parties du thorax,true,false,true,false,false,0,codable,OWL_ANS,emissible,1889
S21.9,XIX,XIX/S21.9.md,"Plaie ouverte du thorax, partie non précisée",true,false,true,false,false,0,codable,OWL_ANS,emissible,1651
S22.00,XIX,XIX/S22.00.md,"Fracture d'une vertèbre dorsale - "" Fracture fermée """,true,false,true,false,false,0,codable,OWL_ANS,emissible,1941
S22.01,XIX,XIX/S22.01.md,"Fracture d'une vertèbre dorsale - "" Fracture ouverte """,true,false,true,false,false,0,codable,OWL_ANS,emissible,1942
S22.10,XIX,XIX/S22.10.md,"Fractures multiples du rachis dorsal - "" Fracture fermée """,true,false,true,false,false,0,codable,OWL_ANS,emissible,1912
S22.11,XIX,XIX/S22.11.md,"Fractures multiples du rachis dorsal - "" Fracture ouverte """,true,false,true,false,false,0,codable,OWL_ANS,emissible,1913
S22.20,XIX,XIX/S22.20.md,"Fracture du sternum - "" Fracture fermée """,true,false,true,false,false,0,codable,OWL_ANS,emissible,1895
S22.21,XIX,XIX/S22.21.md,"Fracture du sternum - "" Fracture ouverte """,true,false,true,false,false,0,codable,OWL_ANS,emissible,1896
S22.30,XIX,XIX/S22.30.md,"Fracture de côte - "" Fracture fermée """,true,false,true,false,false,0,codable,OWL_ANS,emissible,1892
S22.31,XIX,XIX/S22.31.md,"Fracture de côte - "" Fracture ouverte """,true,false,true,false,false,0,codable,OWL_ANS,emissible,1893
S22.40,XIX,XIX/S22.40.md,"Fractures multiples de côtes - "" Fracture fermée """,true,false,true,false,false,0,codable,OWL_ANS,emissible,1904
S22.41,XIX,XIX/S22.41.md,"Fractures multiples de côtes - "" Fracture ouverte """,true,false,true,false,false,0,codable,OWL_ANS,emissible,1905
S22.50,XIX,XIX/S22.50.md,"Volet costal - "" Fracture fermée """,true,false,true,false,false,0,codable,OWL_ANS,emissible,1909
S22.51,XIX,XIX/S22.51.md,"Volet costal - "" Fracture ouverte """,true,false,true,false,false,0,codable,OWL_ANS,emissible,1910
S22.80,XIX,XIX/S22.80.md,"Fractures d'autres parties des os du thorax - "" Fracture fermée """,true,false,true,false,false,0,codable,OWL_ANS,emissible,1919
S22.81,XIX,XIX/S22.81.md,"Fractures d'autres parties des os du thorax - "" Fracture ouverte """,true,false,true,false,false,0,codable,OWL_ANS,emissible,1920
S22.90,XIX,XIX/S22.90.md,"Fracture des os du thorax, partie non précisée - "" Fracture fermée """,true,false,true,false,false,1,interdit_dp_dr,OWL_ANS,emissible,1924
S22.91,XIX,XIX/S22.91.md,"Fracture des os du thorax, partie non précisée - "" Fracture ouverte """,true,false,true,false,false,1,interdit_dp_dr,OWL_ANS,emissible,1925
S23.0,XIX,XIX/S23.0.md,Rupture traumatique d'un disque intervertébral dorsal,true,false,true,false,false,0,codable,OWL_ANS,emissible,1711
S23.1,XIX,XIX/S23.1.md,Luxation d'une vertèbre dorsale,true,false,true,false,false,0,codable,OWL_ANS,emissible,1730
S23.2,XIX,XIX/S23.2.md,Luxation de parties autres et non précisées du thorax,true,false,true,false,true,0,codable,OWL_ANS,emissible,1859
S23.3,XIX,XIX/S23.3.md,Entorse et foulure du rachis dorsal,true,false,true,false,false,0,codable,OWL_ANS,emissible,1693
S23.4,XIX,XIX/S23.4.md,Entorse et foulure des côtes et du sternum,true,false,true,false,true,0,codable,OWL_ANS,emissible,1755
S23.5,XIX,XIX/S23.5.md,Entorse et foulure de parties autres et non précisées du thorax,true,false,true,false,false,0,codable,OWL_ANS,emissible,1721
S24.0,XIX,XIX/S24.0.md,Commotion et œdème de la moelle dorsale,true,false,true,false,false,0,codable,OWL_ANS,emissible,1573
S24.1,XIX,XIX/S24.1.md,Lésions traumatiques autres et non précisées de la moelle dorsale,true,false,true,false,false,0,codable,OWL_ANS,emissible,1599
S24.2,XIX,XIX/S24.2.md,Lésion traumatique d'une racine nerveuse du rachis dorsal,true,false,true,false,false,0,codable,OWL_ANS,emissible,1591
S24.3,XIX,XIX/S24.3.md,Lésion traumatique de nerfs périphériques du thorax,true,false,true,false,false,0,codable,OWL_ANS,emissible,1585
S24.4,XIX,XIX/S24.4.md,Lésion traumatique de nerfs sympathiques du thorax,true,false,true,false,false,0,codable,OWL_ANS,emissible,1720
S24.5,XIX,XIX/S24.5.md,Lésion traumatique d'autres nerfs du thorax,true,false,true,false,false,0,codable,OWL_ANS,emissible,1577
S24.6,XIX,XIX/S24.6.md,Lésion traumatique d'un nerf non précisé du thorax,true,false,true,false,false,0,codable,OWL_ANS,emissible,1584
S25.0,XIX,XIX/S25.0.md,Lésion traumatique de l'aorte thoracique,true,false,true,false,false,0,codable,OWL_ANS,emissible,1493
S25.1,XIX,XIX/S25.1.md,Lésion traumatique de l'artère innominée ou sousclavière,true,false,true,false,false,0,codable,OWL_ANS,emissible,1476
S25.2,XIX,XIX/S25.2.md,Lésion traumatique de la veine cave supérieure,true,false,true,false,false,0,codable,OWL_ANS,emissible,1504
S25.3,XIX,XIX/S25.3.md,Lésion traumatique de la veine innominée ou sousclavière,true,false,true,false,false,0,codable,OWL_ANS,emissible,1476
S25.4,XIX,XIX/S25.4.md,Lésion traumatique de vaisseaux sanguins du poumon,true,false,true,false,false,0,codable,OWL_ANS,emissible,1470
S25.5,XIX,XIX/S25.5.md,Lésion traumatique de vaisseaux sanguins intercostaux,true,false,true,false,false,0,codable,OWL_ANS,emissible,1473
S25.7,XIX,XIX/S25.7.md,Lésions traumatiques de multiples vaisseaux sanguins du thorax,true,false,true,false,false,0,codable,OWL_ANS,emissible,1482
S25.80,XIX,XIX/S25.80.md,Lésion traumatique de la veine azygos,true,false,true,false,false,0,codable,OWL_ANS,emissible,1459
S25.88,XIX,XIX/S25.88.md,Lésion traumatique d’autres vaisseaux sanguins précisés du thorax,true,false,true,false,false,0,codable,OWL_ANS,emissible,1535
S25.9,XIX,XIX/S25.9.md,Lésion traumatique d'un vaisseau sanguin non précisé du thorax,true,false,true,false,false,0,codable,OWL_ANS,emissible,1482
S26.0,XIX,XIX/S26.0.md,Lésion traumatique du cœur avec hémopéricarde,true,false,true,false,true,0,codable,OWL_ANS,emissible,1990
S26.00,XIX,XIX/S26.00.md,"Lésion traumatique du cœur avec hémopéricarde - "" Sans plaie ouverte de la cavité thoracique """,true,false,true,false,false,0,codable,OWL_ANS,emissible,1973
S26.01,XIX,XIX/S26.01.md,"Lésion traumatique du cœur avec hémopéricarde - "" Avec plaie ouverte de la cavité thoracique """,true,false,true,false,false,0,codable,OWL_ANS,emissible,1973
S26.8,XIX,XIX/S26.8.md,Autres lésions traumatiques du cœur,true,false,true,false,true,0,codable,OWL_ANS,emissible,2095
S26.80,XIX,XIX/S26.80.md,"Autres lésions traumatiques du cœur - "" Sans plaie ouverte de la cavité thoracique """,true,false,true,false,false,0,codable,OWL_ANS,emissible,1963
S26.81,XIX,XIX/S26.81.md,"Autres lésions traumatiques du cœur - "" Avec plaie ouverte de la cavité thoracique """,true,false,true,false,false,0,codable,OWL_ANS,emissible,1963
S26.9,XIX,XIX/S26.9.md,"Lésion traumatique du cœur, sans précision",true,false,true,false,false,0,codable,OWL_ANS,emissible,1919
S26.90,XIX,XIX/S26.90.md,"Lésion traumatique du cœur, sans précision - "" Sans plaie ouverte de la cavité thoracique """,true,false,true,false,false,0,codable,OWL_ANS,emissible,1970
S26.91,XIX,XIX/S26.91.md,"Lésion traumatique du cœur, sans précision - "" Avec plaie ouverte de la cavité thoracique """,true,false,true,false,false,0,codable,OWL_ANS,emissible,1970
S27.0,XIX,XIX/S27.0.md,Pneumothorax traumatique,true,false,true,false,true,0,codable,OWL_ANS,emissible,1668
S27.00,XIX,XIX/S27.00.md,"Pneumothorax traumatique - "" Sans plaie ouverte de la cavité thoracique """,true,false,true,false,false,0,codable,OWL_ANS,emissible,1652
S27.01,XIX,XIX/S27.01.md,"Pneumothorax traumatique - "" Avec plaie ouverte de la cavité thoracique """,true,false,true,true,false,0,codable,OWL_ANS,emissible,2370
S27.1,XIX,XIX/S27.1.md,Hémothorax traumatique,true,false,true,false,true,0,codable,OWL_ANS,emissible,1664
S27.10,XIX,XIX/S27.10.md,"Hémothorax traumatique - "" Sans plaie ouverte de la cavité thoracique """,true,false,true,false,false,0,codable,OWL_ANS,emissible,1650
S27.11,XIX,XIX/S27.11.md,"Hémothorax traumatique - "" Avec plaie ouverte de la cavité thoracique """,true,false,true,false,false,0,codable,OWL_ANS,emissible,1650
S27.2,XIX,XIX/S27.2.md,Hémopneumothorax traumatique,true,false,true,false,false,0,codable,OWL_ANS,emissible,1605
S27.20,XIX,XIX/S27.20.md,"Hémopneumothorax traumatique - "" Sans plaie ouverte de la cavité thoracique """,true,false,true,false,false,0,codable,OWL_ANS,emissible,1656
S27.21,XIX,XIX/S27.21.md,"Hémopneumothorax traumatique - "" Avec plaie ouverte de la cavité thoracique """,true,false,true,false,false,0,codable,OWL_ANS,emissible,1656
S27.3,XIX,XIX/S27.3.md,Autres lésions traumatiques du poumon,true,false,true,false,true,0,codable,OWL_ANS,emissible,1686
S27.30,XIX,XIX/S27.30.md,"Autres lésions traumatiques du poumon - "" Sans plaie ouverte de la cavité thoracique """,true,false,true,false,false,0,codable,OWL_ANS,emissible,1665
S27.31,XIX,XIX/S27.31.md,"Autres lésions traumatiques du poumon - "" Avec plaie ouverte de la cavité thoracique """,true,false,true,false,false,0,codable,OWL_ANS,emissible,1665
S27.4,XIX,XIX/S27.4.md,Lésion traumatique des bronches,true,false,true,false,false,0,codable,OWL_ANS,emissible,1608
S27.40,XIX,XIX/S27.40.md,"Lésion traumatique des bronches - "" Sans plaie ouverte de la cavité thoracique """,true,false,true,false,false,0,codable,OWL_ANS,emissible,1659
S27.41,XIX,XIX/S27.41.md,"Lésion traumatique des bronches - "" Avec plaie ouverte de la cavité thoracique """,true,false,true,false,false,0,codable,OWL_ANS,emissible,1659
S27.5,XIX,XIX/S27.5.md,Lésion traumatique de la trachée thoracique,true,false,true,false,false,0,codable,OWL_ANS,emissible,1620
S27.50,XIX,XIX/S27.50.md,"Lésion traumatique de la trachée thoracique - "" Sans plaie ouverte de la cavité thoracique """,true,false,true,false,false,0,codable,OWL_ANS,emissible,1671
S27.51,XIX,XIX/S27.51.md,"Lésion traumatique de la trachée thoracique - "" Avec plaie ouverte de la cavité thoracique """,true,false,true,false,false,0,codable,OWL_ANS,emissible,1671
S27.6,XIX,XIX/S27.6.md,Lésion traumatique de la plèvre,true,false,true,false,true,0,codable,OWL_ANS,emissible,1672
S27.60,XIX,XIX/S27.60.md,"Lésion traumatique de la plèvre - "" Sans plaie ouverte de la cavité thoracique """,true,false,true,false,false,0,codable,OWL_ANS,emissible,1659
S27.61,XIX,XIX/S27.61.md,"Lésion traumatique de la plèvre - "" Avec plaie ouverte de la cavité thoracique """,true,false,true,false,false,0,codable,OWL_ANS,emissible,1659
S27.7,XIX,XIX/S27.7.md,Lésions traumatiques multiples des organes intrathoraciques,true,false,true,false,false,0,codable,OWL_ANS,emissible,1636
S27.70,XIX,XIX/S27.70.md,"Lésions traumatiques multiples des organes intrathoraciques - "" Sans plaie ouverte de la cavité thoracique """,true,false,true,false,false,0,codable,OWL_ANS,emissible,1687
S27.71,XIX,XIX/S27.71.md,"Lésions traumatiques multiples des organes intrathoraciques - "" Avec plaie ouverte de la cavité thoracique """,true,false,true,false,false,0,codable,OWL_ANS,emissible,1687
S27.8,XIX,XIX/S27.8.md,Lésion traumatique d'autres organes intrathoraciques précisés,true,false,true,false,true,0,codable,OWL_ANS,emissible,2275
S27.80,XIX,XIX/S27.80.md,"Lésion traumatique d'autres organes intrathoraciques précisés - "" Sans plaie ouverte de la cavité thoracique """,true,false,true,false,false,0,codable,OWL_ANS,emissible,1812
S27.81,XIX,XIX/S27.81.md,"Lésion traumatique d'autres organes intrathoraciques précisés - "" Avec plaie ouverte de la cavité thoracique """,true,false,true,false,false,0,codable,OWL_ANS,emissible,1812
S27.9,XIX,XIX/S27.9.md,Lésion traumatique d'organes intrathoraciques non précisés,true,false,true,false,false,1,interdit_dp_dr,OWL_ANS,emissible,1608
S27.90,XIX,XIX/S27.90.md,"Lésion traumatique d'organes intrathoraciques non précisés - "" Sans plaie ouverte de la cavité thoracique """,true,false,true,false,false,1,interdit_dp_dr,OWL_ANS,emissible,1688
S27.91,XIX,XIX/S27.91.md,"Lésion traumatique d'organes intrathoraciques non précisés - "" Avec plaie ouverte de la cavité thoracique """,true,false,true,false,false,1,interdit_dp_dr,OWL_ANS,emissible,1688
S28.0,XIX,XIX/S28.0.md,Écrasement du thorax,true,false,true,false,true,0,codable,OWL_ANS,emissible,1572
S28.1,XIX,XIX/S28.1.md,Amputation traumatique d'une partie du thorax,true,false,true,false,false,0,codable,OWL_ANS,emissible,1546
S29.0,XIX,XIX/S29.0.md,Lésion traumatique des muscles et des tendons au niveau du thorax,true,false,true,false,false,0,codable,OWL_ANS,emissible,1485
S29.7,XIX,XIX/S29.7.md,Lésions traumatiques multiples du thorax,true,false,true,false,false,0,codable,OWL_ANS,emissible,1611
S29.8,XIX,XIX/S29.8.md,Autres lésions traumatiques précisées du thorax,true,false,true,false,false,0,codable,OWL_ANS,emissible,1639
S29.9,XIX,XIX/S29.9.md,"Lésion traumatique du thorax, sans précision",true,false,true,false,false,1,interdit_dp_dr,OWL_ANS,emissible,1466
S30.0,XIX,XIX/S30.0.md,Contusion des lombes et du bassin,true,false,true,false,true,0,codable,OWL_ANS,emissible,1644
S30.1,XIX,XIX/S30.1.md,Contusion de la paroi abdominale,true,false,true,false,true,0,codable,OWL_ANS,emissible,1733
S30.2,XIX,XIX/S30.2.md,Contusion des organes génitaux externes,true,false,true,false,true,0,codable,OWL_ANS,emissible,1905
S30.7,XIX,XIX/S30.7.md,"Lésions traumatiques superficielles multiples de l'abdomen, des lombes et du bassin",true,false,true,false,false,0,codable,OWL_ANS,emissible,1563
S30.8,XIX,XIX/S30.8.md,"Autres lésions traumatiques superficielles de l'abdomen, des lombes et du bassin",true,false,true,false,false,0,codable,OWL_ANS,emissible,1840
S30.9,XIX,XIX/S30.9.md,"Lésion traumatique superficielle de l'abdomen, des lombes et du bassin, partie non précisée",true,false,true,false,false,1,interdit_dp_dr,OWL_ANS,emissible,1544
S31.0,XIX,XIX/S31.0.md,Plaie ouverte des lombes et du bassin,true,false,true,false,true,0,codable,OWL_ANS,emissible,1740
S31.1,XIX,XIX/S31.1.md,Plaie ouverte de la paroi abdominale,true,false,true,false,true,0,codable,OWL_ANS,emissible,1770
S31.2,XIX,XIX/S31.2.md,Plaie ouverte de la verge,true,false,true,false,true,0,codable,OWL_ANS,emissible,1658
S31.3,XIX,XIX/S31.3.md,Plaie ouverte du scrotum et des testicules,true,false,true,false,true,0,codable,OWL_ANS,emissible,1710
S31.4,XIX,XIX/S31.4.md,Plaie ouverte du vagin et de la vulve,true,false,true,false,true,0,codable,OWL_ANS,emissible,1685
S31.5,XIX,XIX/S31.5.md,"Plaie ouverte des organes génitaux externes, autres et non précisés",true,false,true,false,false,0,codable,OWL_ANS,emissible,1716
S31.7,XIX,XIX/S31.7.md,"Plaies ouvertes multiples de l'abdomen, des lombes et du bassin",true,false,true,false,false,0,codable,OWL_ANS,emissible,1612
S31.8,XIX,XIX/S31.8.md,Plaie ouverte de parties autres et non précisées de l'abdomen,true,false,true,false,true,0,codable,OWL_ANS,emissible,2117
S32.00,XIX,XIX/S32.00.md,"Fracture d'une vertèbre lombaire - "" Fracture fermée """,true,false,true,false,false,0,codable,OWL_ANS,emissible,1903
S32.01,XIX,XIX/S32.01.md,"Fracture d'une vertèbre lombaire - "" Fracture ouverte """,true,false,true,false,false,0,codable,OWL_ANS,emissible,1904
S32.10,XIX,XIX/S32.10.md,"Fracture du sacrum - "" Fracture fermée """,true,false,true,false,false,0,codable,OWL_ANS,emissible,1857
S32.11,XIX,XIX/S32.11.md,"Fracture du sacrum - "" Fracture ouverte """,true,false,true,false,false,0,codable,OWL_ANS,emissible,1858
S32.20,XIX,XIX/S32.20.md,"Fracture du coccyx - "" Fracture fermée """,true,false,true,false,false,0,codable,OWL_ANS,emissible,1857
S32.21,XIX,XIX/S32.21.md,"Fracture du coccyx - "" Fracture ouverte """,true,false,true,false,false,0,codable,OWL_ANS,emissible,1858
S32.30,XIX,XIX/S32.30.md,"Fracture de l'ilion - "" Fracture fermée """,true,false,true,false,false,0,codable,OWL_ANS,emissible,1858
S32.31,XIX,XIX/S32.31.md,"Fracture de l'ilion - "" Fracture ouverte """,true,false,true,false,false,0,codable,OWL_ANS,emissible,1859
S32.40,XIX,XIX/S32.40.md,"Fracture de l'acétabulum - "" Fracture fermée """,true,false,true,false,false,0,codable,OWL_ANS,emissible,1863
S32.41,XIX,XIX/S32.41.md,"Fracture de l'acétabulum - "" Fracture ouverte """,true,false,true,false,false,0,codable,OWL_ANS,emissible,1864
S32.50,XIX,XIX/S32.50.md,"Fracture du pubis - "" Fracture fermée """,true,false,true,false,false,0,codable,OWL_ANS,emissible,1856
S32.51,XIX,XIX/S32.51.md,"Fracture du pubis - "" Fracture ouverte """,true,false,true,false,false,0,codable,OWL_ANS,emissible,1857
S32.70,XIX,XIX/S32.70.md,"Fractures multiples du rachis lombaire et du bassin - "" Fracture fermée """,true,false,true,false,false,0,codable,OWL_ANS,emissible,1890
S32.71,XIX,XIX/S32.71.md,"Fractures multiples du rachis lombaire et du bassin - "" Fracture ouverte """,true,false,true,false,false,0,codable,OWL_ANS,emissible,1891
S32.80,XIX,XIX/S32.80.md,"Fracture de parties autres et non précisées du rachis lombaire et du bassin - "" Fracture fermée """,true,false,true,false,false,0,codable,OWL_ANS,emissible,1982
S32.81,XIX,XIX/S32.81.md,"Fracture de parties autres et non précisées du rachis lombaire et du bassin - "" Fracture ouverte """,true,false,true,false,false,0,codable,OWL_ANS,emissible,1983
S33.0,XIX,XIX/S33.0.md,Rupture traumatique d'un disque intervertébral lombaire,true,false,true,false,false,0,codable,OWL_ANS,emissible,1735
S33.1,XIX,XIX/S33.1.md,Luxation d'une vertèbre lombaire,true,false,true,false,true,0,codable,OWL_ANS,emissible,1831
S33.2,XIX,XIX/S33.2.md,Luxation des articulations sacro-iliaque et sacrococcygienne,true,false,true,false,true,0,codable,OWL_ANS,emissible,1855
S33.3,XIX,XIX/S33.3.md,Luxation de parties autres et non précisées du rachis lombaire et du bassin,true,false,true,false,false,0,codable,OWL_ANS,emissible,1755
S33.4,XIX,XIX/S33.4.md,Rupture traumatique de la symphyse pubienne,true,false,true,false,false,0,codable,OWL_ANS,emissible,1723
S33.5,XIX,XIX/S33.5.md,Entorse et foulure du rachis lombaire,true,false,true,false,true,0,codable,OWL_ANS,emissible,1780
S33.6,XIX,XIX/S33.6.md,Entorse et foulure de l'articulation sacro-iliaque,true,false,true,false,true,0,codable,OWL_ANS,emissible,1794
S33.7,XIX,XIX/S33.7.md,Entorse et foulure de parties autres et non précisées du rachis lombaire et du bassin,true,false,true,false,true,0,codable,OWL_ANS,emissible,1939
S34.0,XIX,XIX/S34.0.md,Commotion et œdème de la moelle lombaire,true,false,true,false,false,0,codable,OWL_ANS,emissible,1398
S34.1,XIX,XIX/S34.1.md,Autres lésions traumatiques de la moelle lombaire,true,false,true,false,false,0,codable,OWL_ANS,emissible,1407
S34.2,XIX,XIX/S34.2.md,Lésion traumatique d’une racine nerveuse du rachis lombaire et sacré,true,false,true,false,false,0,codable,OWL_ANS,emissible,1426
S34.3,XIX,XIX/S34.3.md,Lésion traumatique de la queue de cheval,true,false,true,false,false,0,codable,OWL_ANS,emissible,1398
S34.4,XIX,XIX/S34.4.md,Lésion traumatique du plexus lombosacré,true,false,true,false,false,0,codable,OWL_ANS,emissible,1397
S34.5,XIX,XIX/S34.5.md,"Lésion traumatique des nerfs sympathiques lombaires, sacrés et du bassin",true,false,true,false,false,0,codable,OWL_ANS,emissible,1571
S34.6,XIX,XIX/S34.6.md,"Lésion traumatique de nerf(s) périphérique(s) de l'abdomen, des lombes et du bassin",true,false,true,false,false,0,codable,OWL_ANS,emissible,1441
S34.8,XIX,XIX/S34.8.md,"Lésion traumatique de nerfs autres et non précisés au niveau de l'abdomen, des lombes et du bassin",true,false,true,false,false,0,codable,OWL_ANS,emissible,1979
S35.0,XIX,XIX/S35.0.md,Lésion traumatique de l'aorte abdominale,true,false,true,false,false,0,codable,OWL_ANS,emissible,1455
S35.1,XIX,XIX/S35.1.md,Lésion traumatique de la veine cave inférieure,true,false,true,false,false,0,codable,OWL_ANS,emissible,1505
S35.2,XIX,XIX/S35.2.md,Lésion traumatique de l'artère cœliaque ou mésentérique,true,false,true,false,false,0,codable,OWL_ANS,emissible,1564
S35.3,XIX,XIX/S35.3.md,Lésion traumatique de la veine porte ou splénique,true,false,true,false,false,0,codable,OWL_ANS,emissible,1475
S35.4,XIX,XIX/S35.4.md,Lésion traumatique des vaisseaux sanguins du rein,true,false,true,false,false,0,codable,OWL_ANS,emissible,1453
S35.5,XIX,XIX/S35.5.md,Lésion traumatique des vaisseaux sanguins iliaques,true,false,true,false,false,0,codable,OWL_ANS,emissible,1513
S35.7,XIX,XIX/S35.7.md,"Lésion traumatique de multiples vaisseaux sanguins au niveau de l'abdomen, des lombes et du bassin",true,false,true,false,false,0,codable,OWL_ANS,emissible,1456
S35.8,XIX,XIX/S35.8.md,"Lésion traumatique d'autres vaisseaux sanguins au niveau de l'abdomen, des lombes et du bassin",true,false,true,false,false,0,codable,OWL_ANS,emissible,2020
S35.9,XIX,XIX/S35.9.md,"Lésion traumatique de vaisseaux sanguins non précisés, au niveau de l'abdomen, des lombes et du bassin",true,false,true,false,false,0,codable,OWL_ANS,emissible,1460
S36.0,XIX,XIX/S36.0.md,Lésion traumatique de la rate,true,false,true,false,false,0,codable,OWL_ANS,emissible,1387
S36.00,XIX,XIX/S36.00.md,"Lésion traumatique de la rate - "" Sans plaie pénétrante de la cavité abdominale """,true,false,true,false,false,0,codable,OWL_ANS,emissible,1441
S36.01,XIX,XIX/S36.01.md,"Lésion traumatique de la rate - "" Avec plaie pénétrante de la cavité abdominale """,true,false,true,false,false,0,codable,OWL_ANS,emissible,1441
S36.1,XIX,XIX/S36.1.md,Lésion traumatique du foie et de la vésicule biliaire,true,false,true,false,false,0,codable,OWL_ANS,emissible,1450
S36.10,XIX,XIX/S36.10.md,"Lésion traumatique du foie et de la vésicule biliaire - "" Sans plaie pénétrante de la cavité abdominale """,true,false,true,false,false,0,codable,OWL_ANS,emissible,1528
S36.11,XIX,XIX/S36.11.md,"Lésion traumatique du foie et de la vésicule biliaire - "" Avec plaie pénétrante de la cavité abdominale """,true,false,true,false,false,0,codable,OWL_ANS,emissible,1528
S36.2,XIX,XIX/S36.2.md,Lésion traumatique du pancréas,true,false,true,false,false,0,codable,OWL_ANS,emissible,1388
S36.20,XIX,XIX/S36.20.md,"Lésion traumatique du pancréas - "" Sans plaie pénétrante de la cavité abdominale """,true,false,true,false,false,0,codable,OWL_ANS,emissible,1442
S36.21,XIX,XIX/S36.21.md,"Lésion traumatique du pancréas - "" Avec plaie pénétrante de la cavité abdominale """,true,false,true,false,false,0,codable,OWL_ANS,emissible,1442
S36.3,XIX,XIX/S36.3.md,Lésion traumatique de l'estomac,true,false,true,false,true,0,codable,OWL_ANS,emissible,1454
S36.30,XIX,XIX/S36.30.md,"Lésion traumatique de l'estomac - "" Sans plaie pénétrante de la cavité abdominale """,true,false,true,false,false,0,codable,OWL_ANS,emissible,1443
S36.31,XIX,XIX/S36.31.md,"Lésion traumatique de l'estomac - "" Avec plaie pénétrante de la cavité abdominale """,true,false,true,false,false,0,codable,OWL_ANS,emissible,1443
S36.4,XIX,XIX/S36.4.md,Lésion traumatique de l'intestin grêle,true,false,true,false,false,0,codable,OWL_ANS,emissible,1396
S36.40,XIX,XIX/S36.40.md,"Lésion traumatique de l'intestin grêle - "" Sans plaie pénétrante de la cavité abdominale """,true,false,true,false,false,0,codable,OWL_ANS,emissible,1450
S36.41,XIX,XIX/S36.41.md,"Lésion traumatique de l'intestin grêle - "" Avec plaie pénétrante de la cavité abdominale """,true,false,true,false,false,0,codable,OWL_ANS,emissible,1450
S36.5,XIX,XIX/S36.5.md,Lésion traumatique du côlon,true,false,true,false,false,0,codable,OWL_ANS,emissible,1385
S36.50,XIX,XIX/S36.50.md,"Lésion traumatique du côlon - "" Sans plaie pénétrante de la cavité abdominale """,true,false,true,false,false,0,codable,OWL_ANS,emissible,1439
S36.51,XIX,XIX/S36.51.md,"Lésion traumatique du côlon - "" Avec plaie pénétrante de la cavité abdominale """,true,false,true,false,false,0,codable,OWL_ANS,emissible,1439
S36.6,XIX,XIX/S36.6.md,Lésion traumatique du rectum,true,false,true,false,false,0,codable,OWL_ANS,emissible,1386
S36.60,XIX,XIX/S36.60.md,"Lésion traumatique du rectum - "" Sans plaie pénétrante de la cavité abdominale """,true,false,true,false,false,0,codable,OWL_ANS,emissible,1440
S36.61,XIX,XIX/S36.61.md,"Lésion traumatique du rectum - "" Avec plaie pénétrante de la cavité abdominale """,true,false,true,false,false,0,codable,OWL_ANS,emissible,1440
S36.7,XIX,XIX/S36.7.md,Lésion traumatique de multiples organes intraabdominaux,true,false,true,false,false,0,codable,OWL_ANS,emissible,1413
S36.70,XIX,XIX/S36.70.md,"Lésion traumatique de multiples organes intraabdominaux - "" Sans plaie pénétrante de la cavité abdominale """,true,false,true,false,false,0,codable,OWL_ANS,emissible,1467
S36.71,XIX,XIX/S36.71.md,"Lésion traumatique de multiples organes intraabdominaux - "" Avec plaie pénétrante de la cavité abdominale """,true,false,true,false,false,0,codable,OWL_ANS,emissible,1467
S36.8,XIX,XIX/S36.8.md,Lésion traumatique d'autres organes intraabdominaux,true,false,true,false,true,0,codable,OWL_ANS,emissible,1963
S36.80,XIX,XIX/S36.80.md,"Lésion traumatique d'autres organes intraabdominaux - "" Sans plaie pénétrante de la cavité abdominale """,true,false,true,false,false,0,codable,OWL_ANS,emissible,1535
S36.81,XIX,XIX/S36.81.md,"Lésion traumatique d'autres organes intraabdominaux - "" Avec plaie pénétrante de la cavité abdominale """,true,false,true,false,false,0,codable,OWL_ANS,emissible,1535
S36.9,XIX,XIX/S36.9.md,Lésion traumatique d'un organe intraabdominal non précisé,true,false,true,false,false,1,interdit_dp_dr,OWL_ANS,emissible,1417
S36.90,XIX,XIX/S36.90.md,"Lésion traumatique d'un organe intraabdominal non précisé - "" Sans plaie pénétrante de la cavité abdominale """,true,false,true,false,false,1,interdit_dp_dr,OWL_ANS,emissible,1471
S36.91,XIX,XIX/S36.91.md,"Lésion traumatique d'un organe intraabdominal non précisé - "" Avec plaie pénétrante de la cavité abdominale """,true,false,true,false,false,1,interdit_dp_dr,OWL_ANS,emissible,1471
S37.0,XIX,XIX/S37.0.md,Lésion traumatique du rein,true,false,true,false,false,0,codable,OWL_ANS,emissible,1488
S37.00,XIX,XIX/S37.00.md,"Lésion traumatique du rein - "" Sans plaie pénétrante de la cavité abdominale """,true,false,true,false,false,0,codable,OWL_ANS,emissible,1542
S37.01,XIX,XIX/S37.01.md,"Lésion traumatique du rein - "" Avec plaie pénétrante de la cavité abdominale """,true,false,true,false,false,0,codable,OWL_ANS,emissible,1542
S37.1,XIX,XIX/S37.1.md,Lésion traumatique de l'uretère,true,false,true,false,false,0,codable,OWL_ANS,emissible,1493
S37.10,XIX,XIX/S37.10.md,"Lésion traumatique de l'uretère - "" Sans plaie pénétrante de la cavité abdominale """,true,false,true,false,false,0,codable,OWL_ANS,emissible,1547
S37.11,XIX,XIX/S37.11.md,"Lésion traumatique de l'uretère - "" Avec plaie pénétrante de la cavité abdominale """,true,false,true,false,false,0,codable,OWL_ANS,emissible,1547
S37.2,XIX,XIX/S37.2.md,Lésion traumatique de la vessie,true,false,true,false,false,0,codable,OWL_ANS,emissible,1493
S37.20,XIX,XIX/S37.20.md,"Lésion traumatique de la vessie - "" Sans plaie pénétrante de la cavité abdominale """,true,false,true,false,false,0,codable,OWL_ANS,emissible,1547
S37.21,XIX,XIX/S37.21.md,"Lésion traumatique de la vessie - "" Avec plaie pénétrante de la cavité abdominale """,true,false,true,false,false,0,codable,OWL_ANS,emissible,1547
S37.3,XIX,XIX/S37.3.md,Lésion traumatique de l'urètre,true,false,true,false,false,0,codable,OWL_ANS,emissible,1492
S37.30,XIX,XIX/S37.30.md,"Lésion traumatique de l'urètre - "" Sans plaie pénétrante de la cavité abdominale """,true,false,true,false,false,0,codable,OWL_ANS,emissible,1546
S37.31,XIX,XIX/S37.31.md,"Lésion traumatique de l'urètre - "" Avec plaie pénétrante de la cavité abdominale """,true,false,true,false,false,0,codable,OWL_ANS,emissible,1546
S37.4,XIX,XIX/S37.4.md,Lésion traumatique de l'ovaire,true,false,true,false,false,0,codable,OWL_ANS,emissible,1492
S37.40,XIX,XIX/S37.40.md,"Lésion traumatique de l'ovaire - "" Sans plaie pénétrante de la cavité abdominale """,true,false,true,false,false,0,codable,OWL_ANS,emissible,1546
S37.41,XIX,XIX/S37.41.md,"Lésion traumatique de l'ovaire - "" Avec plaie pénétrante de la cavité abdominale """,true,false,true,false,false,0,codable,OWL_ANS,emissible,1546
S37.5,XIX,XIX/S37.5.md,Lésion traumatique de la trompe de Fallope,true,false,true,false,false,0,codable,OWL_ANS,emissible,1504
S37.50,XIX,XIX/S37.50.md,"Lésion traumatique de la trompe de Fallope - "" Sans plaie pénétrante de la cavité abdominale """,true,false,true,false,false,0,codable,OWL_ANS,emissible,1558
S37.51,XIX,XIX/S37.51.md,"Lésion traumatique de la trompe de Fallope - "" Avec plaie pénétrante de la cavité abdominale """,true,false,true,false,false,0,codable,OWL_ANS,emissible,1558
S37.6,XIX,XIX/S37.6.md,Lésion traumatique de l'utérus,true,false,true,false,false,0,codable,OWL_ANS,emissible,1492
S37.60,XIX,XIX/S37.60.md,"Lésion traumatique de l'utérus - "" Sans plaie pénétrante de la cavité abdominale """,true,false,true,false,false,0,codable,OWL_ANS,emissible,1546
S37.61,XIX,XIX/S37.61.md,"Lésion traumatique de l'utérus - "" Avec plaie pénétrante de la cavité abdominale """,true,false,true,false,false,0,codable,OWL_ANS,emissible,1546
S37.7,XIX,XIX/S37.7.md,Lésions traumatiques de multiples organes urinaires et pelviens,true,false,true,false,false,0,codable,OWL_ANS,emissible,1525
S37.70,XIX,XIX/S37.70.md,"Lésions traumatiques de multiples organes urinaires et pelviens - "" Sans plaie pénétrante de la cavité abdominale """,true,false,true,false,false,0,codable,OWL_ANS,emissible,1579
S37.71,XIX,XIX/S37.71.md,"Lésions traumatiques de multiples organes urinaires et pelviens - "" Avec plaie pénétrante de la cavité abdominale """,true,false,true,false,false,0,codable,OWL_ANS,emissible,1579
S37.80,XIX,XIX/S37.80.md,"Lésions traumatiques d'autres organes urinaires et pelviens - "" Sans plaie pénétrante de la cavité abdominale """,true,false,true,false,false,3,pere_interdit,OWL_ANS,emissible,1680
S37.800,XIX,XIX/S37.800.md,"Lésion traumatique de la glande surrénale - "" Sans plaie pénétrante de la cavité abdominale """,true,false,true,false,false,0,codable,OWL_ANS,emissible,1637
S37.808,XIX,XIX/S37.808.md,"Lésion traumatique d’autres organes urinaires et pelviens précisés - "" Sans plaie pénétrante de la cavité abdominale """,true,false,true,false,false,0,codable,OWL_ANS,emissible,1753
S37.81,XIX,XIX/S37.81.md,"Lésions traumatiques d'autres organes urinaires et pelviens - "" Avec plaie pénétrante de la cavité abdominale """,true,false,true,false,false,3,pere_interdit,OWL_ANS,emissible,1680
S37.810,XIX,XIX/S37.810.md,"Lésion traumatique de la glande surrénale - "" Avec plaie pénétrante de la cavité abdominale """,true,false,true,false,false,0,codable,OWL_ANS,emissible,1637
S37.818,XIX,XIX/S37.818.md,"Lésion traumatique d’autres organes urinaires et pelviens précisés - "" Avec plaie pénétrante de la cavité abdominale """,true,false,true,false,false,0,codable,OWL_ANS,emissible,1753
S37.9,XIX,XIX/S37.9.md,Lésion traumatique d'un organe urinaire et pelvien non précisé,true,false,true,false,false,1,interdit_dp_dr,OWL_ANS,emissible,1497
S37.90,XIX,XIX/S37.90.md,"Lésion traumatique d'un organe urinaire et pelvien non précisé - "" Sans plaie pénétrante de la cavité abdominale """,true,false,true,false,false,1,interdit_dp_dr,OWL_ANS,emissible,1580
S37.91,XIX,XIX/S37.91.md,"Lésion traumatique d'un organe urinaire et pelvien non précisé - "" Avec plaie pénétrante de la cavité abdominale """,true,false,true,false,false,1,interdit_dp_dr,OWL_ANS,emissible,1580
S38.0,XIX,XIX/S38.0.md,Écrasement des organes génitaux externes,true,false,true,false,false,0,codable,OWL_ANS,emissible,1398
S38.10,XIX,XIX/S38.10.md,Écrasement de la fesse,true,false,true,false,false,0,codable,OWL_ANS,emissible,1382
S38.18,XIX,XIX/S38.18.md,"Écrasement d’autres parties précisées de l’abdomen, des lombes et du bassin",true,false,true,false,false,0,codable,OWL_ANS,emissible,1435
S38.19,XIX,XIX/S38.19.md,"Écrasement de parties non précisées de l’abdomen, des lombes et du bassin",true,false,true,false,false,1,interdit_dp_dr,OWL_ANS,emissible,1435
S38.2,XIX,XIX/S38.2.md,Amputation traumatique des organes génitaux externes,true,false,true,false,true,0,codable,OWL_ANS,emissible,1563
S38.3,XIX,XIX/S38.3.md,"Amputation traumatique de parties autres et non précisées de l'abdomen, des lombes et du bassin",true,false,true,false,false,0,codable,OWL_ANS,emissible,1537
S39.0,XIX,XIX/S39.0.md,"Lésion traumatique de muscles et de tendons de l'abdomen, des lombes et du bassin",true,false,true,false,false,0,codable,OWL_ANS,emissible,1439
S39.6,XIX,XIX/S39.6.md,Lésion traumatique d'organe(s) intraabdominal(aux) avec organe(s) pelvien(s),true,false,true,false,false,0,codable,OWL_ANS,emissible,1434
S39.7,XIX,XIX/S39.7.md,"Autres lésions traumatiques multiples de l'abdomen, des lombes et du bassin",true,false,true,false,false,0,codable,OWL_ANS,emissible,1703
S39.8,XIX,XIX/S39.8.md,"Autres lésions traumatiques précisées de l'abdomen, des lombes et du bassin",true,false,true,false,false,0,codable,OWL_ANS,emissible,1745
S39.9,XIX,XIX/S39.9.md,"Lésion traumatique de l'abdomen, des lombes et du bassin, sans précision",true,false,true,false,false,1,interdit_dp_dr,OWL_ANS,emissible,1432
S40.0,XIX,XIX/S40.0.md,Contusion de l'épaule et du bras,true,false,true,false,true,0,codable,OWL_ANS,emissible,1377
S40.7,XIX,XIX/S40.7.md,Lésions traumatiques superficielles multiples de l'épaule et du bras,true,false,true,false,false,0,codable,OWL_ANS,emissible,1265
S40.8,XIX,XIX/S40.8.md,Autres lésions traumatiques superficielles de l'épaule et du bras,true,false,true,false,false,0,codable,OWL_ANS,emissible,1429
S40.9,XIX,XIX/S40.9.md,"Lésion traumatique superficielle de l'épaule et du bras, sans précision",true,false,true,false,false,0,codable,OWL_ANS,emissible,1268
S41.0,XIX,XIX/S41.0.md,Plaie ouverte de l'épaule,true,false,true,false,true,0,codable,OWL_ANS,emissible,1399
S41.1,XIX,XIX/S41.1.md,Plaie ouverte du bras,true,false,true,false,true,0,codable,OWL_ANS,emissible,1393
S41.7,XIX,XIX/S41.7.md,Plaies ouvertes multiples de l'épaule et du bras,true,false,true,false,false,0,codable,OWL_ANS,emissible,1367
S41.8,XIX,XIX/S41.8.md,Plaie ouverte de parties autres et non précisées de la ceinture scapulaire,true,false,true,false,true,0,codable,OWL_ANS,emissible,1624
S42.00,XIX,XIX/S42.00.md,"Fracture de la clavicule - "" Fracture fermée """,true,false,true,false,false,0,codable,OWL_ANS,emissible,1334
S42.01,XIX,XIX/S42.01.md,"Fracture de la clavicule - "" Fracture ouverte """,true,false,true,false,false,0,codable,OWL_ANS,emissible,1335
S42.10,XIX,XIX/S42.10.md,"Fracture de la omoplate - "" Fracture fermée """,true,false,true,false,false,0,codable,OWL_ANS,emissible,1360
S42.11,XIX,XIX/S42.11.md,"Fracture de la omoplate - "" Fracture ouverte """,true,false,true,false,false,0,codable,OWL_ANS,emissible,1361
S42.20,XIX,XIX/S42.20.md,"Fracture de l'extrémité supérieure de l'humérus - "" Fracture fermée """,true,false,true,false,false,0,codable,OWL_ANS,emissible,1380
S42.21,XIX,XIX/S42.21.md,"Fracture de l'extrémité supérieure de l'humérus - "" Fracture ouverte """,true,false,true,false,false,0,codable,OWL_ANS,emissible,1381
S42.30,XIX,XIX/S42.30.md,"Fracture de la diaphyse de l'humérus - "" Fracture fermée """,true,false,true,false,false,0,codable,OWL_ANS,emissible,1325
S42.31,XIX,XIX/S42.31.md,"Fracture de la diaphyse de l'humérus - "" Fracture ouverte """,true,false,true,false,false,0,codable,OWL_ANS,emissible,1326
S42.40,XIX,XIX/S42.40.md,"Fracture de l'extrémité inférieure de l'humérus - "" Fracture fermée """,true,false,true,false,false,0,codable,OWL_ANS,emissible,1535
S42.41,XIX,XIX/S42.41.md,"Fracture de l'extrémité inférieure de l'humérus - "" Fracture ouverte """,true,false,true,false,false,0,codable,OWL_ANS,emissible,1536
S42.70,XIX,XIX/S42.70.md,"Fractures multiples de la clavicule, de l’omoplate et de l'humérus - "" Fracture fermée """,true,false,true,false,false,0,codable,OWL_ANS,emissible,1287
S42.71,XIX,XIX/S42.71.md,"Fractures multiples de la clavicule, de l’omoplate et de l'humérus - "" Fracture ouverte """,true,false,true,false,false,0,codable,OWL_ANS,emissible,1288
S42.80,XIX,XIX/S42.80.md,"Fracture d'autres parties de l'épaule et du bras - "" Fracture fermée """,true,false,true,false,false,0,codable,OWL_ANS,emissible,1269
S42.81,XIX,XIX/S42.81.md,"Fracture d'autres parties de l'épaule et du bras - "" Fracture ouverte """,true,false,true,false,false,0,codable,OWL_ANS,emissible,1270
S42.90,XIX,XIX/S42.90.md,"Fracture de la ceinture scapulaire, partie non précisée - "" Fracture fermée """,true,false,true,false,false,0,codable,OWL_ANS,emissible,1348
S42.91,XIX,XIX/S42.91.md,"Fracture de la ceinture scapulaire, partie non précisée - "" Fracture ouverte """,true,false,true,false,false,0,codable,OWL_ANS,emissible,1349
S43.0,XIX,XIX/S43.0.md,Luxation de l'articulation de l'épaule,true,false,true,false,true,0,codable,OWL_ANS,emissible,1493
S43.1,XIX,XIX/S43.1.md,Luxation de l'articulation acromioclaviculaire,true,false,true,false,true,0,codable,OWL_ANS,emissible,1342
S43.2,XIX,XIX/S43.2.md,Luxation de l'articulation sternoclaviculaire,true,false,true,false,true,0,codable,OWL_ANS,emissible,1347
S43.3,XIX,XIX/S43.3.md,Luxation de parties autres et non précisées de la ceinture scapulaire,true,false,true,false,false,0,codable,OWL_ANS,emissible,1328
S43.4,XIX,XIX/S43.4.md,Entorse et foulure de l'articulation de l'épaule,true,false,true,false,true,0,codable,OWL_ANS,emissible,1456
S43.5,XIX,XIX/S43.5.md,Entorse et foulure de l'articulation acromioclaviculaire,true,false,true,false,true,0,codable,OWL_ANS,emissible,1377
S43.6,XIX,XIX/S43.6.md,Entorse et foulure de l'articulation sternoclaviculaire,true,false,true,false,true,0,codable,OWL_ANS,emissible,1322
S43.7,XIX,XIX/S43.7.md,Entorse et foulure de parties autres et non précisées de la ceinture scapulaire,true,false,true,false,true,0,codable,OWL_ANS,emissible,1474
S44.0,XIX,XIX/S44.0.md,Lésion traumatique du nerf cubital au niveau du bras,true,false,true,false,false,0,codable,OWL_ANS,emissible,1427
S44.1,XIX,XIX/S44.1.md,Lésion traumatique du nerf médian au niveau du bras,true,false,true,false,false,0,codable,OWL_ANS,emissible,1425
S44.2,XIX,XIX/S44.2.md,Lésion traumatique du nerf radial au niveau du bras,true,false,true,false,false,0,codable,OWL_ANS,emissible,1425
S44.3,XIX,XIX/S44.3.md,Lésion traumatique du nerf axillaire,true,false,true,false,false,0,codable,OWL_ANS,emissible,1347
S44.4,XIX,XIX/S44.4.md,Lésion traumatique du nerf musculocutané,true,false,true,false,false,0,codable,OWL_ANS,emissible,1351
S44.5,XIX,XIX/S44.5.md,Lésion traumatique d'un nerf cutané sensitif au niveau de l'épaule et du bras,true,false,true,false,false,0,codable,OWL_ANS,emissible,1388
S44.7,XIX,XIX/S44.7.md,Lésion traumatique de multiples nerfs au niveau de l'épaule et du bras,true,false,true,false,false,0,codable,OWL_ANS,emissible,1381
S44.8,XIX,XIX/S44.8.md,Lésion traumatique d'autres nerfs au niveau de l'épaule et du bras,true,false,true,false,false,0,codable,OWL_ANS,emissible,1886
S44.9,XIX,XIX/S44.9.md,"Lésion traumatique d'un nerf non précisé, au niveau de l'épaule et du bras",true,false,true,false,false,0,codable,OWL_ANS,emissible,1356
S45.0,XIX,XIX/S45.0.md,Lésion traumatique de l'artère axillaire,true,false,true,false,false,0,codable,OWL_ANS,emissible,1391
S45.1,XIX,XIX/S45.1.md,Lésion traumatique de l'artère brachiale,true,false,true,false,false,0,codable,OWL_ANS,emissible,1391
S45.2,XIX,XIX/S45.2.md,Lésion traumatique de la veine axillaire et brachiale,true,false,true,false,false,0,codable,OWL_ANS,emissible,1404
S45.3,XIX,XIX/S45.3.md,Lésion traumatique d'une veine superficielle au niveau de l'épaule et du bras,true,false,true,false,false,0,codable,OWL_ANS,emissible,1428
S45.7,XIX,XIX/S45.7.md,Lésion traumatique de multiples vaisseaux sanguins au niveau de l'épaule et du bras,true,false,true,false,false,0,codable,OWL_ANS,emissible,1434
S45.8,XIX,XIX/S45.8.md,Lésion traumatique d'autres vaisseaux sanguins au niveau de l'épaule et du bras,true,false,true,false,false,0,codable,OWL_ANS,emissible,1829
S45.9,XIX,XIX/S45.9.md,"Lésion traumatique d'un vaisseau sanguin non précisé, au niveau de l'épaule et du bras",true,false,true,false,false,0,codable,OWL_ANS,emissible,1408
S46.0,XIX,XIX/S46.0.md,Lésion traumatique de muscles et de tendons de la coiffe des rotateurs de l'épaule,true,false,true,false,false,0,codable,OWL_ANS,emissible,1432
S46.1,XIX,XIX/S46.1.md,Lésion traumatique du muscle et du tendon du long biceps,true,false,true,false,false,0,codable,OWL_ANS,emissible,1406
S46.2,XIX,XIX/S46.2.md,Lésion traumatique de muscles et de tendons d'autres parties du biceps,true,false,true,false,false,0,codable,OWL_ANS,emissible,1420
S46.3,XIX,XIX/S46.3.md,Lésion traumatique de muscles et de tendons du triceps,true,false,true,false,false,0,codable,OWL_ANS,emissible,1404
S46.7,XIX,XIX/S46.7.md,Lésion traumatique de multiples muscles et tendons au niveau de l'épaule et du bras,true,false,true,false,false,0,codable,OWL_ANS,emissible,1433
S46.8,XIX,XIX/S46.8.md,Lésion traumatique d'autres muscles et tendons au niveau de l'épaule et du bras,true,false,true,false,false,0,codable,OWL_ANS,emissible,1880
S46.9,XIX,XIX/S46.9.md,"Lésion traumatique de muscle et de tendon non précisés, au niveau de l'épaule et du bras",true,false,true,false,false,0,codable,OWL_ANS,emissible,1409
S47.+0,XIX,XIX/S47.+0.md,Écrasement de la région scapulaire,true,false,true,false,false,0,codable,OWL_ANS,emissible,1329
S47.+8,XIX,XIX/S47.+8.md,Écrasement de parties autres et non précisées de l’épaule et du bras,true,false,true,false,false,0,codable,OWL_ANS,emissible,1363
S48.0,XIX,XIX/S48.0.md,Amputation traumatique de l'articulation de l'épaule,true,false,true,false,false,0,codable,OWL_ANS,emissible,1426
S48.1,XIX,XIX/S48.1.md,Amputation traumatique entre l'épaule et le coude,true,false,true,false,false,0,codable,OWL_ANS,emissible,1423
S48.9,XIX,XIX/S48.9.md,"Amputation traumatique de l'épaule et du bras, niveau non précisé",true,false,true,false,false,0,codable,OWL_ANS,emissible,1410
S49.7,XIX,XIX/S49.7.md,Lésions traumatiques multiples de l'épaule et du bras,true,false,true,false,false,0,codable,OWL_ANS,emissible,1392
S49.8,XIX,XIX/S49.8.md,Autres lésions traumatiques précisées de l'épaule et du bras,true,false,true,false,false,0,codable,OWL_ANS,emissible,1364
S49.9,XIX,XIX/S49.9.md,"Lésion traumatique de l'épaule et du bras, sans précision",true,false,true,false,false,1,interdit_dp_dr,OWL_ANS,emissible,1256
S50.0,XIX,XIX/S50.0.md,Contusion du coude,false,false,true,false,true,0,codable,OWL_ANS,emissible,1206
S50.1,XIX,XIX/S50.1.md,Contusion de parties autres et non précisées de l'avant-bras,false,false,true,false,false,0,codable,OWL_ANS,emissible,1187
S50.7,XIX,XIX/S50.7.md,Lésions traumatiques superficielles multiples de l'avant-bras,false,false,true,false,false,0,codable,OWL_ANS,emissible,1188
S50.8,XIX,XIX/S50.8.md,Autres lésions traumatiques superficielles de l'avant-bras,false,false,true,false,false,0,codable,OWL_ANS,emissible,1404
S50.9,XIX,XIX/S50.9.md,"Lésion traumatique superficielle de l'avant-bras, sans précision",true,false,true,false,false,0,codable,OWL_ANS,emissible,1262
S51.0,XIX,XIX/S51.0.md,Plaie ouverte du coude,false,false,true,false,true,0,codable,OWL_ANS,emissible,1231
S51.7,XIX,XIX/S51.7.md,Plaies ouvertes multiples de l'avant-bras,false,false,true,false,false,0,codable,OWL_ANS,emissible,1196
S51.8,XIX,XIX/S51.8.md,Plaie ouverte d'autres parties de l'avant-bras,false,false,true,false,false,0,codable,OWL_ANS,emissible,1331
S51.9,XIX,XIX/S51.9.md,"Plaie ouverte de l'avant-bras, partie non précisée",false,false,true,false,true,0,codable,OWL_ANS,emissible,1235
S52.00,XIX,XIX/S52.00.md,"Fracture de l'extrémité supérieure du cubitus - "" Fracture fermée """,true,false,true,false,false,0,codable,OWL_ANS,emissible,1349
S52.01,XIX,XIX/S52.01.md,"Fracture de l'extrémité supérieure du cubitus - "" Fracture ouverte """,true,false,true,false,false,0,codable,OWL_ANS,emissible,1350
S52.10,XIX,XIX/S52.10.md,"Fracture de l'extrémité supérieure du radius - "" Fracture fermée """,true,false,true,false,false,0,codable,OWL_ANS,emissible,1288
S52.11,XIX,XIX/S52.11.md,"Fracture de l'extrémité supérieure du radius - "" Fracture ouverte """,true,false,true,false,false,0,codable,OWL_ANS,emissible,1289
S52.20,XIX,XIX/S52.20.md,"Fracture de la diaphyse du cubitus - "" Fracture fermée """,false,false,true,false,false,0,codable,OWL_ANS,emissible,1171
S52.21,XIX,XIX/S52.21.md,"Fracture de la diaphyse du cubitus - "" Fracture ouverte """,false,false,true,false,false,0,codable,OWL_ANS,emissible,1172
S52.30,XIX,XIX/S52.30.md,"Fracture de la diaphyse du radius - "" Fracture fermée """,false,false,true,false,false,0,codable,OWL_ANS,emissible,1170
S52.31,XIX,XIX/S52.31.md,"Fracture de la diaphyse du radius - "" Fracture ouverte """,false,false,true,false,false,0,codable,OWL_ANS,emissible,1171
S52.40,XIX,XIX/S52.40.md,"Fracture des deux diaphyses, cubitale et radiale - "" Fracture fermée """,false,false,true,false,false,0,codable,OWL_ANS,emissible,1185
S52.41,XIX,XIX/S52.41.md,"Fracture des deux diaphyses, cubitale et radiale - "" Fracture ouverte """,false,false,true,false,false,0,codable,OWL_ANS,emissible,1186
S52.50,XIX,XIX/S52.50.md,"Fracture de l'extrémité inférieure du radius - "" Fracture fermée """,true,false,true,false,false,0,codable,OWL_ANS,emissible,1300
S52.51,XIX,XIX/S52.51.md,"Fracture de l'extrémité inférieure du radius - "" Fracture ouverte """,true,false,true,false,false,0,codable,OWL_ANS,emissible,1301
S52.60,XIX,XIX/S52.60.md,"Fracture de l'extrémité inférieure du cubitus et du radius - "" Fracture fermée """,false,false,true,false,false,0,codable,OWL_ANS,emissible,1195
S52.61,XIX,XIX/S52.61.md,"Fracture de l'extrémité inférieure du cubitus et du radius - "" Fracture ouverte """,false,false,true,false,false,0,codable,OWL_ANS,emissible,1196
S52.70,XIX,XIX/S52.70.md,"Fractures multiples de l'avant-bras - "" Fracture fermée """,false,false,true,false,false,0,codable,OWL_ANS,emissible,1261
S52.71,XIX,XIX/S52.71.md,"Fractures multiples de l'avant-bras - "" Fracture ouverte """,false,false,true,false,false,0,codable,OWL_ANS,emissible,1262
S52.80,XIX,XIX/S52.80.md,"Fracture d'autres parties de l'avant-bras - "" Fracture fermée """,true,false,true,false,false,0,codable,OWL_ANS,emissible,1304
S52.81,XIX,XIX/S52.81.md,"Fracture d'autres parties de l'avant-bras - "" Fracture ouverte """,true,false,true,false,false,0,codable,OWL_ANS,emissible,1305
S52.90,XIX,XIX/S52.90.md,"Fracture de l'avant-bras, partie non précisée - "" Fracture fermée """,false,false,true,false,false,0,codable,OWL_ANS,emissible,1182
S52.91,XIX,XIX/S52.91.md,"Fracture de l'avant-bras, partie non précisée - "" Fracture ouverte """,false,false,true,false,false,0,codable,OWL_ANS,emissible,1183
S53.0,XIX,XIX/S53.0.md,Luxation de la tête radiale,true,false,true,false,true,0,codable,OWL_ANS,emissible,1246
S53.1,XIX,XIX/S53.1.md,"Luxation du coude, sans précision",true,false,true,false,true,0,codable,OWL_ANS,emissible,1277
S53.2,XIX,XIX/S53.2.md,Rupture traumatique du ligament latéral externe du coude,false,false,true,false,false,0,codable,OWL_ANS,emissible,1049
S53.3,XIX,XIX/S53.3.md,Rupture traumatique du ligament latéral interne du coude,false,false,true,false,false,0,codable,OWL_ANS,emissible,1049
S53.4,XIX,XIX/S53.4.md,Entorse et foulure du coude,false,false,true,false,true,0,codable,OWL_ANS,emissible,1119
S54.0,XIX,XIX/S54.0.md,Lésion traumatique du nerf cubital au niveau de l'avant-bras,true,false,true,false,false,0,codable,OWL_ANS,emissible,1263
S54.1,XIX,XIX/S54.1.md,Lésion traumatique du nerf médian au niveau de l'avant-bras,true,false,true,false,false,0,codable,OWL_ANS,emissible,1261
S54.2,XIX,XIX/S54.2.md,Lésion traumatique du nerf radial au niveau de l'avant-bras,true,false,true,false,false,0,codable,OWL_ANS,emissible,1261
S54.3,XIX,XIX/S54.3.md,Lésion traumatique d'un nerf sensitif cutané au niveau de l'avant-bras,false,false,true,false,false,0,codable,OWL_ANS,emissible,1202
S54.7,XIX,XIX/S54.7.md,Lésion traumatique de multiples nerfs au niveau de l'avant-bras,false,false,true,false,false,0,codable,OWL_ANS,emissible,1195
S54.8,XIX,XIX/S54.8.md,Lésion traumatique d'autres nerfs au niveau de l'avant-bras,false,false,true,false,false,0,codable,OWL_ANS,emissible,1608
S54.9,XIX,XIX/S54.9.md,"Lésion traumatique d'un nerf non précisé, au niveau de l'avant-bras",false,false,true,false,false,0,codable,OWL_ANS,emissible,1170
S55.0,XIX,XIX/S55.0.md,Lésion traumatique de l'artère cubitale au niveau de l'avant-bras,false,false,true,false,false,0,codable,OWL_ANS,emissible,1243
S55.1,XIX,XIX/S55.1.md,Lésion traumatique de l'artère radiale au niveau de l'avant-bras,false,false,true,false,false,0,codable,OWL_ANS,emissible,1242
S55.2,XIX,XIX/S55.2.md,Lésion traumatique d'une veine au niveau de l'avant-bras,false,false,true,false,false,0,codable,OWL_ANS,emissible,1234
S55.7,XIX,XIX/S55.7.md,Lésion traumatique de multiples vaisseaux sanguins au niveau de l'avant-bras,false,false,true,false,false,0,codable,OWL_ANS,emissible,1254
S55.8,XIX,XIX/S55.8.md,Lésion traumatique d'autres vaisseaux sanguins au niveau de l'avant-bras,false,false,true,false,false,0,codable,OWL_ANS,emissible,1604
S55.9,XIX,XIX/S55.9.md,"Lésion traumatique d'un vaisseau sanguin non précisé, au niveau de l'avant-bras",false,false,true,false,false,0,codable,OWL_ANS,emissible,1228
S56.0,XIX,XIX/S56.0.md,Lésion traumatique du muscle et du tendon fléchisseurs du pouce au niveau de l'avant-bras,false,false,true,false,false,0,codable,OWL_ANS,emissible,1237
S56.1,XIX,XIX/S56.1.md,Lésion traumatique de muscles et de tendons fléchisseurs d'autre(s) doigt(s) au niveau de l'avant-bras,false,false,true,false,false,0,codable,OWL_ANS,emissible,1250
S56.2,XIX,XIX/S56.2.md,Lésion traumatique d'un autre muscle et d'un autre tendon fléchisseurs au niveau de l'avant-bras,false,false,true,false,false,0,codable,OWL_ANS,emissible,1244
S56.3,XIX,XIX/S56.3.md,Lésion traumatique de muscles et de tendons extenseurs et abducteurs du pouce au niveau de l'avant-bras,false,false,true,false,false,0,codable,OWL_ANS,emissible,1251
S56.4,XIX,XIX/S56.4.md,Lésion traumatique de muscles et de tendons extenseurs d'autre(s) doigt(s) au niveau de l'avant-bras,false,false,true,false,false,0,codable,OWL_ANS,emissible,1248
S56.5,XIX,XIX/S56.5.md,Lésion traumatique d'un autre muscle et d'un autre tendon extenseurs au niveau de l'avant-bras,false,false,true,false,false,0,codable,OWL_ANS,emissible,1242
S56.7,XIX,XIX/S56.7.md,Lésion traumatique de multiples muscles et tendons au niveau de l'avant-bras,false,false,true,false,false,0,codable,OWL_ANS,emissible,1224
S56.8,XIX,XIX/S56.8.md,"Lésion traumatique de muscles et de tendons autres et non précisés, au niveau de l'avant-bras",false,false,true,false,false,0,codable,OWL_ANS,emissible,2033
S57.0,XIX,XIX/S57.0.md,Écrasement du coude,false,false,true,false,false,0,codable,OWL_ANS,emissible,1124
S57.8,XIX,XIX/S57.8.md,Écrasement d'autres parties de l'avant-bras,false,false,true,false,false,0,codable,OWL_ANS,emissible,1221
S57.9,XIX,XIX/S57.9.md,"Écrasement de l'avant-bras, partie non précisée",false,false,true,false,false,0,codable,OWL_ANS,emissible,1123
S58.0,XIX,XIX/S58.0.md,Amputation traumatique au niveau du coude,false,false,true,false,false,0,codable,OWL_ANS,emissible,1158
S58.1,XIX,XIX/S58.1.md,Amputation traumatique entre le coude et le poignet,false,false,true,false,false,0,codable,OWL_ANS,emissible,1168
S58.9,XIX,XIX/S58.9.md,"Amputation traumatique de l'avant-bras, niveau non précisé",false,false,true,false,false,0,codable,OWL_ANS,emissible,1146
S59.7,XIX,XIX/S59.7.md,Lésions traumatiques multiples de l'avant-bras,true,false,true,false,false,0,codable,OWL_ANS,emissible,1362
S59.8,XIX,XIX/S59.8.md,Autres lésions traumatiques précisées de l'avant-bras,false,false,true,false,false,0,codable,OWL_ANS,emissible,1294
S59.9,XIX,XIX/S59.9.md,"Lésion traumatique de l'avant-bras, sans précision",false,false,true,false,false,1,interdit_dp_dr,OWL_ANS,emissible,1164
S60.0,XIX,XIX/S60.0.md,Contusion de(s) doigt(s) sans lésion de l'ongle,true,false,true,false,true,0,codable,OWL_ANS,emissible,1232
S60.1,XIX,XIX/S60.1.md,Contusion de(s) doigt(s) avec lésion de l'ongle,false,false,true,false,false,0,codable,OWL_ANS,emissible,998
S60.2,XIX,XIX/S60.2.md,Contusion d'autres parties du poignet et de la main,false,false,true,false,true,0,codable,OWL_ANS,emissible,1088
S60.7,XIX,XIX/S60.7.md,Lésions traumatiques superficielles multiples du poignet et de la main,false,false,true,false,false,0,codable,OWL_ANS,emissible,1021
S60.8,XIX,XIX/S60.8.md,Autres lésions traumatiques superficielles du poignet et de la main,false,false,true,false,false,0,codable,OWL_ANS,emissible,1326
S60.9,XIX,XIX/S60.9.md,"Lésion traumatique superficielle du poignet et de la main, sans précision",false,false,true,false,false,0,codable,OWL_ANS,emissible,1024
S61.0,XIX,XIX/S61.0.md,Plaie ouverte de(s) doigt(s) sans lésion de l'ongle,true,false,true,false,true,0,codable,OWL_ANS,emissible,1375
S61.1,XIX,XIX/S61.1.md,Plaie ouverte de(s) doigt(s) avec lésion de l'ongle,false,false,true,false,false,0,codable,OWL_ANS,emissible,1126
S61.7,XIX,XIX/S61.7.md,Plaies ouvertes multiples du poignet et de la main,false,false,true,false,false,0,codable,OWL_ANS,emissible,1125
S61.8,XIX,XIX/S61.8.md,Plaie ouverte d'autres parties du poignet et de la main,false,false,true,false,true,0,codable,OWL_ANS,emissible,1416
S61.9,XIX,XIX/S61.9.md,"Plaie ouverte du poignet et de la main, partie non précisée",false,false,true,false,true,0,codable,OWL_ANS,emissible,1174
S62.00,XIX,XIX/S62.00.md,"Fracture de l'os scaphoïde de la main - "" Fracture fermée """,false,false,true,false,false,0,codable,OWL_ANS,emissible,1148
S62.01,XIX,XIX/S62.01.md,"Fracture de l'os scaphoïde de la main - "" Fracture ouverte """,false,false,true,false,false,0,codable,OWL_ANS,emissible,1149
S62.10,XIX,XIX/S62.10.md,"Fracture d'autre(s) os du carpe - "" Fracture fermée """,true,false,true,false,false,0,codable,OWL_ANS,emissible,1290
S62.11,XIX,XIX/S62.11.md,"Fracture d'autre(s) os du carpe - "" Fracture ouverte """,true,false,true,false,false,0,codable,OWL_ANS,emissible,1291
S62.20,XIX,XIX/S62.20.md,"Fracture du premier métacarpien - "" Fracture fermée """,true,false,true,false,false,0,codable,OWL_ANS,emissible,1240
S62.21,XIX,XIX/S62.21.md,"Fracture du premier métacarpien - "" Fracture ouverte """,true,false,true,false,false,0,codable,OWL_ANS,emissible,1241
S62.30,XIX,XIX/S62.30.md,"Fracture d'un autre os du métacarpe - "" Fracture fermée """,false,false,true,false,false,0,codable,OWL_ANS,emissible,1146
S62.31,XIX,XIX/S62.31.md,"Fracture d'un autre os du métacarpe - "" Fracture ouverte """,false,false,true,false,false,0,codable,OWL_ANS,emissible,1147
S62.40,XIX,XIX/S62.40.md,"Fractures multiples des métacarpiens - "" Fracture fermée """,false,false,true,false,false,0,codable,OWL_ANS,emissible,1147
S62.41,XIX,XIX/S62.41.md,"Fractures multiples des métacarpiens - "" Fracture ouverte """,false,false,true,false,false,0,codable,OWL_ANS,emissible,1148
S62.50,XIX,XIX/S62.50.md,"Fracture du pouce - "" Fracture fermée """,false,false,true,false,false,0,codable,OWL_ANS,emissible,1128
S62.51,XIX,XIX/S62.51.md,"Fracture du pouce - "" Fracture ouverte """,false,false,true,false,false,0,codable,OWL_ANS,emissible,1129
S62.60,XIX,XIX/S62.60.md,"Fracture d'un autre doigt - "" Fracture fermée """,false,false,true,false,false,0,codable,OWL_ANS,emissible,1136
S62.61,XIX,XIX/S62.61.md,"Fracture d'un autre doigt - "" Fracture ouverte """,false,false,true,false,false,0,codable,OWL_ANS,emissible,1137
S62.70,XIX,XIX/S62.70.md,"Fractures multiples de doigts - "" Fracture fermée """,false,false,true,false,false,0,codable,OWL_ANS,emissible,1140
S62.71,XIX,XIX/S62.71.md,"Fractures multiples de doigts - "" Fracture ouverte """,false,false,true,false,false,0,codable,OWL_ANS,emissible,1141
S62.80,XIX,XIX/S62.80.md,"Fracture de parties autres et non précisées du poignet et de la main - "" Fracture fermée """,false,false,true,false,false,0,codable,OWL_ANS,emissible,1179
S62.81,XIX,XIX/S62.81.md,"Fracture de parties autres et non précisées du poignet et de la main - "" Fracture ouverte """,false,false,true,false,false,0,codable,OWL_ANS,emissible,1180
S63.0,XIX,XIX/S63.0.md,Luxation du poignet,true,false,true,false,true,0,codable,OWL_ANS,emissible,1466
S63.1,XIX,XIX/S63.1.md,Luxation du doigt,true,false,true,false,true,0,codable,OWL_ANS,emissible,1249
S63.2,XIX,XIX/S63.2.md,Luxations multiples des doigts,false,false,true,false,false,0,codable,OWL_ANS,emissible,981
S63.3,XIX,XIX/S63.3.md,Rupture traumatique de ligament du poignet et du carpe,true,false,true,false,false,0,codable,OWL_ANS,emissible,1138
S63.4,XIX,XIX/S63.4.md,Rupture traumatique de ligaments du doigt au niveau des articulations métacarpophalangienne et interphalangienne,true,false,true,false,false,0,codable,OWL_ANS,emissible,1136
S63.5,XIX,XIX/S63.5.md,Entorse et foulure du poignet,true,false,true,false,true,0,codable,OWL_ANS,emissible,1232
S63.6,XIX,XIX/S63.6.md,Entorse et foulure de doigt(s),true,false,true,false,true,0,codable,OWL_ANS,emissible,1241
S63.7,XIX,XIX/S63.7.md,Entorse et foulure d'articulations autres et non précisées de la main,false,false,true,false,true,0,codable,OWL_ANS,emissible,1166
S64.0,XIX,XIX/S64.0.md,Lésion traumatique du nerf cubital au niveau du poignet et de la main,false,false,true,false,false,0,codable,OWL_ANS,emissible,1020
S64.1,XIX,XIX/S64.1.md,Lésion traumatique du nerf médian au niveau du poignet et de la main,false,false,true,false,false,0,codable,OWL_ANS,emissible,1019
S64.2,XIX,XIX/S64.2.md,Lésion traumatique du nerf radial au niveau du poignet et de la main,false,false,true,false,false,0,codable,OWL_ANS,emissible,1019
S64.3,XIX,XIX/S64.3.md,Lésion traumatique du nerf collatéral du pouce,false,false,true,false,false,0,codable,OWL_ANS,emissible,997
S64.4,XIX,XIX/S64.4.md,Lésion traumatique du nerf collatéral d'un autre doigt,false,false,true,false,false,0,codable,OWL_ANS,emissible,1005
S64.7,XIX,XIX/S64.7.md,Lésion traumatique de multiples nerfs au niveau du poignet et de la main,false,false,true,false,false,0,codable,OWL_ANS,emissible,1023
S64.8,XIX,XIX/S64.8.md,Lésion traumatique d'autres nerfs au niveau du poignet et de la main,false,false,true,false,false,0,codable,OWL_ANS,emissible,1515
S64.9,XIX,XIX/S64.9.md,"Lésion traumatique d'un nerf non précisé, au niveau du poignet et de la main",false,false,true,false,false,0,codable,OWL_ANS,emissible,1027
S65.0,XIX,XIX/S65.0.md,Lésion traumatique de l'artère cubitale au niveau du poignet et de la main,false,false,true,false,false,0,codable,OWL_ANS,emissible,1025
S65.1,XIX,XIX/S65.1.md,Lésion traumatique de l'artère radiale au niveau du poignet et de la main,false,false,true,false,false,0,codable,OWL_ANS,emissible,1024
S65.2,XIX,XIX/S65.2.md,Lésion traumatique de l'arc palmaire superficiel,false,false,true,false,false,0,codable,OWL_ANS,emissible,999
S65.3,XIX,XIX/S65.3.md,Lésion traumatique de l'arc palmaire profond,false,false,true,false,false,0,codable,OWL_ANS,emissible,995
S65.4,XIX,XIX/S65.4.md,Lésion traumatique de vaisseau(x) sanguin(s) du pouce,false,false,true,false,false,0,codable,OWL_ANS,emissible,1004
S65.5,XIX,XIX/S65.5.md,Lésion traumatique de vaisseau(x) sanguin(s) d'un autre doigt,false,false,true,false,false,0,codable,OWL_ANS,emissible,1012
S65.7,XIX,XIX/S65.7.md,Lésion traumatique de multiples vaisseaux sanguins au niveau du poignet et de la main,false,false,true,false,false,0,codable,OWL_ANS,emissible,1036
S65.8,XIX,XIX/S65.8.md,Lésion traumatique d'autres vaisseaux sanguins au niveau du poignet et de la main,false,false,true,false,false,0,codable,OWL_ANS,emissible,1602
S65.9,XIX,XIX/S65.9.md,"Lésion traumatique d'un vaisseau sanguin non précisé, au niveau du poignet et de la main",false,false,true,false,false,0,codable,OWL_ANS,emissible,1039
S66.0,XIX,XIX/S66.0.md,Lésion traumatique du muscle et du tendon longs fléchisseurs du pouce au niveau du poignet et de la main,false,false,true,true,false,0,codable,OWL_ANS,emissible,1773
S66.1,XIX,XIX/S66.1.md,Lésion traumatique du muscle et du tendon fléchisseurs d'un autre doigt au niveau du poignet et de la main,false,false,true,true,false,0,codable,OWL_ANS,emissible,1775
S66.2,XIX,XIX/S66.2.md,Lésion traumatique du muscle et du tendon extenseurs du pouce au niveau du poignet et de la main,false,false,true,true,false,0,codable,OWL_ANS,emissible,1765
S66.3,XIX,XIX/S66.3.md,Lésion traumatique du muscle et du tendon extenseurs d'un autre doigt au niveau du poignet et de la main,false,false,true,true,false,0,codable,OWL_ANS,emissible,1773
S66.4,XIX,XIX/S66.4.md,Lésion traumatique de muscles et de tendons intrinsèques du pouce au niveau du poignet et de la main,false,false,true,true,false,0,codable,OWL_ANS,emissible,1769
S66.5,XIX,XIX/S66.5.md,Lésion traumatique de muscles et de tendons intrinsèques d'un autre doigt au niveau du poignet et de la main,false,false,true,true,false,0,codable,OWL_ANS,emissible,1777
S66.6,XIX,XIX/S66.6.md,Lésion traumatique de multiples muscles et tendons fléchisseurs au niveau du poignet et de la main,false,false,true,true,false,0,codable,OWL_ANS,emissible,1767
S66.7,XIX,XIX/S66.7.md,Lésion traumatique de multiples muscles et tendons extenseurs au niveau du poignet et de la main,false,false,true,true,false,0,codable,OWL_ANS,emissible,1765
S66.8,XIX,XIX/S66.8.md,Lésion traumatique d'autres muscles et tendons au niveau du poignet et de la main,false,false,true,true,false,0,codable,OWL_ANS,emissible,2707
S66.9,XIX,XIX/S66.9.md,"Lésion traumatique d'un muscle et d'un tendon non précisés, au niveau du poignet et de la main",false,false,true,true,false,0,codable,OWL_ANS,emissible,1763
S67.0,XIX,XIX/S67.0.md,Écrasement du pouce et d'autre(s) doigt(s),false,false,true,false,false,0,codable,OWL_ANS,emissible,993
S67.8,XIX,XIX/S67.8.md,Écrasement de parties autres et non précisées du poignet et de la main,false,false,true,false,false,0,codable,OWL_ANS,emissible,1117
S68.0,XIX,XIX/S68.0.md,Amputation traumatique (complète) (partielle) du pouce,false,false,true,false,false,0,codable,OWL_ANS,emissible,1005
S68.1,XIX,XIX/S68.1.md,Amputation traumatique (complète) (partielle) d'un autre doigt,false,false,true,false,false,0,codable,OWL_ANS,emissible,1013
S68.2,XIX,XIX/S68.2.md,Amputation traumatique (complète) (partielle) de deux doigts ou plus,false,false,true,false,false,0,codable,OWL_ANS,emissible,1019
S68.3,XIX,XIX/S68.3.md,Amputation traumatique associée de (parties de) doigt(s) et d'autres parties du poignet et de la main,false,false,true,false,false,0,codable,OWL_ANS,emissible,1052
S68.4,XIX,XIX/S68.4.md,Amputation traumatique de la main au niveau du poignet,false,false,true,false,false,0,codable,OWL_ANS,emissible,1005
S68.8,XIX,XIX/S68.8.md,Amputation traumatique d'autres parties du poignet et de la main,false,false,true,false,false,0,codable,OWL_ANS,emissible,1460
S68.9,XIX,XIX/S68.9.md,"Amputation traumatique du poignet et de la main, niveau non précisé",false,false,true,false,false,0,codable,OWL_ANS,emissible,1018
S69.7,XIX,XIX/S69.7.md,Lésions traumatiques multiples du poignet et de la main,true,false,true,false,false,0,codable,OWL_ANS,emissible,1181
S69.8,XIX,XIX/S69.8.md,Autres lésions traumatiques précisées du poignet et de la main,false,false,true,false,false,0,codable,OWL_ANS,emissible,1122
S69.9,XIX,XIX/S69.9.md,"Lésion traumatique du poignet et de la main, sans précision",false,false,true,false,false,1,interdit_dp_dr,OWL_ANS,emissible,1012
S70.0,XIX,XIX/S70.0.md,Contusion de la hanche,false,false,true,false,true,0,codable,OWL_ANS,emissible,1046
S70.1,XIX,XIX/S70.1.md,Contusion de la cuisse,false,false,true,false,true,0,codable,OWL_ANS,emissible,1069
S70.7,XIX,XIX/S70.7.md,Lésions traumatiques superficielles multiples de la hanche et de la cuisse,false,false,true,false,false,0,codable,OWL_ANS,emissible,1033
S70.8,XIX,XIX/S70.8.md,Autres lésions traumatiques superficielles de la hanche et de la cuisse,false,false,true,false,false,0,codable,OWL_ANS,emissible,1228
S70.9,XIX,XIX/S70.9.md,"Lésion traumatique superficielle de la hanche et de la cuisse, sans précision",false,false,true,false,false,0,codable,OWL_ANS,emissible,1036
S71.0,XIX,XIX/S71.0.md,Plaie ouverte de la hanche,false,false,true,false,true,0,codable,OWL_ANS,emissible,1168
S71.1,XIX,XIX/S71.1.md,Plaie ouverte de la cuisse,false,false,true,false,true,0,codable,OWL_ANS,emissible,1168
S71.7,XIX,XIX/S71.7.md,Plaies ouvertes multiples de la hanche et de la cuisse,false,false,true,false,false,0,codable,OWL_ANS,emissible,1141
S71.8,XIX,XIX/S71.8.md,Plaie ouverte de parties autres et non précisées de la ceinture pelvienne,false,false,true,false,false,0,codable,OWL_ANS,emissible,1346
S72.00,XIX,XIX/S72.00.md,"Fracture du col du fémur - "" Fracture fermée """,true,false,true,false,false,0,codable,OWL_ANS,emissible,1111
S72.01,XIX,XIX/S72.01.md,"Fracture du col du fémur - "" Fracture ouverte """,true,false,true,false,false,0,codable,OWL_ANS,emissible,1112
S72.10,XIX,XIX/S72.10.md,"Fracture du trochanter - "" Fracture fermée """,true,false,true,false,false,0,codable,OWL_ANS,emissible,1137
S72.11,XIX,XIX/S72.11.md,"Fracture du trochanter - "" Fracture ouverte """,true,false,true,false,false,0,codable,OWL_ANS,emissible,1138
S72.20,XIX,XIX/S72.20.md,"Fracture soustrochantérienne - "" Fracture fermée """,false,false,true,false,false,0,codable,OWL_ANS,emissible,1011
S72.21,XIX,XIX/S72.21.md,"Fracture soustrochantérienne - "" Fracture ouverte """,false,false,true,false,false,0,codable,OWL_ANS,emissible,1012
S72.30,XIX,XIX/S72.30.md,"Fracture de la diaphyse fémorale - "" Fracture fermée """,false,false,true,false,false,0,codable,OWL_ANS,emissible,1015
S72.31,XIX,XIX/S72.31.md,"Fracture de la diaphyse fémorale - "" Fracture ouverte """,false,false,true,false,false,0,codable,OWL_ANS,emissible,1016
S72.40,XIX,XIX/S72.40.md,"Fracture de l'extrémité inférieure du fémur - "" Fracture fermée """,false,false,true,false,false,0,codable,OWL_ANS,emissible,1026
S72.41,XIX,XIX/S72.41.md,"Fracture de l'extrémité inférieure du fémur - "" Fracture ouverte """,false,false,true,false,false,0,codable,OWL_ANS,emissible,1027
S72.70,XIX,XIX/S72.70.md,"Fractures multiples du fémur - "" Fracture fermée """,false,false,true,false,false,0,codable,OWL_ANS,emissible,1011
S72.71,XIX,XIX/S72.71.md,"Fractures multiples du fémur - "" Fracture ouverte """,false,false,true,false,false,0,codable,OWL_ANS,emissible,1012
S72.80,XIX,XIX/S72.80.md,"Fracture d'autres parties du fémur - "" Fracture fermée """,false,false,true,false,false,0,codable,OWL_ANS,emissible,1017
S72.81,XIX,XIX/S72.81.md,"Fracture d'autres parties du fémur - "" Fracture ouverte """,false,false,true,false,false,0,codable,OWL_ANS,emissible,1018
S72.90,XIX,XIX/S72.90.md,"Fracture du fémur, partie non précisée - "" Fracture fermée """,false,false,true,false,false,0,codable,OWL_ANS,emissible,1021
S72.91,XIX,XIX/S72.91.md,"Fracture du fémur, partie non précisée - "" Fracture ouverte """,false,false,true,false,false,0,codable,OWL_ANS,emissible,1022
S73.0,XIX,XIX/S73.0.md,Luxation de la hanche,false,false,true,false,true,0,codable,OWL_ANS,emissible,1093
S73.1,XIX,XIX/S73.1.md,Entorse et foulure de la hanche,false,false,true,false,true,0,codable,OWL_ANS,emissible,1164
S74.0,XIX,XIX/S74.0.md,Lésion traumatique du nerf sciatique au niveau de la hanche et de la cuisse,false,false,true,false,false,0,codable,OWL_ANS,emissible,1034
S74.1,XIX,XIX/S74.1.md,Lésion traumatique du nerf fémoral au niveau de la hanche et de la cuisse,false,false,true,false,false,0,codable,OWL_ANS,emissible,1032
S74.2,XIX,XIX/S74.2.md,Lésion traumatique d'un nerf cutané sensitif au niveau de la hanche et de la cuisse,false,false,true,false,false,0,codable,OWL_ANS,emissible,1042
S74.7,XIX,XIX/S74.7.md,Lésion traumatique de multiples nerfs au niveau de la hanche et de la cuisse,false,false,true,false,false,0,codable,OWL_ANS,emissible,1035
S74.8,XIX,XIX/S74.8.md,Lésion traumatique d'autres nerfs au niveau de la hanche et de la cuisse,false,false,true,false,false,0,codable,OWL_ANS,emissible,1431
S74.9,XIX,XIX/S74.9.md,"Lésion traumatique d'un nerf non précisé, au niveau de la hanche et de la cuisse",false,false,true,false,false,0,codable,OWL_ANS,emissible,1039
S75.0,XIX,XIX/S75.0.md,Lésion traumatique de l'artère fémorale,false,false,true,false,false,0,codable,OWL_ANS,emissible,1090
S75.1,XIX,XIX/S75.1.md,Lésion traumatique de la veine fémorale au niveau de la hanche et de la cuisse,false,false,true,false,false,0,codable,OWL_ANS,emissible,1129
S75.2,XIX,XIX/S75.2.md,Lésion traumatique de la veine saphène interne au niveau de la hanche et de la cuisse,false,false,true,false,false,0,codable,OWL_ANS,emissible,1209
S75.7,XIX,XIX/S75.7.md,Lésion traumatique de multiples vaisseaux sanguins au niveau de la hanche et de la cuisse,false,false,true,false,false,0,codable,OWL_ANS,emissible,1140
S75.8,XIX,XIX/S75.8.md,Lésion traumatique d'autres vaisseaux sanguins au niveau de la hanche et de la cuisse,false,false,true,false,false,0,codable,OWL_ANS,emissible,1520
S75.9,XIX,XIX/S75.9.md,"Lésion traumatique d'un vaisseau sanguin non précisé, au niveau de la hanche et de la cuisse",false,false,true,false,false,0,codable,OWL_ANS,emissible,1114
S76.0,XIX,XIX/S76.0.md,Lésion traumatique de muscles et de tendons de la hanche,false,false,true,false,false,0,codable,OWL_ANS,emissible,1015
S76.1,XIX,XIX/S76.1.md,Lésion traumatique de muscles et de tendons du quadriceps,true,false,true,false,false,0,codable,OWL_ANS,emissible,1088
S76.2,XIX,XIX/S76.2.md,Lésion traumatique de muscles et de tendons adducteurs de la cuisse,false,false,true,false,false,0,codable,OWL_ANS,emissible,1026
S76.3,XIX,XIX/S76.3.md,Lésion traumatique de muscles et de tendons postérieurs au niveau de la cuisse,false,false,true,false,false,0,codable,OWL_ANS,emissible,1037
S76.4,XIX,XIX/S76.4.md,"Lésion traumatique de muscles et de tendons autres et non précisés, au niveau de la cuisse",false,false,true,false,false,0,codable,OWL_ANS,emissible,1049
S76.7,XIX,XIX/S76.7.md,Lésion traumatique de multiples muscles et tendons au niveau de la hanche et de la cuisse,false,false,true,false,false,0,codable,OWL_ANS,emissible,1048
S77.0,XIX,XIX/S77.0.md,Écrasement de la hanche,false,false,true,false,false,0,codable,OWL_ANS,emissible,982
S77.1,XIX,XIX/S77.1.md,Écrasement de la cuisse,false,false,true,false,false,0,codable,OWL_ANS,emissible,982
S77.2,XIX,XIX/S77.2.md,Écrasement de la hanche et de la cuisse,false,false,true,false,false,0,codable,OWL_ANS,emissible,998
S78.0,XIX,XIX/S78.0.md,Amputation traumatique de l'articulation de la hanche,false,false,true,false,false,0,codable,OWL_ANS,emissible,1151
S78.1,XIX,XIX/S78.1.md,Amputation traumatique entre la hanche et le genou,false,false,true,false,false,0,codable,OWL_ANS,emissible,1148
S78.9,XIX,XIX/S78.9.md,"Amputation traumatique de la hanche et de la cuisse, niveau non précisé",false,false,true,false,false,0,codable,OWL_ANS,emissible,1140
S79.7,XIX,XIX/S79.7.md,Lésions traumatiques multiples de la hanche et de la cuisse,true,false,true,false,false,0,codable,OWL_ANS,emissible,1193
S79.8,XIX,XIX/S79.8.md,Autres lésions traumatiques précisées de la hanche et de la cuisse,false,false,true,false,false,0,codable,OWL_ANS,emissible,1138
S79.9,XIX,XIX/S79.9.md,"Lésion traumatique de la hanche et de la cuisse, sans précision",false,false,true,false,false,1,interdit_dp_dr,OWL_ANS,emissible,1024
S80.0,XIX,XIX/S80.0.md,Contusion du genou,true,false,true,false,true,0,codable,OWL_ANS,emissible,1362
S80.1,XIX,XIX/S80.1.md,Contusion de parties autres et non précisées de la jambe,true,false,true,false,false,0,codable,OWL_ANS,emissible,1339
S80.7,XIX,XIX/S80.7.md,Lésions traumatiques superficielles multiples de la jambe,true,false,true,false,false,0,codable,OWL_ANS,emissible,1340
S80.8,XIX,XIX/S80.8.md,Autres lésions traumatiques superficielles de la jambe,true,false,true,false,false,0,codable,OWL_ANS,emissible,1548
S80.9,XIX,XIX/S80.9.md,"Lésion traumatique superficielle de la jambe, sans précision",true,false,true,false,false,0,codable,OWL_ANS,emissible,1314
S81.0,XIX,XIX/S81.0.md,Plaie ouverte du genou,true,false,true,false,true,0,codable,OWL_ANS,emissible,1383
S81.7,XIX,XIX/S81.7.md,Plaies ouvertes multiples de la jambe,true,false,true,false,false,0,codable,OWL_ANS,emissible,1344
S81.8,XIX,XIX/S81.8.md,Plaie ouverte d'autres parties de la jambe,true,false,true,false,true,0,codable,OWL_ANS,emissible,1530
S81.9,XIX,XIX/S81.9.md,"Plaie ouverte de la jambe, partie non précisée",true,false,true,false,true,0,codable,OWL_ANS,emissible,1378
S82.00,XIX,XIX/S82.00.md,"Fracture de la rotule - "" Fracture fermée """,true,false,true,false,false,0,codable,OWL_ANS,emissible,1358
S82.01,XIX,XIX/S82.01.md,"Fracture de la rotule - "" Fracture ouverte """,true,false,true,false,false,0,codable,OWL_ANS,emissible,1359
S82.10,XIX,XIX/S82.10.md,"Fracture de l'extrémité supérieure du tibia - "" Fracture fermée """,true,false,true,false,false,0,codable,OWL_ANS,emissible,1668
S82.11,XIX,XIX/S82.11.md,"Fracture de l'extrémité supérieure du tibia - "" Fracture ouverte """,true,false,true,false,false,0,codable,OWL_ANS,emissible,1669
S82.20,XIX,XIX/S82.20.md,"Fracture de la diaphyse du tibia - "" Fracture fermée """,true,false,true,false,false,0,codable,OWL_ANS,emissible,1416
S82.21,XIX,XIX/S82.21.md,"Fracture de la diaphyse du tibia - "" Fracture ouverte """,true,false,true,false,false,0,codable,OWL_ANS,emissible,1417
S82.30,XIX,XIX/S82.30.md,"Fracture de l'extrémité inférieure du tibia - "" Fracture fermée """,true,false,true,false,false,0,codable,OWL_ANS,emissible,1452
S82.31,XIX,XIX/S82.31.md,"Fracture de l'extrémité inférieure du tibia - "" Fracture ouverte """,true,false,true,false,false,0,codable,OWL_ANS,emissible,1453
S82.40,XIX,XIX/S82.40.md,"Fracture du péroné seul - "" Fracture fermée """,true,false,true,false,false,0,codable,OWL_ANS,emissible,1385
S82.41,XIX,XIX/S82.41.md,"Fracture du péroné seul - "" Fracture ouverte """,true,false,true,false,false,0,codable,OWL_ANS,emissible,1386
S82.50,XIX,XIX/S82.50.md,"Fracture de la malléole interne - "" Fracture fermée """,true,false,true,false,false,0,codable,OWL_ANS,emissible,1416
S82.51,XIX,XIX/S82.51.md,"Fracture de la malléole interne - "" Fracture ouverte """,true,false,true,false,false,0,codable,OWL_ANS,emissible,1417
S82.60,XIX,XIX/S82.60.md,"Fracture de la malléole externe - "" Fracture fermée """,true,false,true,false,false,0,codable,OWL_ANS,emissible,1417
S82.61,XIX,XIX/S82.61.md,"Fracture de la malléole externe - "" Fracture ouverte """,true,false,true,false,false,0,codable,OWL_ANS,emissible,1418
S82.70,XIX,XIX/S82.70.md,"Fractures multiples de la jambe - "" Fracture fermée """,true,false,true,false,false,0,codable,OWL_ANS,emissible,1484
S82.71,XIX,XIX/S82.71.md,"Fractures multiples de la jambe - "" Fracture ouverte """,true,false,true,false,false,0,codable,OWL_ANS,emissible,1485
S82.80,XIX,XIX/S82.80.md,"Fractures d'autres parties de la jambe - "" Fracture fermée """,true,false,true,false,false,0,codable,OWL_ANS,emissible,1446
S82.81,XIX,XIX/S82.81.md,"Fractures d'autres parties de la jambe - "" Fracture ouverte """,true,false,true,false,false,0,codable,OWL_ANS,emissible,1447
S82.90,XIX,XIX/S82.90.md,"Fracture de la jambe, partie non précisée - "" Fracture fermée """,true,false,true,false,false,0,codable,OWL_ANS,emissible,1378
S82.91,XIX,XIX/S82.91.md,"Fracture de la jambe, partie non précisée - "" Fracture ouverte """,true,false,true,false,false,0,codable,OWL_ANS,emissible,1379
S83.0,XIX,XIX/S83.0.md,Luxation de la rotule,true,false,true,false,true,0,codable,OWL_ANS,emissible,1461
S83.1,XIX,XIX/S83.1.md,Luxation du genou,true,false,true,false,true,0,codable,OWL_ANS,emissible,1532
S83.2,XIX,XIX/S83.2.md,Déchirure récente d'un ménisque,true,false,true,false,true,0,codable,OWL_ANS,emissible,1725
S83.3,XIX,XIX/S83.3.md,Déchirure récente du cartilage articulaire du genou,true,false,true,false,false,0,codable,OWL_ANS,emissible,1427
S83.4,XIX,XIX/S83.4.md,Entorse et foulure des ligaments latéraux (interne) (externe) du genou,true,false,true,false,false,0,codable,OWL_ANS,emissible,1446
S83.5,XIX,XIX/S83.5.md,Entorse et foulure des ligaments croisés (antérieur) (postérieur) du genou,true,false,true,false,false,0,codable,OWL_ANS,emissible,1450
S83.6,XIX,XIX/S83.6.md,Entorse et foulure de parties autres et non précisées du genou,true,false,true,false,true,0,codable,OWL_ANS,emissible,1711
S83.7,XIX,XIX/S83.7.md,Lésion traumatique de multiples parties du genou,true,false,true,false,false,0,codable,OWL_ANS,emissible,1553
S84.0,XIX,XIX/S84.0.md,Lésion traumatique du nerf sciatique poplité interne au niveau de la jambe,true,false,true,false,false,0,codable,OWL_ANS,emissible,1363
S84.1,XIX,XIX/S84.1.md,Lésion traumatique du nerf sciatique poplité externe au niveau de la jambe,true,false,true,false,false,0,codable,OWL_ANS,emissible,1363
S84.2,XIX,XIX/S84.2.md,Lésion traumatique d'un nerf cutané sensitif au niveau de la jambe,true,false,true,false,false,0,codable,OWL_ANS,emissible,1355
S84.7,XIX,XIX/S84.7.md,Lésion traumatique de multiples nerfs au niveau de la jambe,true,false,true,false,false,0,codable,OWL_ANS,emissible,1348
S84.8,XIX,XIX/S84.8.md,Lésion traumatique d'autres nerfs au niveau de la jambe,true,false,true,false,false,0,codable,OWL_ANS,emissible,1710
S84.9,XIX,XIX/S84.9.md,"Lésion traumatique d'un nerf non précisé, au niveau de la jambe",true,false,true,false,false,0,codable,OWL_ANS,emissible,1323
S85.0,XIX,XIX/S85.0.md,Lésion traumatique de l'artère poplitée,true,false,true,false,false,0,codable,OWL_ANS,emissible,1340
S85.1,XIX,XIX/S85.1.md,Lésion traumatique de l'artère tibiale (antérieure) (postérieure),true,false,true,false,false,0,codable,OWL_ANS,emissible,1366
S85.2,XIX,XIX/S85.2.md,Lésion traumatique de l'artère péronière,true,false,true,false,false,0,codable,OWL_ANS,emissible,1341
S85.3,XIX,XIX/S85.3.md,Lésion traumatique de la veine saphène interne au niveau de la jambe,true,false,true,false,false,0,codable,OWL_ANS,emissible,1418
S85.4,XIX,XIX/S85.4.md,Lésion traumatique de la veine saphène externe au niveau de la jambe,true,false,true,false,false,0,codable,OWL_ANS,emissible,1369
S85.5,XIX,XIX/S85.5.md,Lésion traumatique de la veine poplitée,true,false,true,false,false,0,codable,OWL_ANS,emissible,1340
S85.7,XIX,XIX/S85.7.md,Lésion traumatique de multiples vaisseaux sanguins au niveau de la jambe,true,false,true,false,false,0,codable,OWL_ANS,emissible,1373
S85.8,XIX,XIX/S85.8.md,Lésion traumatique d'autres vaisseaux sanguins au niveau de la jambe,true,false,true,false,false,0,codable,OWL_ANS,emissible,1892
S85.9,XIX,XIX/S85.9.md,"Lésion traumatique d'un vaisseau sanguin non précisé, au niveau de la jambe",true,false,true,false,false,0,codable,OWL_ANS,emissible,1347
S86.0,XIX,XIX/S86.0.md,Lésion traumatique du tendon d'Achille,true,false,true,false,false,0,codable,OWL_ANS,emissible,1380
S86.1,XIX,XIX/S86.1.md,Lésion traumatique d'autre(s) muscle(s) et tendon(s) postérieurs au niveau de la jambe,true,false,true,false,false,0,codable,OWL_ANS,emissible,1428
S86.2,XIX,XIX/S86.2.md,Lésion traumatique de muscle(s) et de tendon(s) antérieurs au niveau de la jambe,true,false,true,false,false,0,codable,OWL_ANS,emissible,1422
S86.3,XIX,XIX/S86.3.md,Lésion traumatique de muscle(s) et de tendon(s) péroniers au niveau de la jambe,true,false,true,false,false,0,codable,OWL_ANS,emissible,1421
S86.7,XIX,XIX/S86.7.md,Lésion traumatique de multiples muscles et tendons au niveau de la jambe,true,false,true,false,false,0,codable,OWL_ANS,emissible,1414
S86.8,XIX,XIX/S86.8.md,Lésion traumatique d'autres muscles et tendons au niveau de la jambe,true,false,true,false,false,0,codable,OWL_ANS,emissible,1871
S86.9,XIX,XIX/S86.9.md,"Lésion traumatique d'un muscle et d'un tendon non précisés, au niveau de la jambe",true,false,true,false,false,0,codable,OWL_ANS,emissible,1394
S87.0,XIX,XIX/S87.0.md,Écrasement du genou,true,false,true,false,false,0,codable,OWL_ANS,emissible,1280
S87.8,XIX,XIX/S87.8.md,Écrasement de parties autres et non précisées de la jambe,true,false,true,false,false,0,codable,OWL_ANS,emissible,1391
S88.0,XIX,XIX/S88.0.md,Amputation traumatique au niveau du genou,true,false,true,false,false,0,codable,OWL_ANS,emissible,1362
S88.1,XIX,XIX/S88.1.md,Amputation traumatique entre le genou et la cheville,true,false,true,false,false,0,codable,OWL_ANS,emissible,1373
S88.9,XIX,XIX/S88.9.md,"Amputation traumatique de la jambe, niveau non précisé",true,false,true,false,false,0,codable,OWL_ANS,emissible,1346
S89.7,XIX,XIX/S89.7.md,Lésions traumatiques multiples de la jambe,true,false,true,false,false,0,codable,OWL_ANS,emissible,1483
S89.8,XIX,XIX/S89.8.md,Autres lésions traumatiques précisées de la jambe,true,false,true,false,false,0,codable,OWL_ANS,emissible,1442
S89.9,XIX,XIX/S89.9.md,"Lésion traumatique de la jambe, sans précision",true,false,true,false,false,1,interdit_dp_dr,OWL_ANS,emissible,1316
S90.0,XIX,XIX/S90.0.md,Contusion de la cheville,false,false,true,false,true,0,codable,OWL_ANS,emissible,1094
S90.1,XIX,XIX/S90.1.md,Contusion d'un (des) orteil(s) sans lésion de l'ongle,true,false,true,false,true,0,codable,OWL_ANS,emissible,1204
S90.2,XIX,XIX/S90.2.md,Contusion d'un (des) orteil(s) avec lésion de l'ongle,false,false,true,false,false,0,codable,OWL_ANS,emissible,1056
S90.3,XIX,XIX/S90.3.md,Contusion de parties autres et non précisées du pied,false,false,true,false,true,0,codable,OWL_ANS,emissible,1136
S90.7,XIX,XIX/S90.7.md,Lésions traumatiques superficielles multiples de la cheville et du pied,false,false,true,false,false,0,codable,OWL_ANS,emissible,1074
S90.8,XIX,XIX/S90.8.md,Autres lésions traumatiques superficielles de la cheville et du pied,false,false,true,false,false,0,codable,OWL_ANS,emissible,1430
S90.9,XIX,XIX/S90.9.md,"Lésion traumatique superficielle de la cheville et du pied, sans précision",false,false,true,false,false,0,codable,OWL_ANS,emissible,1077
S91.0,XIX,XIX/S91.0.md,Plaie ouverte de la cheville,false,false,true,false,true,0,codable,OWL_ANS,emissible,1213
S91.1,XIX,XIX/S91.1.md,Plaie ouverte d'un (des) orteil(s) sans lésion de l'ongle,true,false,true,false,true,0,codable,OWL_ANS,emissible,1333
S91.2,XIX,XIX/S91.2.md,Plaie ouverte d'un (des) orteil(s) avec lésion de l'ongle,false,false,true,false,false,0,codable,OWL_ANS,emissible,1185
S91.3,XIX,XIX/S91.3.md,Plaie ouverte d'autres parties du pied,true,false,true,false,true,0,codable,OWL_ANS,emissible,1336
S91.7,XIX,XIX/S91.7.md,Plaies ouvertes multiples de la cheville et du pied,false,false,true,false,false,0,codable,OWL_ANS,emissible,1179
S92.00,XIX,XIX/S92.00.md,"Fracture du calcanéum - "" Fracture fermée """,true,false,true,false,false,0,codable,OWL_ANS,emissible,1240
S92.01,XIX,XIX/S92.01.md,"Fracture du calcanéum - "" Fracture ouverte """,true,false,true,false,false,0,codable,OWL_ANS,emissible,1241
S92.10,XIX,XIX/S92.10.md,"Fracture de l’astragale - "" Fracture fermée """,false,false,true,false,false,0,codable,OWL_ANS,emissible,1152
S92.11,XIX,XIX/S92.11.md,"Fracture de l’astragale - "" Fracture ouverte """,false,false,true,false,false,0,codable,OWL_ANS,emissible,1153
S92.20,XIX,XIX/S92.20.md,"Fracture d'autres os du tarse - "" Fracture fermée """,true,false,true,false,false,0,codable,OWL_ANS,emissible,1309
S92.21,XIX,XIX/S92.21.md,"Fracture d'autres os du tarse - "" Fracture ouverte """,true,false,true,false,false,0,codable,OWL_ANS,emissible,1310
S92.30,XIX,XIX/S92.30.md,"Fracture d'os du métatarse - "" Fracture fermée """,false,false,true,false,false,0,codable,OWL_ANS,emissible,1155
S92.31,XIX,XIX/S92.31.md,"Fracture d'os du métatarse - "" Fracture ouverte """,false,false,true,false,false,0,codable,OWL_ANS,emissible,1156
S92.40,XIX,XIX/S92.40.md,"Fracture du gros orteil - "" Fracture fermée """,false,false,true,false,false,0,codable,OWL_ANS,emissible,1152
S92.41,XIX,XIX/S92.41.md,"Fracture du gros orteil - "" Fracture ouverte """,false,false,true,false,false,0,codable,OWL_ANS,emissible,1153
S92.50,XIX,XIX/S92.50.md,"Fracture d'un autre orteil - "" Fracture fermée """,false,false,true,false,false,0,codable,OWL_ANS,emissible,1155
S92.51,XIX,XIX/S92.51.md,"Fracture d'un autre orteil - "" Fracture ouverte """,false,false,true,false,false,0,codable,OWL_ANS,emissible,1156
S92.70,XIX,XIX/S92.70.md,"Fractures multiples du pied - "" Fracture fermée """,false,false,true,false,false,0,codable,OWL_ANS,emissible,1156
S92.71,XIX,XIX/S92.71.md,"Fractures multiples du pied - "" Fracture ouverte """,false,false,true,false,false,0,codable,OWL_ANS,emissible,1157
S92.90,XIX,XIX/S92.90.md,"Fracture du pied, sans précision - "" Fracture fermée """,false,false,true,false,false,0,codable,OWL_ANS,emissible,1161
S92.91,XIX,XIX/S92.91.md,"Fracture du pied, sans précision - "" Fracture ouverte """,false,false,true,false,false,0,codable,OWL_ANS,emissible,1162
S93.0,XIX,XIX/S93.0.md,Luxation de la cheville,true,false,true,false,true,0,codable,OWL_ANS,emissible,1332
S93.1,XIX,XIX/S93.1.md,Luxation d'un (des) orteil(s),true,false,true,false,true,0,codable,OWL_ANS,emissible,1259
S93.2,XIX,XIX/S93.2.md,Rupture de ligaments au niveau de la cheville et du pied,false,false,true,false,false,0,codable,OWL_ANS,emissible,1059
S93.3,XIX,XIX/S93.3.md,Luxation de parties autres et non précisées du pied,true,false,true,false,true,0,codable,OWL_ANS,emissible,1360
S93.4,XIX,XIX/S93.4.md,Entorse et foulure de la cheville,true,false,true,false,true,0,codable,OWL_ANS,emissible,1448
S93.5,XIX,XIX/S93.5.md,Entorse et foulure d'un (des) orteil(s),true,false,true,false,true,0,codable,OWL_ANS,emissible,1267
S93.6,XIX,XIX/S93.6.md,Entorse et foulure de parties autres et non précisées du pied,true,false,true,false,true,0,codable,OWL_ANS,emissible,1315
S94.0,XIX,XIX/S94.0.md,Lésion traumatique du nerf plantaire externe,false,false,true,false,false,0,codable,OWL_ANS,emissible,1047
S94.1,XIX,XIX/S94.1.md,Lésion traumatique du nerf plantaire interne,false,false,true,false,false,0,codable,OWL_ANS,emissible,1047
S94.2,XIX,XIX/S94.2.md,Lésion traumatique du nerf tibial antérieur au niveau de la cheville et du pied,true,false,true,false,false,0,codable,OWL_ANS,emissible,1187
S94.3,XIX,XIX/S94.3.md,Lésion traumatique d'un nerf cutané sensitif au niveau de la cheville et du pied,false,false,true,false,false,0,codable,OWL_ANS,emissible,1083
S94.7,XIX,XIX/S94.7.md,Lésion traumatique de multiples nerfs au niveau de la cheville et du pied,false,false,true,false,false,0,codable,OWL_ANS,emissible,1076
S94.8,XIX,XIX/S94.8.md,Lésion traumatique d'autres nerfs au niveau de la cheville et du pied,false,false,true,false,false,0,codable,OWL_ANS,emissible,1498
S94.9,XIX,XIX/S94.9.md,"Lésion traumatique d'un nerf non précisé, au niveau de la cheville et du pied",false,false,true,false,false,0,codable,OWL_ANS,emissible,1080
S95.0,XIX,XIX/S95.0.md,Lésion traumatique de l'artère dorsale du pied,false,false,true,false,false,0,codable,OWL_ANS,emissible,1188
S95.1,XIX,XIX/S95.1.md,Lésion traumatique de l'artère plantaire du pied,false,false,true,false,false,0,codable,OWL_ANS,emissible,1190
S95.2,XIX,XIX/S95.2.md,Lésion traumatique de la veine dorsale du pied,false,false,true,false,false,0,codable,OWL_ANS,emissible,1188
S95.7,XIX,XIX/S95.7.md,Lésion traumatique de multiples vaisseaux sanguins au niveau de la cheville et du pied,false,false,true,false,false,0,codable,OWL_ANS,emissible,1228
S95.8,XIX,XIX/S95.8.md,Lésion traumatique d'autres vaisseaux sanguins au niveau de la cheville et du pied,false,false,true,false,false,0,codable,OWL_ANS,emissible,1543
S95.9,XIX,XIX/S95.9.md,"Lésion traumatique d'un vaisseau sanguin non précisé, au niveau de la cheville et du pied",false,false,true,false,false,0,codable,OWL_ANS,emissible,1202
S96.0,XIX,XIX/S96.0.md,"Lésion traumatique d'un muscle et d'un tendon long fléchisseur d'un orteil, au niveau de la cheville et du pied",false,false,true,false,false,0,codable,OWL_ANS,emissible,1229
S96.1,XIX,XIX/S96.1.md,"Lésion traumatique d'un muscle et d'un tendon long extenseur d'un orteil, au niveau de la cheville et du pied",false,false,true,false,false,0,codable,OWL_ANS,emissible,1227
S96.2,XIX,XIX/S96.2.md,Lésion traumatique d'un muscle et d'un tendon intrinsèques au niveau de la cheville et du pied,false,false,true,false,false,0,codable,OWL_ANS,emissible,1212
S96.7,XIX,XIX/S96.7.md,Lésion traumatique de multiples muscles et tendons au niveau de la cheville et du pied,false,false,true,false,false,0,codable,OWL_ANS,emissible,1204
S96.8,XIX,XIX/S96.8.md,Lésion traumatique d'autres muscles et tendons au niveau de la cheville et du pied,false,false,true,false,false,0,codable,OWL_ANS,emissible,1693
S96.9,XIX,XIX/S96.9.md,"Lésion traumatique d'un muscle et d'un tendon non précisés, au niveau de la cheville et du pied",false,false,true,false,false,0,codable,OWL_ANS,emissible,1184
S97.0,XIX,XIX/S97.0.md,Écrasement de la cheville,false,false,true,false,false,0,codable,OWL_ANS,emissible,1028
S97.1,XIX,XIX/S97.1.md,Écrasement d'un (des) orteil(s),false,false,true,false,false,0,codable,OWL_ANS,emissible,1034
S97.8,XIX,XIX/S97.8.md,Écrasement d'autres parties de la cheville et du pied,true,false,true,false,false,0,codable,OWL_ANS,emissible,1256
S98.0,XIX,XIX/S98.0.md,Amputation traumatique du pied au niveau de la cheville,false,false,true,false,false,0,codable,OWL_ANS,emissible,1058
S98.1,XIX,XIX/S98.1.md,Amputation traumatique d'un orteil,false,false,true,false,false,0,codable,OWL_ANS,emissible,1037
S98.2,XIX,XIX/S98.2.md,Amputation traumatique de deux orteils ou plus,false,false,true,false,false,0,codable,OWL_ANS,emissible,1049
S98.3,XIX,XIX/S98.3.md,Amputation traumatique d'autres parties du pied,true,false,true,false,false,0,codable,OWL_ANS,emissible,1176
S98.4,XIX,XIX/S98.4.md,"Amputation traumatique du pied, niveau non précisé",false,false,true,false,false,0,codable,OWL_ANS,emissible,1053
S99.7,XIX,XIX/S99.7.md,Lésions traumatiques multiples de la cheville et du pied,true,false,true,false,false,0,codable,OWL_ANS,emissible,1234
S99.8,XIX,XIX/S99.8.md,Autres lésions traumatiques précisées de la cheville et du pied,false,false,true,false,false,0,codable,OWL_ANS,emissible,1176
S99.9,XIX,XIX/S99.9.md,"Lésion traumatique de la cheville et du pied, sans précision",false,false,true,false,false,1,interdit_dp_dr,OWL_ANS,emissible,1065
T00.0,XIX,XIX/T00.0.md,Lésions traumatiques superficielles de la tête avec lésions traumatiques superficielles du cou,true,false,true,false,false,1,interdit_dp_dr,OWL_ANS,emissible,1699
T00.1,XIX,XIX/T00.1.md,"Lésions traumatiques superficielles du thorax, de l'abdomen, des lombes et du bassin",true,false,true,false,false,1,interdit_dp_dr,OWL_ANS,emissible,1696
T00.2,XIX,XIX/T00.2.md,Lésions traumatiques superficielles de plusieurs parties de(s) membre(s) supérieur(s),true,false,true,false,false,1,interdit_dp_dr,OWL_ANS,emissible,1758
T00.3,XIX,XIX/T00.3.md,Lésions traumatiques superficielles de plusieurs parties de(s) membre(s) inférieur(s),true,false,true,false,false,1,interdit_dp_dr,OWL_ANS,emissible,1757
T00.6,XIX,XIX/T00.6.md,Lésions traumatiques superficielles de plusieurs parties de(s) membre(s) supérieur(s) avec membres(s) inférieur(s),true,false,true,false,false,1,interdit_dp_dr,OWL_ANS,emissible,1742
T00.8,XIX,XIX/T00.8.md,Lésions traumatiques superficielles comprenant d'autres associations de parties du corps,true,false,true,false,false,1,interdit_dp_dr,OWL_ANS,emissible,2071
T00.9,XIX,XIX/T00.9.md,"Lésions traumatiques superficielles multiples, sans précision",true,false,true,false,false,1,interdit_dp_dr,OWL_ANS,emissible,1703
T01.0,XIX,XIX/T01.0.md,Plaies ouvertes de la tête avec plaies ouvertes du cou,true,false,true,false,false,1,interdit_dp_dr,OWL_ANS,emissible,1770
T01.1,XIX,XIX/T01.1.md,"Plaies ouvertes du thorax avec plaies ouvertes de l'abdomen, des lombes et du bassin",true,false,true,false,false,1,interdit_dp_dr,OWL_ANS,emissible,1807
T01.2,XIX,XIX/T01.2.md,Plaies ouvertes de plusieurs parties de(s) membre(s) supérieur(s),true,false,true,false,false,1,interdit_dp_dr,OWL_ANS,emissible,1849
T01.3,XIX,XIX/T01.3.md,Plaies ouvertes de plusieurs parties de(s) membre(s) inférieur(s),true,false,true,false,false,1,interdit_dp_dr,OWL_ANS,emissible,1849
T01.6,XIX,XIX/T01.6.md,Plaies ouvertes de plusieurs parties de(s) membre(s) supérieur(s) avec plaies ouvertes de(s) membre(s) inférieur(s),true,false,true,false,false,1,interdit_dp_dr,OWL_ANS,emissible,1854
T01.8,XIX,XIX/T01.8.md,Plaies ouvertes avec d'autres associations de parties du corps,true,false,true,false,false,1,interdit_dp_dr,OWL_ANS,emissible,2097
T01.9,XIX,XIX/T01.9.md,"Plaies ouvertes multiples, sans précision",true,false,true,false,true,1,interdit_dp_dr,OWL_ANS,emissible,1760
T02.00,XIX,XIX/T02.00.md,"Fractures de la tête avec fractures du cou - "" Fracture fermée """,true,false,true,false,false,1,interdit_dp_dr,OWL_ANS,emissible,1700
T02.01,XIX,XIX/T02.01.md,"Fractures de la tête avec fractures du cou - "" Fracture ouverte """,true,false,true,false,false,1,interdit_dp_dr,OWL_ANS,emissible,1701
T02.10,XIX,XIX/T02.10.md,"Fractures du thorax avec fractures des lombes et du bassin - "" Fracture fermée """,true,false,true,false,false,1,interdit_dp_dr,OWL_ANS,emissible,1760
T02.11,XIX,XIX/T02.11.md,"Fractures du thorax avec fractures des lombes et du bassin - "" Fracture ouverte """,true,false,true,false,false,1,interdit_dp_dr,OWL_ANS,emissible,1761
T02.20,XIX,XIX/T02.20.md,"Fractures de plusieurs parties d'un membre supérieur - "" Fracture fermée """,true,false,true,false,false,1,interdit_dp_dr,OWL_ANS,emissible,1835
T02.21,XIX,XIX/T02.21.md,"Fractures de plusieurs parties d'un membre supérieur - "" Fracture ouverte """,true,false,true,false,false,1,interdit_dp_dr,OWL_ANS,emissible,1836
T02.30,XIX,XIX/T02.30.md,"Fractures de plusieurs parties d'un membre inférieur - "" Fracture fermée """,true,false,true,false,false,1,interdit_dp_dr,OWL_ANS,emissible,1835
T02.31,XIX,XIX/T02.31.md,"Fractures de plusieurs parties d'un membre inférieur - "" Fracture ouverte """,true,false,true,false,false,1,interdit_dp_dr,OWL_ANS,emissible,1836
T02.40,XIX,XIX/T02.40.md,"Fractures de plusieurs parties des deux membres supérieurs - "" Fracture fermée """,true,false,true,false,false,1,interdit_dp_dr,OWL_ANS,emissible,1819
T02.41,XIX,XIX/T02.41.md,"Fractures de plusieurs parties des deux membres supérieurs - "" Fracture ouverte """,true,false,true,false,false,1,interdit_dp_dr,OWL_ANS,emissible,1820
T02.50,XIX,XIX/T02.50.md,"Fractures de plusieurs parties des deux membres inférieurs - "" Fracture fermée """,true,false,true,false,false,1,interdit_dp_dr,OWL_ANS,emissible,1819
T02.51,XIX,XIX/T02.51.md,"Fractures de plusieurs parties des deux membres inférieurs - "" Fracture ouverte """,true,false,true,false,false,1,interdit_dp_dr,OWL_ANS,emissible,1820
T02.60,XIX,XIX/T02.60.md,"Fractures de plusieurs parties de(s) membre(s) supérieur(s) avec membre(s) inférieur(s) - "" Fracture fermée """,true,false,true,false,false,1,interdit_dp_dr,OWL_ANS,emissible,1664
T02.61,XIX,XIX/T02.61.md,"Fractures de plusieurs parties de(s) membre(s) supérieur(s) avec membre(s) inférieur(s) - "" Fracture ouverte """,true,false,true,false,false,1,interdit_dp_dr,OWL_ANS,emissible,1665
T02.70,XIX,XIX/T02.70.md,"Fractures du thorax avec fractures des lombes, du bassin et de(s) membre(s) - "" Fracture fermée """,true,false,true,false,false,1,interdit_dp_dr,OWL_ANS,emissible,1514
T02.71,XIX,XIX/T02.71.md,"Fractures du thorax avec fractures des lombes, du bassin et de(s) membre(s) - "" Fracture ouverte """,true,false,true,false,false,1,interdit_dp_dr,OWL_ANS,emissible,1515
T02.80,XIX,XIX/T02.80.md,"Fractures avec d'autres associations de parties du corps - "" Fracture fermée """,true,false,true,false,false,1,interdit_dp_dr,OWL_ANS,emissible,1495
T02.81,XIX,XIX/T02.81.md,"Fractures avec d'autres associations de parties du corps - "" Fracture ouverte """,true,false,true,false,false,1,interdit_dp_dr,OWL_ANS,emissible,1496
T02.90,XIX,XIX/T02.90.md,"Fractures multiples, sans précision - "" Fracture fermée """,true,false,true,false,false,1,interdit_dp_dr,OWL_ANS,emissible,1474
T02.91,XIX,XIX/T02.91.md,"Fractures multiples, sans précision - "" Fracture ouverte """,true,false,true,false,false,1,interdit_dp_dr,OWL_ANS,emissible,1475
T03.0,XIX,XIX/T03.0.md,"Luxations, entorses et foulures de la tête avec luxations, entorses et foulures du cou",true,false,true,false,false,1,interdit_dp_dr,OWL_ANS,emissible,1720
T03.1,XIX,XIX/T03.1.md,"Luxations, entorses et foulures du thorax avec luxations, entorses et foulures des lombes et du bassin",true,false,true,false,false,1,interdit_dp_dr,OWL_ANS,emissible,1743
T03.2,XIX,XIX/T03.2.md,"Luxations, entorses et foulures de plusieurs parties de(s) membre(s) supérieur(s)",true,false,true,false,false,1,interdit_dp_dr,OWL_ANS,emissible,1774
T03.3,XIX,XIX/T03.3.md,"Luxations, entorses et foulures de plusieurs parties de(s) membre(s) inférieur(s)",true,false,true,false,false,1,interdit_dp_dr,OWL_ANS,emissible,1774
T03.4,XIX,XIX/T03.4.md,"Luxations, entorses et foulures de plusieurs parties de(s) membre(s) supérieur(s) avec membre(s) inférieur(s)",true,false,true,false,false,1,interdit_dp_dr,OWL_ANS,emissible,1653
T03.8,XIX,XIX/T03.8.md,"Luxations, entorses et foulures avec d'autres associations de parties du corps",true,false,true,false,false,1,interdit_dp_dr,OWL_ANS,emissible,2058
T03.9,XIX,XIX/T03.9.md,"Luxations, entorses et foulures multiples, sans précision",true,false,true,false,true,1,interdit_dp_dr,OWL_ANS,emissible,1552
T04.0,XIX,XIX/T04.0.md,Écrasement de la tête avec écrasement du cou,true,false,true,false,false,1,interdit_dp_dr,OWL_ANS,emissible,1624
T04.1,XIX,XIX/T04.1.md,"Écrasement du thorax avec écrasement de l'abdomen, des lombes et du bassin",true,false,true,false,false,1,interdit_dp_dr,OWL_ANS,emissible,1706
T04.2,XIX,XIX/T04.2.md,Écrasement de plusieurs parties de(s) membre(s) supérieur(s),true,false,true,false,false,0,codable,OWL_ANS,emissible,1736
T04.3,XIX,XIX/T04.3.md,Écrasement de plusieurs parties de(s) membre(s) inférieur(s),true,false,true,false,false,0,codable,OWL_ANS,emissible,1736
T04.4,XIX,XIX/T04.4.md,Écrasement de plusieurs parties de(s) membre(s) supérieur(s) avec membre(s) inférieur(s),true,false,true,false,false,0,codable,OWL_ANS,emissible,1611
T04.7,XIX,XIX/T04.7.md,"Écrasement du thorax avec écrasement de l'abdomen, des lombes, du bassin et de(s) membre(s)",true,false,true,false,false,1,interdit_dp_dr,OWL_ANS,emissible,1506
T04.8,XIX,XIX/T04.8.md,Écrasement d'autres associations de parties du corps,true,false,true,false,false,1,interdit_dp_dr,OWL_ANS,emissible,2003
T04.9,XIX,XIX/T04.9.md,"Écrasements multiples, sans précision",true,false,true,false,false,1,interdit_dp_dr,OWL_ANS,emissible,1452
T05.0,XIX,XIX/T05.0.md,Amputation traumatique des deux mains,true,false,true,false,false,0,codable,OWL_ANS,emissible,1795
T05.1,XIX,XIX/T05.1.md,Amputation traumatique d'une main et de l'autre membre supérieur [tout niveau sauf la main],true,false,true,false,false,0,codable,OWL_ANS,emissible,1849
T05.2,XIX,XIX/T05.2.md,Amputation traumatique des deux membres supérieurs [tout niveau],true,false,true,false,false,0,codable,OWL_ANS,emissible,1822
T05.3,XIX,XIX/T05.3.md,Amputation traumatique des deux pieds,true,false,true,false,false,0,codable,OWL_ANS,emissible,1795
T05.4,XIX,XIX/T05.4.md,"Amputation traumatique d'un pied et de l'autre membre inférieur [tout niveau, sauf le pied]",true,false,true,false,false,0,codable,OWL_ANS,emissible,1849
T05.5,XIX,XIX/T05.5.md,Amputation traumatique des deux membres inférieurs [tout niveau],true,false,true,false,false,0,codable,OWL_ANS,emissible,1822
T05.6,XIX,XIX/T05.6.md,"Amputation traumatique de membres supérieurs et inférieurs, toute association [tout niveau]",true,false,true,false,false,0,codable,OWL_ANS,emissible,1849
T05.8,XIX,XIX/T05.8.md,Amputation traumatique avec d'autres associations de parties du corps,true,false,true,false,true,0,codable,OWL_ANS,emissible,2620
T05.9,XIX,XIX/T05.9.md,"Amputations traumatiques multiples, sans précision",true,false,true,false,false,0,codable,OWL_ANS,emissible,1779
T06.0,XIX,XIX/T06.0.md,Lésions traumatiques du cerveau et des nerfs crâniens avec lésions traumatiques des nerfs et de la moelle épinière au niveau du cou,true,false,true,false,false,0,codable,OWL_ANS,emissible,1663
T06.1,XIX,XIX/T06.1.md,Lésions traumatiques des nerfs et de la moelle épinière de plusieurs autres parties du corps,true,false,true,false,false,0,codable,OWL_ANS,emissible,1505
T06.2,XIX,XIX/T06.2.md,Lésions traumatiques des nerfs de plusieurs parties du corps,true,false,true,false,false,0,codable,OWL_ANS,emissible,1629
T06.3,XIX,XIX/T06.3.md,Lésions traumatiques de vaisseaux sanguins de plusieurs parties du corps,true,false,true,false,false,0,codable,OWL_ANS,emissible,1485
T06.4,XIX,XIX/T06.4.md,Lésions traumatiques de muscles et de tendons de plusieurs parties du corps,true,false,true,false,false,1,interdit_dp_dr,OWL_ANS,emissible,1490
T06.5,XIX,XIX/T06.5.md,Lésions traumatiques des organes intrathoraciques avec lésions traumatiques des organes intraabdominaux et pelviens,true,false,true,false,false,0,codable,OWL_ANS,emissible,1528
T06.8,XIX,XIX/T06.8.md,Autres lésions traumatiques précisées de plusieurs parties du corps,true,false,true,false,false,0,codable,OWL_ANS,emissible,2144
T07,XIX,XIX/T07.md,"Lésions traumatiques multiples, sans précision",true,false,true,false,false,1,interdit_dp_dr,OWL_ANS,emissible,1527
T08+0,XIX,XIX/T08+0.md,"Fracture du rachis, niveau non précisé - "" Fracture fermée """,false,false,true,false,false,1,interdit_dp_dr,OWL_ANS,emissible,1391
T08+1,XIX,XIX/T08+1.md,"Fracture du rachis, niveau non précisé - "" Fracture ouverte """,false,false,true,false,false,1,interdit_dp_dr,OWL_ANS,emissible,1392
T09.0,XIX,XIX/T09.0.md,"Lésion traumatique superficielle du tronc, niveau non précisé",false,false,true,false,false,1,interdit_dp_dr,OWL_ANS,emissible,1190
T09.1,XIX,XIX/T09.1.md,"Plaie ouverte du tronc, niveau non précisé",false,false,true,false,false,1,interdit_dp_dr,OWL_ANS,emissible,1171
T09.2,XIX,XIX/T09.2.md,"Luxation, entorse et foulure d'articulation et de ligament non précisés du tronc",false,false,true,false,true,1,interdit_dp_dr,OWL_ANS,emissible,1388
T09.3,XIX,XIX/T09.3.md,"Lésion traumatique de la moelle épinière, niveau non précisé",false,false,true,false,false,1,interdit_dp_dr,OWL_ANS,emissible,1189
T09.4,XIX,XIX/T09.4.md,"Lésion traumatique de nerf, de racine nerveuse et de plexus rachidien du tronc, non précisés",false,false,true,false,false,0,codable,OWL_ANS,emissible,1219
T09.5,XIX,XIX/T09.5.md,Lésion traumatique de muscle et de tendon non précisés du tronc,false,false,true,false,false,1,interdit_dp_dr,OWL_ANS,emissible,1192
T09.6,XIX,XIX/T09.6.md,"Amputation traumatique du tronc, niveau non précisé",false,false,true,false,false,0,codable,OWL_ANS,emissible,1178
T09.8,XIX,XIX/T09.8.md,"Autres lésions traumatiques précisées du tronc, niveau non précisé",false,false,true,false,false,0,codable,OWL_ANS,emissible,1774
T09.9,XIX,XIX/T09.9.md,"Lésion traumatique non précisée du tronc, niveau non précisé",false,false,true,false,false,1,interdit_dp_dr,OWL_ANS,emissible,1160
T10+0,XIX,XIX/T10+0.md,"Fracture du membre supérieur, niveau non précisé - "" Fracture fermée """,false,false,true,false,false,1,interdit_dp_dr,OWL_ANS,emissible,1120
T10+1,XIX,XIX/T10+1.md,"Fracture du membre supérieur, niveau non précisé - "" Fracture ouverte """,false,false,true,false,false,1,interdit_dp_dr,OWL_ANS,emissible,1121
T11.0,XIX,XIX/T11.0.md,"Lésion traumatique superficielle du membre supérieur, niveau non précisé",false,false,true,false,false,1,interdit_dp_dr,OWL_ANS,emissible,1227
T11.1,XIX,XIX/T11.1.md,"Plaie ouverte du membre supérieur, niveau non précisé",false,false,true,false,false,1,interdit_dp_dr,OWL_ANS,emissible,1208
T11.2,XIX,XIX/T11.2.md,"Luxation, entorse et foulure d'une articulation et d'un ligament non précisés du membre supérieur, niveau non précisé",false,false,true,false,false,1,interdit_dp_dr,OWL_ANS,emissible,1272
T11.3,XIX,XIX/T11.3.md,"Lésion traumatique d'un nerf non précisé du membre supérieur, niveau non précisé",false,false,true,false,false,0,codable,OWL_ANS,emissible,1233
T11.4,XIX,XIX/T11.4.md,"Lésion traumatique d'un vaisseau sanguin non précisé du membre supérieur, niveau non précisé",false,false,true,false,false,0,codable,OWL_ANS,emissible,1245
T11.5,XIX,XIX/T11.5.md,"Lésion traumatique d'un muscle et d'un tendon non précisés du membre supérieur, niveau non précisé",false,false,true,false,false,1,interdit_dp_dr,OWL_ANS,emissible,1253
T11.6,XIX,XIX/T11.6.md,"Amputation traumatique du membre supérieur, niveau non précisé",false,false,true,false,false,0,codable,OWL_ANS,emissible,1215
T11.8,XIX,XIX/T11.8.md,"Autres lésions traumatiques précisées du membre supérieur, niveau non précisé",false,false,true,false,false,0,codable,OWL_ANS,emissible,1936
T11.9,XIX,XIX/T11.9.md,"Lésion traumatique non précisée du membre supérieur, niveau non précisé",false,false,true,false,false,1,interdit_dp_dr,OWL_ANS,emissible,1197
T12+0,XIX,XIX/T12+0.md,"Fracture d'un membre inférieur, niveau non précisé - "" Fracture fermée """,false,false,true,false,false,1,interdit_dp_dr,OWL_ANS,emissible,1134
T12+1,XIX,XIX/T12+1.md,"Fracture d'un membre inférieur, niveau non précisé - "" Fracture ouverte """,false,false,true,false,false,1,interdit_dp_dr,OWL_ANS,emissible,1135
T13.0,XIX,XIX/T13.0.md,"Lésion traumatique superficielle du membre inférieur, niveau non précisé",false,false,true,false,false,1,interdit_dp_dr,OWL_ANS,emissible,1239
T13.1,XIX,XIX/T13.1.md,"Plaie ouverte du membre inférieur, niveau non précisé",false,false,true,false,false,1,interdit_dp_dr,OWL_ANS,emissible,1220
T13.2,XIX,XIX/T13.2.md,"Luxation, entorse et foulure d'une articulation et d'un ligament non précisés du membre inférieur, niveau non précisé",false,false,true,false,false,1,interdit_dp_dr,OWL_ANS,emissible,1284
T13.3,XIX,XIX/T13.3.md,"Lésion traumatique d'un nerf non précisé du membre inférieur, niveau non précisé",false,false,true,false,false,0,codable,OWL_ANS,emissible,1245
T13.4,XIX,XIX/T13.4.md,"Lésion traumatique d'un vaisseau sanguin non précisé du membre inférieur, niveau non précisé",false,false,true,false,false,0,codable,OWL_ANS,emissible,1257
T13.5,XIX,XIX/T13.5.md,"Lésion traumatique d'un muscle et d'un tendon non précisés du membre inférieur, niveau non précisé",false,false,true,false,false,1,interdit_dp_dr,OWL_ANS,emissible,1265
T13.6,XIX,XIX/T13.6.md,"Amputation traumatique du membre inférieur, niveau non précisé",false,false,true,false,false,0,codable,OWL_ANS,emissible,1227
T13.8,XIX,XIX/T13.8.md,"Autres lésions traumatiques précisées du membre inférieur, niveau non précisé",false,false,true,false,false,0,codable,OWL_ANS,emissible,1948
T13.9,XIX,XIX/T13.9.md,"Lésion traumatique non précisée du membre inférieur, niveau non précisé",false,false,true,false,false,1,interdit_dp_dr,OWL_ANS,emissible,1209
T14.0,XIX,XIX/T14.0.md,Lésion traumatique superficielle d'une partie du corps non précisée,true,false,true,false,true,1,interdit_dp_dr,OWL_ANS,emissible,1590
T14.1,XIX,XIX/T14.1.md,Plaie ouverte d'une partie du corps non précisée,true,false,true,false,true,1,interdit_dp_dr,OWL_ANS,emissible,1483
T14.20,XIX,XIX/T14.20.md,"Fracture d'une partie du corps non précisée - "" Fracture fermée """,true,false,true,false,false,1,interdit_dp_dr,OWL_ANS,emissible,1328
T14.21,XIX,XIX/T14.21.md,"Fracture d'une partie du corps non précisée - "" Fracture ouverte """,true,false,true,false,false,1,interdit_dp_dr,OWL_ANS,emissible,1329
T14.3,XIX,XIX/T14.3.md,"Luxation, entorse et foulure d'une partie du corps non précisée",true,false,true,false,true,1,interdit_dp_dr,OWL_ANS,emissible,1781
T14.4,XIX,XIX/T14.4.md,Lésion traumatique de nerf(s) d'une partie du corps non précisée,true,false,true,false,false,1,interdit_dp_dr,OWL_ANS,emissible,1406
T14.5,XIX,XIX/T14.5.md,Lésion traumatique de vaisseau(x) sanguin(s) d'une partie du corps non précisée,true,false,true,false,false,1,interdit_dp_dr,OWL_ANS,emissible,1654
T14.6,XIX,XIX/T14.6.md,Lésion traumatique de muscles et de tendons d'une partie du corps non précisée,true,false,true,false,false,1,interdit_dp_dr,OWL_ANS,emissible,1537
T14.7,XIX,XIX/T14.7.md,Écrasement et amputation traumatique d'une partie du corps non précisée,true,false,true,false,true,1,interdit_dp_dr,OWL_ANS,emissible,1434
T14.8,XIX,XIX/T14.8.md,Autres lésions traumatiques d'une partie du corps non précisée,false,false,true,false,false,1,interdit_dp_dr,OWL_ANS,emissible,1775
T14.9,XIX,XIX/T14.9.md,"Lésion traumatique, sans précision",false,false,true,false,false,1,interdit_dp_dr,OWL_ANS,emissible,1101
T15.0,XIX,XIX/T15.0.md,Corps étranger dans la cornée,false,false,true,false,true,0,codable,OWL_ANS,emissible,1418
T15.1,XIX,XIX/T15.1.md,Corps étranger dans le sac conjonctival,false,false,true,false,false,0,codable,OWL_ANS,emissible,1341
T15.8,XIX,XIX/T15.8.md,Corps étranger de localisations autres et multiples dans la partie externe de l'œil,true,false,true,false,false,0,codable,OWL_ANS,emissible,1612
T15.9,XIX,XIX/T15.9.md,"Corps étranger dans la partie externe de l'œil, sans précision",false,false,true,false,false,0,codable,OWL_ANS,emissible,1335
T16,XIX,XIX/T16.md,Corps étranger dans l'oreille,true,false,true,false,false,0,codable,OWL_ANS,emissible,1137
T17.0,XIX,XIX/T17.0.md,Corps étranger dans un sinus nasal,true,false,true,false,false,0,codable,OWL_ANS,emissible,1432
T17.1,XIX,XIX/T17.1.md,Corps étranger dans une narine,true,false,true,false,false,0,codable,OWL_ANS,emissible,1459
T17.2,XIX,XIX/T17.2.md,Corps étranger dans le pharynx,true,false,true,false,false,0,codable,OWL_ANS,emissible,1476
T17.3,XIX,XIX/T17.3.md,Corps étranger dans le larynx,true,false,true,false,false,0,codable,OWL_ANS,emissible,1427
T17.4,XIX,XIX/T17.4.md,Corps étranger dans la trachée,true,false,true,false,false,0,codable,OWL_ANS,emissible,1428
T17.5,XIX,XIX/T17.5.md,Corps étranger dans les bronches,true,false,true,false,false,0,codable,OWL_ANS,emissible,1430
T17.8,XIX,XIX/T17.8.md,Corps étranger de localisations autres et multiples dans les voies respiratoires,true,false,true,false,false,0,codable,OWL_ANS,emissible,1826
T17.9,XIX,XIX/T17.9.md,"Corps étranger dans les voies respiratoires, partie non précisée",true,false,true,false,true,0,codable,OWL_ANS,emissible,1568
T18.0,XIX,XIX/T18.0.md,Corps étranger dans la bouche,false,false,true,false,false,0,codable,OWL_ANS,emissible,1180
T18.1,XIX,XIX/T18.1.md,Corps étranger dans l'œsophage,false,false,true,false,false,0,codable,OWL_ANS,emissible,1181
T18.2,XIX,XIX/T18.2.md,Corps étranger dans l'estomac,false,false,true,false,true,0,codable,OWL_ANS,emissible,1266
T18.3,XIX,XIX/T18.3.md,Corps étranger dans l'intestin grêle,false,false,true,false,true,0,codable,OWL_ANS,emissible,1275
T18.4,XIX,XIX/T18.4.md,Corps étranger dans le côlon,false,false,true,false,true,0,codable,OWL_ANS,emissible,1259
T18.5,XIX,XIX/T18.5.md,Corps étranger dans l'anus et le rectum,true,false,true,false,false,0,codable,OWL_ANS,emissible,1272
T18.8,XIX,XIX/T18.8.md,Corps étranger de localisations autres et multiples dans les voies digestives,false,false,true,false,false,0,codable,OWL_ANS,emissible,1538
T18.9,XIX,XIX/T18.9.md,"Corps étranger dans les voies digestives, partie non précisée",true,false,true,false,true,0,codable,OWL_ANS,emissible,1417
T19.0,XIX,XIX/T19.0.md,Corps étranger dans l'urètre,false,false,true,false,false,0,codable,OWL_ANS,emissible,1299
T19.1,XIX,XIX/T19.1.md,Corps étranger dans la vessie,false,false,true,false,false,0,codable,OWL_ANS,emissible,1300
T19.2,XIX,XIX/T19.2.md,Corps étranger dans la vulve et le vagin,false,false,true,false,false,0,codable,OWL_ANS,emissible,1311
T19.3,XIX,XIX/T19.3.md,Corps étranger dans l'utérus [toute partie],false,false,true,false,false,0,codable,OWL_ANS,emissible,1314
T19.8,XIX,XIX/T19.8.md,Corps étranger de localisations autres et multiples dans les voies génito-urinaires,false,false,true,false,false,0,codable,OWL_ANS,emissible,1587
T19.9,XIX,XIX/T19.9.md,"Corps étranger dans les voies génito-urinaires, partie non précisée",false,false,true,false,false,1,interdit_dp_dr,OWL_ANS,emissible,1311
T20.0,XIX,XIX/T20.0.md,"Brulure de la tête et du cou, degré non précisé",true,false,true,false,false,0,codable,OWL_ANS,emissible,2632
T20.1,XIX,XIX/T20.1.md,Brulure du premier degré de la tête et du cou,true,false,true,false,false,0,codable,OWL_ANS,emissible,2630
T20.2,XIX,XIX/T20.2.md,Brulure du deuxième degré de la tête et du cou,true,false,true,false,false,0,codable,OWL_ANS,emissible,2631
T20.3,XIX,XIX/T20.3.md,Brulure du troisième degré de la tête et du cou,true,false,true,false,false,0,codable,OWL_ANS,emissible,2632
T20.4,XIX,XIX/T20.4.md,"Corrosion de la tête et du cou, degré non précisé",true,false,true,false,true,0,codable,OWL_ANS,emissible,2691
T20.5,XIX,XIX/T20.5.md,Corrosion du premier degré de la tête et du cou,true,false,true,false,false,0,codable,OWL_ANS,emissible,2632
T20.6,XIX,XIX/T20.6.md,Corrosion du deuxième degré de la tête et du cou,true,false,true,false,false,0,codable,OWL_ANS,emissible,2633
T20.7,XIX,XIX/T20.7.md,Corrosion du troisième degré de la tête et du cou,true,false,true,false,false,0,codable,OWL_ANS,emissible,2634
T21.0,XIX,XIX/T21.0.md,"Brulure du tronc, degré non précisé",true,false,true,false,false,0,codable,OWL_ANS,emissible,2692
T21.1,XIX,XIX/T21.1.md,Brulure du premier degré du tronc,true,false,true,false,false,0,codable,OWL_ANS,emissible,2690
T21.2,XIX,XIX/T21.2.md,Brulure du deuxième degré du tronc,true,false,true,false,false,0,codable,OWL_ANS,emissible,2691
T21.3,XIX,XIX/T21.3.md,Brulure du troisième degré du tronc,true,false,true,false,false,0,codable,OWL_ANS,emissible,2692
T21.4,XIX,XIX/T21.4.md,"Corrosion du tronc, degré non précisé",true,false,true,false,true,0,codable,OWL_ANS,emissible,2752
T21.5,XIX,XIX/T21.5.md,Corrosion du premier degré du tronc,true,false,true,false,false,0,codable,OWL_ANS,emissible,2692
T21.6,XIX,XIX/T21.6.md,Corrosion du deuxième degré du tronc,true,false,true,false,false,0,codable,OWL_ANS,emissible,2693
T21.7,XIX,XIX/T21.7.md,Corrosion du troisième degré du tronc,true,false,true,false,false,0,codable,OWL_ANS,emissible,2694
T22.0,XIX,XIX/T22.0.md,"Brulure de l'épaule et du membre supérieur, sauf poignet et main, degré non précisé",true,false,true,false,false,0,codable,OWL_ANS,emissible,2510
T22.1,XIX,XIX/T22.1.md,"Brulure du premier degré de l'épaule et du membre supérieur, sauf poignet et main",true,false,true,false,false,0,codable,OWL_ANS,emissible,2508
T22.2,XIX,XIX/T22.2.md,"Brulure du deuxième degré de l'épaule et du membre supérieur, sauf poignet et main",true,false,true,false,false,0,codable,OWL_ANS,emissible,2509
T22.3,XIX,XIX/T22.3.md,"Brulure du troisième degré de l'épaule et du membre supérieur, sauf poignet et main",true,false,true,false,false,0,codable,OWL_ANS,emissible,2510
T22.4,XIX,XIX/T22.4.md,"Corrosion de l'épaule et du membre supérieur, sauf poignet et main, degré non précisé",true,false,true,false,false,0,codable,OWL_ANS,emissible,2512
T22.5,XIX,XIX/T22.5.md,"Corrosion du premier degré de l'épaule et du membre supérieur, sauf poignet et main",true,false,true,false,false,0,codable,OWL_ANS,emissible,2510
T22.6,XIX,XIX/T22.6.md,"Corrosion du deuxième degré de l'épaule et du membre supérieur, sauf poignet et main",true,false,true,false,false,0,codable,OWL_ANS,emissible,2511
T22.7,XIX,XIX/T22.7.md,"Corrosion du troisième degré de l'épaule et du membre supérieur, sauf poignet et main",true,false,true,false,false,0,codable,OWL_ANS,emissible,2512
T23.0,XIX,XIX/T23.0.md,"Brulure du poignet et de la main, degré non précisé",true,false,true,false,false,0,codable,OWL_ANS,emissible,2234
T23.1,XIX,XIX/T23.1.md,Brulure du premier degré du poignet et de la main,true,false,true,false,false,0,codable,OWL_ANS,emissible,2232
T23.2,XIX,XIX/T23.2.md,Brulure du deuxième degré du poignet et de la main,true,false,true,false,false,0,codable,OWL_ANS,emissible,2233
T23.3,XIX,XIX/T23.3.md,Brulure du troisième degré du poignet et de la main,true,false,true,false,false,0,codable,OWL_ANS,emissible,2234
T23.4,XIX,XIX/T23.4.md,"Corrosion du poignet et de la main, degré non précisé",true,false,true,false,true,0,codable,OWL_ANS,emissible,2293
T23.5,XIX,XIX/T23.5.md,Corrosion du premier degré du poignet et de la main,true,false,true,false,false,0,codable,OWL_ANS,emissible,2234
T23.6,XIX,XIX/T23.6.md,Corrosion du deuxième degré du poignet et de la main,true,false,true,false,false,0,codable,OWL_ANS,emissible,2235
T23.7,XIX,XIX/T23.7.md,Corrosion du troisième degré du poignet et de la main,true,false,true,false,false,0,codable,OWL_ANS,emissible,2236
T24.0,XIX,XIX/T24.0.md,"Brulure de la hanche et du membre inférieur, sauf cheville et pied, degré non précisé",true,false,true,false,false,0,codable,OWL_ANS,emissible,2373
T24.1,XIX,XIX/T24.1.md,"Brulure du premier degré de la hanche et du membre inférieur, sauf cheville et pied",true,false,true,false,false,0,codable,OWL_ANS,emissible,2371
T24.2,XIX,XIX/T24.2.md,"Brulure du deuxième degré de la hanche et du membre inférieur, sauf cheville et pied",true,false,true,false,false,0,codable,OWL_ANS,emissible,2372
T24.3,XIX,XIX/T24.3.md,"Brulure du troisième degré de la hanche et du membre inférieur, sauf cheville et pied",true,false,true,false,false,0,codable,OWL_ANS,emissible,2373
T24.4,XIX,XIX/T24.4.md,"Corrosion de la hanche et du membre inférieur, sauf cheville et pied, degré non précisé",true,false,true,false,false,0,codable,OWL_ANS,emissible,2375
T24.5,XIX,XIX/T24.5.md,"Corrosion du premier degré de la hanche et du membre inférieur, sauf cheville et pied",true,false,true,false,false,0,codable,OWL_ANS,emissible,2373
T24.6,XIX,XIX/T24.6.md,"Corrosion du deuxième degré de la hanche et du membre inférieur, sauf cheville et pied",true,false,true,false,false,0,codable,OWL_ANS,emissible,2374
T24.7,XIX,XIX/T24.7.md,"Corrosion du troisième degré de la hanche et du membre inférieur, sauf cheville et pied",true,false,true,false,false,0,codable,OWL_ANS,emissible,2375
T25.0,XIX,XIX/T25.0.md,"Brulure de la cheville et du pied, degré non précisé",true,false,true,false,false,0,codable,OWL_ANS,emissible,2171
T25.1,XIX,XIX/T25.1.md,Brulure du premier degré de la cheville et du pied,true,false,true,false,false,0,codable,OWL_ANS,emissible,2169
T25.2,XIX,XIX/T25.2.md,Brulure du deuxième degré de la cheville et du pied,true,false,true,false,false,0,codable,OWL_ANS,emissible,2170
T25.3,XIX,XIX/T25.3.md,Brulure du troisième degré de la cheville et du pied,true,false,true,false,false,0,codable,OWL_ANS,emissible,2171
T25.4,XIX,XIX/T25.4.md,"Corrosion de la cheville et du pied, degré non précisé",true,false,true,false,true,0,codable,OWL_ANS,emissible,2230
T25.5,XIX,XIX/T25.5.md,Corrosion du premier degré de la cheville et du pied,true,false,true,false,false,0,codable,OWL_ANS,emissible,2171
T25.6,XIX,XIX/T25.6.md,Corrosion du deuxième degré de la cheville et du pied,true,false,true,false,false,0,codable,OWL_ANS,emissible,2172
T25.7,XIX,XIX/T25.7.md,Corrosion du troisième degré de la cheville et du pied,true,false,true,false,false,0,codable,OWL_ANS,emissible,2173
T26.0,XIX,XIX/T26.0.md,Brulure de la paupière et de la région périoculaire,true,false,true,false,false,0,codable,OWL_ANS,emissible,1616
T26.1,XIX,XIX/T26.1.md,Brulure de la cornée et du sac conjonctival,true,false,true,false,false,0,codable,OWL_ANS,emissible,1608
T26.2,XIX,XIX/T26.2.md,Brulure provoquant la rupture et la destruction du globe oculaire,true,false,true,false,false,0,codable,OWL_ANS,emissible,1630
T26.3,XIX,XIX/T26.3.md,Brulure d'autres parties de l'œil et de ses annexes,true,false,true,false,false,0,codable,OWL_ANS,emissible,1616
T26.4,XIX,XIX/T26.4.md,"Brulure de l'œil et de ses annexes, partie non précisée",true,false,true,false,false,0,codable,OWL_ANS,emissible,1620
T26.5,XIX,XIX/T26.5.md,Corrosion de la paupière et de la région périoculaire,true,false,true,false,true,0,codable,OWL_ANS,emissible,1705
T26.6,XIX,XIX/T26.6.md,Corrosion de la cornée et du sac conjonctival,true,false,true,false,true,0,codable,OWL_ANS,emissible,1693
T26.7,XIX,XIX/T26.7.md,Corrosion provoquant la rupture et la destruction du globe oculaire,true,false,true,false,false,0,codable,OWL_ANS,emissible,1632
T26.8,XIX,XIX/T26.8.md,Corrosion d'autres parties de l'œil et de ses annexes,true,false,true,false,true,0,codable,OWL_ANS,emissible,2257
T26.9,XIX,XIX/T26.9.md,"Corrosion de l'œil et de ses annexes, partie non précisée",true,false,true,false,true,0,codable,OWL_ANS,emissible,1717
T27.0,XIX,XIX/T27.0.md,Brulure du larynx et de la trachée,true,false,true,false,false,0,codable,OWL_ANS,emissible,1599
T27.1,XIX,XIX/T27.1.md,Brulure comprenant le larynx et la trachée avec les poumons,true,false,true,false,false,0,codable,OWL_ANS,emissible,1710
T27.2,XIX,XIX/T27.2.md,Brulure d'autres parties des voies respiratoires,true,false,true,false,false,0,codable,OWL_ANS,emissible,1654
T27.3,XIX,XIX/T27.3.md,"Brulure des voies respiratoires, partie non précisée",true,false,true,false,false,0,codable,OWL_ANS,emissible,1617
T27.4,XIX,XIX/T27.4.md,Corrosion du larynx et de la trachée,true,false,true,false,true,0,codable,OWL_ANS,emissible,1680
T27.5,XIX,XIX/T27.5.md,Corrosion comprenant le larynx et la trachée avec les poumons,true,false,true,false,true,0,codable,OWL_ANS,emissible,1685
T27.6,XIX,XIX/T27.6.md,Corrosion d'autres parties des voies respiratoires,true,false,true,false,true,0,codable,OWL_ANS,emissible,1685
T27.7,XIX,XIX/T27.7.md,"Corrosion des voies respiratoires, partie non précisée",true,false,true,false,true,0,codable,OWL_ANS,emissible,1696
T28.0,XIX,XIX/T28.0.md,Brulure de la bouche et du pharynx,true,false,true,false,false,0,codable,OWL_ANS,emissible,1599
T28.1,XIX,XIX/T28.1.md,Brulure de l'œsophage,true,false,true,false,false,0,codable,OWL_ANS,emissible,1586
T28.2,XIX,XIX/T28.2.md,Brulure d'autres parties des voies digestives,true,false,true,false,false,0,codable,OWL_ANS,emissible,1610
T28.3,XIX,XIX/T28.3.md,Brulure des organes génito-urinaires internes,true,false,true,false,false,0,codable,OWL_ANS,emissible,1610
T28.4,XIX,XIX/T28.4.md,"Brulure des organes internes, autres et sans précision",true,false,true,false,false,0,codable,OWL_ANS,emissible,1619
T28.5,XIX,XIX/T28.5.md,Corrosion de la bouche et du pharynx,true,false,true,false,true,0,codable,OWL_ANS,emissible,1756
T28.6,XIX,XIX/T28.6.md,Corrosion de l'œsophage,true,false,true,false,true,0,codable,OWL_ANS,emissible,1650
T28.7,XIX,XIX/T28.7.md,Corrosion d'autres parties des voies digestives,true,false,true,false,true,0,codable,OWL_ANS,emissible,1799
T28.8,XIX,XIX/T28.8.md,Corrosion des organes génito-urinaires internes,true,false,true,false,true,0,codable,OWL_ANS,emissible,2162
T28.9,XIX,XIX/T28.9.md,"Corrosion des organes internes, autres et sans précision",true,false,true,false,false,0,codable,OWL_ANS,emissible,1621
T29.0,XIX,XIX/T29.0.md,"Brulures de parties multiples du corps, degré non précisé",true,false,true,false,false,0,codable,OWL_ANS,emissible,1881
T29.1,XIX,XIX/T29.1.md,"Brulures de parties multiples du corps, pas de brulures mentionnées dépassant le premier degré",true,false,true,false,false,0,codable,OWL_ANS,emissible,1872
T29.2,XIX,XIX/T29.2.md,"Brulures de parties multiples du corps, pas de brulures mentionnées dépassant le deuxième degré",true,false,true,false,false,0,codable,OWL_ANS,emissible,1873
T29.3,XIX,XIX/T29.3.md,"Brulures de parties multiples du corps, au moins une brulure du troisième degré mentionnée",true,false,true,false,false,0,codable,OWL_ANS,emissible,1868
T29.4,XIX,XIX/T29.4.md,"Corrosions de parties multiples du corps, degré non précisé",true,false,true,false,true,0,codable,OWL_ANS,emissible,1946
T29.5,XIX,XIX/T29.5.md,"Corrosions de parties multiples du corps, pas de corrosions mentionnées dépassant le premier degré",true,false,true,false,false,0,codable,OWL_ANS,emissible,1876
T29.6,XIX,XIX/T29.6.md,"Corrosions de parties multiples du corps, pas de corrosions mentionnées dépassant le deuxième degré",true,false,true,false,false,0,codable,OWL_ANS,emissible,1877
T29.7,XIX,XIX/T29.7.md,"Corrosions de parties multiples du corps, au moins une corrosion du troisième degré mentionnée",true,false,true,false,false,0,codable,OWL_ANS,emissible,1872
T30.0,XIX,XIX/T30.0.md,"Brulure, partie du corps non précisée, degré non précisé",true,false,true,false,true,0,codable,OWL_ANS,emissible,1912
T30.1,XIX,XIX/T30.1.md,"Brulure du premier degré, partie du corps non précisée",true,false,true,false,false,0,codable,OWL_ANS,emissible,1846
T30.2,XIX,XIX/T30.2.md,"Brulure du deuxième degré, partie du corps non précisée",true,false,true,false,false,0,codable,OWL_ANS,emissible,1846
T30.3,XIX,XIX/T30.3.md,"Brulure du troisième degré, partie du corps non précisée",true,false,true,false,false,0,codable,OWL_ANS,emissible,1850
T30.4,XIX,XIX/T30.4.md,"Corrosion, partie du corps non précisée, degré non précisé",true,false,true,false,true,0,codable,OWL_ANS,emissible,1887
T30.5,XIX,XIX/T30.5.md,"Corrosion du premier degré, partie du corps non précisée",true,false,true,false,false,0,codable,OWL_ANS,emissible,1850
T30.6,XIX,XIX/T30.6.md,"Corrosion du deuxième degré, partie du corps non précisée",true,false,true,false,false,0,codable,OWL_ANS,emissible,1850
T30.7,XIX,XIX/T30.7.md,"Corrosion du troisième degré, partie du corps non précisée",true,false,true,false,false,0,codable,OWL_ANS,emissible,1854
T31.0,XIX,XIX/T31.0.md,Brulures couvrant moins de 10% de la surface du corps,true,false,true,false,false,0,codable,OWL_ANS,emissible,1633
T31.1,XIX,XIX/T31.1.md,Brulures couvrant entre 10% et moins de 20% de la surface du corps,true,false,true,false,false,0,codable,OWL_ANS,emissible,1646
T31.2,XIX,XIX/T31.2.md,Brulures couvrant entre 20% et moins de 30% de la surface du corps,true,false,true,false,false,0,codable,OWL_ANS,emissible,1646
T31.30,XIX,XIX/T31.30.md,"Brulures du premier degré ou de degré non précisé, couvrant entre 30% et moins de 40% de la surface du corps",true,false,true,false,false,0,codable,OWL_ANS,emissible,1690
T31.31,XIX,XIX/T31.31.md,"Brulures du deuxième ou du troisième degré, couvrant entre 30% et moins de 40% de la surface du corps",true,false,true,false,false,0,codable,OWL_ANS,emissible,1683
T31.40,XIX,XIX/T31.40.md,"Brulures du premier degré ou de degré non précisé, couvrant entre 40% et moins de 50% de la surface du corps",true,false,true,false,false,0,codable,OWL_ANS,emissible,1690
T31.41,XIX,XIX/T31.41.md,"Brulures du deuxième ou du troisième degré, couvrant entre 40% et moins de 50% de la surface du corps",true,false,true,false,false,0,codable,OWL_ANS,emissible,1683
T31.50,XIX,XIX/T31.50.md,"Brulures du premier degré ou de degré non précisé, couvrant entre 50% et moins de 60% de la surface du corps",true,false,true,false,false,0,codable,OWL_ANS,emissible,1690
T31.51,XIX,XIX/T31.51.md,"Brulures du deuxième ou du troisième degré, couvrant entre 50% et moins de 60% de la surface du corps",true,false,true,false,false,0,codable,OWL_ANS,emissible,1683
T31.6,XIX,XIX/T31.6.md,Brulures couvrant entre 60% et moins de 70% de la surface du corps,true,false,true,false,false,0,codable,OWL_ANS,emissible,1646
T31.7,XIX,XIX/T31.7.md,Brulures couvrant entre 70% et moins de 80% de la surface du corps,true,false,true,false,false,0,codable,OWL_ANS,emissible,1646
T31.8,XIX,XIX/T31.8.md,Brulures couvrant entre 80% et moins de 90% de la surface du corps,true,false,true,false,false,0,codable,OWL_ANS,emissible,2306
T31.9,XIX,XIX/T31.9.md,Brulures couvrant 90% ou plus de la surface du corps,true,false,true,false,false,0,codable,OWL_ANS,emissible,1632
T32.0,XIX,XIX/T32.0.md,Corrosions couvrant moins de 10% de la surface du corps,true,false,true,false,false,0,codable,OWL_ANS,emissible,1635
T32.1,XIX,XIX/T32.1.md,Corrosions couvrant entre 10% et moins de 20% de la surface du corps,true,false,true,false,false,0,codable,OWL_ANS,emissible,1648
T32.2,XIX,XIX/T32.2.md,Corrosions couvrant entre 20% et moins de 30% de la surface du corps,true,false,true,false,false,0,codable,OWL_ANS,emissible,1648
T32.3,XIX,XIX/T32.3.md,Corrosions couvrant entre 30% et moins de 40% de la surface du corps,true,false,true,false,false,0,codable,OWL_ANS,emissible,1648
T32.4,XIX,XIX/T32.4.md,Corrosions couvrant entre 40% et moins de 50% de la surface du corps,true,false,true,false,false,0,codable,OWL_ANS,emissible,1648
T32.5,XIX,XIX/T32.5.md,Corrosions couvrant entre 50% et moins de 60% de la surface du corps,true,false,true,false,false,0,codable,OWL_ANS,emissible,1648
T32.6,XIX,XIX/T32.6.md,Corrosions couvrant entre 60% et moins de 70% de la surface du corps,true,false,true,false,false,0,codable,OWL_ANS,emissible,1648
T32.7,XIX,XIX/T32.7.md,Corrosions couvrant entre 70% et moins de 80% de la surface du corps,true,false,true,false,false,0,codable,OWL_ANS,emissible,1648
T32.8,XIX,XIX/T32.8.md,Corrosions couvrant entre 80% et moins de 90% de la surface du corps,true,false,true,false,false,0,codable,OWL_ANS,emissible,2324
T32.9,XIX,XIX/T32.9.md,Corrosions couvrant 90% ou plus de la surface du corps,true,false,true,false,false,0,codable,OWL_ANS,emissible,1634
T33.0,XIX,XIX/T33.0.md,Gelure superficielle de la tête,true,false,true,false,false,0,codable,OWL_ANS,emissible,1049
T33.1,XIX,XIX/T33.1.md,Gelure superficielle du cou,true,false,true,false,false,0,codable,OWL_ANS,emissible,1045
T33.2,XIX,XIX/T33.2.md,Gelure superficielle du thorax,true,false,true,false,false,0,codable,OWL_ANS,emissible,1048
T33.3,XIX,XIX/T33.3.md,"Gelure superficielle de la paroi abdominale, des lombes et du bassin",true,false,true,false,false,0,codable,OWL_ANS,emissible,1086
T33.4,XIX,XIX/T33.4.md,Gelure superficielle du bras et de l'avant-bras,true,false,true,false,false,0,codable,OWL_ANS,emissible,1164
T33.5,XIX,XIX/T33.5.md,Gelure superficielle du poignet et de la main,true,false,true,false,false,0,codable,OWL_ANS,emissible,1063
T33.6,XIX,XIX/T33.6.md,Gelure superficielle de la hanche et de la cuisse,true,false,true,false,false,0,codable,OWL_ANS,emissible,1067
T33.7,XIX,XIX/T33.7.md,Gelure superficielle du genou et de la jambe,true,false,true,false,false,0,codable,OWL_ANS,emissible,1162
T33.8,XIX,XIX/T33.8.md,Gelure superficielle de la cheville et du pied,true,false,true,false,false,0,codable,OWL_ANS,emissible,1550
T33.9,XIX,XIX/T33.9.md,Gelure superficielle de localisations autres et non précisées,true,false,true,false,false,0,codable,OWL_ANS,emissible,1191
T34.0,XIX,XIX/T34.0.md,"Gelure de la tête, avec nécrose des tissus",false,false,true,false,false,0,codable,OWL_ANS,emissible,941
T34.1,XIX,XIX/T34.1.md,"Gelure du cou, avec nécrose des tissus",false,false,true,false,false,0,codable,OWL_ANS,emissible,937
T34.2,XIX,XIX/T34.2.md,"Gelure du thorax, avec nécrose des tissus",false,false,true,false,false,0,codable,OWL_ANS,emissible,940
T34.3,XIX,XIX/T34.3.md,"Gelure de la paroi abdominale, des lombes et du bassin, avec nécrose des tissus",false,false,true,false,false,0,codable,OWL_ANS,emissible,978
T34.4,XIX,XIX/T34.4.md,"Gelure du bras et de l'avant-bras, avec nécrose des tissus",false,false,true,false,false,0,codable,OWL_ANS,emissible,1067
T34.5,XIX,XIX/T34.5.md,"Gelure du poignet et de la main, avec nécrose des tissus",false,false,true,false,false,0,codable,OWL_ANS,emissible,955
T34.6,XIX,XIX/T34.6.md,"Gelure de la hanche et de la cuisse, avec nécrose des tissus",false,false,true,false,false,0,codable,OWL_ANS,emissible,959
T34.7,XIX,XIX/T34.7.md,"Gelure du genou et de la jambe, avec nécrose des tissus",false,false,true,false,false,0,codable,OWL_ANS,emissible,1065
T34.8,XIX,XIX/T34.8.md,"Gelure de la cheville et du pied, avec nécrose des tissus",false,false,true,false,false,0,codable,OWL_ANS,emissible,1530
T34.9,XIX,XIX/T34.9.md,"Gelure de localisations autres et non précisées, avec nécrose des tissus",true,false,true,false,false,0,codable,OWL_ANS,emissible,1144
T35.0,XIX,XIX/T35.0.md,Gelure superficielle de parties multiples du corps,true,false,true,false,false,0,codable,OWL_ANS,emissible,902
T35.1,XIX,XIX/T35.1.md,"Gelure de parties multiples du corps, avec nécrose des tissus",true,false,true,false,false,0,codable,OWL_ANS,emissible,923
T35.2,XIX,XIX/T35.2.md,"Gelure de la tête et du cou, sans précision",false,false,true,false,true,0,codable,OWL_ANS,emissible,901
T35.3,XIX,XIX/T35.3.md,"Gelure du thorax, de l'abdomen, des lombes et du bassin, sans précision",true,false,true,false,true,0,codable,OWL_ANS,emissible,1036
T35.4,XIX,XIX/T35.4.md,"Gelure du membre supérieur, sans précision",false,false,true,false,true,0,codable,OWL_ANS,emissible,925
T35.5,XIX,XIX/T35.5.md,"Gelure du membre inférieur, sans précision",false,false,true,false,true,0,codable,OWL_ANS,emissible,955
T35.6,XIX,XIX/T35.6.md,"Gelure de parties multiples du corps, sans précision",true,false,true,false,true,0,codable,OWL_ANS,emissible,948
T35.7,XIX,XIX/T35.7.md,"Gelure, sans précision, de localisation non précisée",true,false,true,false,true,0,codable,OWL_ANS,emissible,927
T36.0,XIX,XIX/T36.0.md,Intoxication par pénicillines,true,false,true,true,false,0,codable,OWL_ANS,emissible,3191
T36.1,XIX,XIX/T36.1.md,Intoxication par céphalosporines et autres bêtalactamines,true,false,true,true,false,0,codable,OWL_ANS,emissible,3219
T36.2,XIX,XIX/T36.2.md,Intoxication par groupe du chloramphénicol,true,false,true,true,false,0,codable,OWL_ANS,emissible,3204
T36.3,XIX,XIX/T36.3.md,Intoxication par macrolides,true,false,true,true,false,0,codable,OWL_ANS,emissible,3189
T36.4,XIX,XIX/T36.4.md,Intoxication par tétracyclines,true,false,true,true,false,0,codable,OWL_ANS,emissible,3192
T36.5,XIX,XIX/T36.5.md,Intoxication par aminosides,true,false,true,true,false,0,codable,OWL_ANS,emissible,3226
T36.6,XIX,XIX/T36.6.md,Intoxication par rifamycines,true,false,true,true,false,0,codable,OWL_ANS,emissible,3190
T36.7,XIX,XIX/T36.7.md,Intoxication par antibiotiques antifongiques administrés par voie générale,true,false,true,true,false,0,codable,OWL_ANS,emissible,3236
T36.8,XIX,XIX/T36.8.md,Intoxication par autres antibiotiques systémiques,true,false,true,true,false,0,codable,OWL_ANS,emissible,3670
T36.9,XIX,XIX/T36.9.md,"Intoxication par antibiotique systémique, sans précision",true,false,true,true,false,0,codable,OWL_ANS,emissible,3189
T37.0,XIX,XIX/T37.0.md,Intoxication par sulfamides,true,false,true,true,false,0,codable,OWL_ANS,emissible,3157
T37.1,XIX,XIX/T37.1.md,Intoxication par antimycobactériens,true,false,true,true,false,0,codable,OWL_ANS,emissible,3246
T37.2,XIX,XIX/T37.2.md,Intoxication par antipaludiques et médicaments agissant sur d'autres protozoaires du sang,true,false,true,true,false,0,codable,OWL_ANS,emissible,3297
T37.3,XIX,XIX/T37.3.md,Intoxication par autres antiprotozoaires,true,false,true,true,false,0,codable,OWL_ANS,emissible,3170
T37.4,XIX,XIX/T37.4.md,Intoxication par anthelminthiques,true,false,true,true,false,0,codable,OWL_ANS,emissible,3163
T37.5,XIX,XIX/T37.5.md,Intoxication par antiviraux,true,false,true,true,false,0,codable,OWL_ANS,emissible,3234
T37.8,XIX,XIX/T37.8.md,Intoxication par autres anti-infectieux et antiparasitaires systémiques précisés,true,false,true,true,true,0,codable,OWL_ANS,emissible,3770
T37.9,XIX,XIX/T37.9.md,"Intoxication par anti-infectieux et antiparasitaire systémiques, sans précision",true,false,true,true,false,0,codable,OWL_ANS,emissible,3180
T38.0,XIX,XIX/T38.0.md,Intoxication par glucocorticoïdes et analogues synthétiques,true,false,true,true,true,0,codable,OWL_ANS,emissible,3345
T38.1,XIX,XIX/T38.1.md,Intoxication par hormones thyroïdiennes et leurs dérivés,true,false,true,true,false,0,codable,OWL_ANS,emissible,3184
T38.2,XIX,XIX/T38.2.md,Intoxication par antithyroïdiens,true,false,true,true,false,0,codable,OWL_ANS,emissible,3160
T38.3,XIX,XIX/T38.3.md,Intoxication par insuline et hypoglycémiants oraux [antidiabétiques],true,false,true,true,true,0,codable,OWL_ANS,emissible,3293
T38.4,XIX,XIX/T38.4.md,Intoxication par contraceptifs oraux,true,false,true,true,false,0,codable,OWL_ANS,emissible,3244
T38.5,XIX,XIX/T38.5.md,Intoxication par autres oestrogènes et progestatifs,true,false,true,true,false,0,codable,OWL_ANS,emissible,3226
T38.6,XIX,XIX/T38.6.md,"Intoxication par antigonadotropines, anti-oestrogènes, anti-androgènes, non classés ailleurs",true,false,true,true,false,0,codable,OWL_ANS,emissible,3254
T38.7,XIX,XIX/T38.7.md,Intoxication par androgènes et autres anabolisants,true,false,true,true,false,0,codable,OWL_ANS,emissible,3178
T38.8,XIX,XIX/T38.8.md,"Intoxication par hormones et leurs substituts synthétiques, autres et sans précision",true,false,true,true,false,0,codable,OWL_ANS,emissible,3872
T38.9,XIX,XIX/T38.9.md,"Intoxication par antagonistes hormonaux, autres et sans précision",true,false,true,true,false,0,codable,OWL_ANS,emissible,3164
T39.0,XIX,XIX/T39.0.md,Intoxication par salicylés,true,false,true,true,false,0,codable,OWL_ANS,emissible,2954
T39.1,XIX,XIX/T39.1.md,Intoxication par dérivés du 4-aminophénol,true,false,true,true,false,0,codable,OWL_ANS,emissible,2969
T39.2,XIX,XIX/T39.2.md,Intoxication par dérivés pyrazolés,true,false,true,true,false,0,codable,OWL_ANS,emissible,2962
T39.3,XIX,XIX/T39.3.md,Intoxication par autres anti-inflammatoires non stéroïdiens [AINS],true,false,true,true,false,0,codable,OWL_ANS,emissible,2994
T39.4,XIX,XIX/T39.4.md,"Intoxication par antirhumatismaux, non classés ailleurs",true,false,true,true,false,0,codable,OWL_ANS,emissible,3065
T39.8,XIX,XIX/T39.8.md,"Intoxication par autres analgésiques non opioïdes et antipyrétiques, non classés ailleurs",true,false,true,true,false,0,codable,OWL_ANS,emissible,3345
T39.9,XIX,XIX/T39.9.md,"Intoxication par analgésique non opioïde, antipyrétique et antirhumatismal, sans précision",true,false,true,true,false,0,codable,OWL_ANS,emissible,3018
T40.0,XIX,XIX/T40.0.md,Intoxication par opium,true,false,true,true,false,0,codable,OWL_ANS,emissible,3060
T40.1,XIX,XIX/T40.1.md,Intoxication par héroïne,true,false,true,true,false,0,codable,OWL_ANS,emissible,3062
T40.2,XIX,XIX/T40.2.md,Intoxication par autres opioïdes,true,false,true,true,false,0,codable,OWL_ANS,emissible,3112
T40.3,XIX,XIX/T40.3.md,Intoxication par méthadone,true,false,true,true,false,0,codable,OWL_ANS,emissible,3064
T40.4,XIX,XIX/T40.4.md,Intoxication par autres narcotiques synthétiques,true,false,true,true,false,0,codable,OWL_ANS,emissible,3119
T40.5,XIX,XIX/T40.5.md,Intoxication par cocaïne,true,false,true,true,false,0,codable,OWL_ANS,emissible,3062
T40.6,XIX,XIX/T40.6.md,"Intoxication par narcotiques, autres et sans précision",true,false,true,true,false,0,codable,OWL_ANS,emissible,3092
T40.7,XIX,XIX/T40.7.md,Intoxication par cannabis (dérivés),true,false,true,true,false,0,codable,OWL_ANS,emissible,3073
T40.8,XIX,XIX/T40.8.md,Intoxication par lysergide [LSD],true,false,true,true,false,0,codable,OWL_ANS,emissible,3480
T40.9,XIX,XIX/T40.9.md,"Intoxication par psychodysleptiques [hallucinogènes], autres et sans précision",true,false,true,true,false,0,codable,OWL_ANS,emissible,3146
T41.0,XIX,XIX/T41.0.md,Intoxication par anesthésiques gazeux,true,false,true,true,false,0,codable,OWL_ANS,emissible,3151
T41.1,XIX,XIX/T41.1.md,Intoxication par anesthésiques intraveineux,true,false,true,true,false,0,codable,OWL_ANS,emissible,3143
T41.2,XIX,XIX/T41.2.md,"Intoxication par anesthésiques généraux, autres et sans précision",true,false,true,true,false,0,codable,OWL_ANS,emissible,3124
T41.3,XIX,XIX/T41.3.md,Intoxication par anesthésiques locaux,true,false,true,true,false,0,codable,OWL_ANS,emissible,3096
T41.4,XIX,XIX/T41.4.md,"Intoxication par anesthésiques, sans précision",true,false,true,true,true,0,codable,OWL_ANS,emissible,3173
T41.5,XIX,XIX/T41.5.md,Intoxication par gaz thérapeutiques,true,false,true,true,false,0,codable,OWL_ANS,emissible,3146
T42.0,XIX,XIX/T42.0.md,Intoxication par dérivés de l'hydantoïne,true,false,true,true,false,0,codable,OWL_ANS,emissible,3913
T42.1,XIX,XIX/T42.1.md,Intoxication par iminostilbènes,true,false,true,true,false,0,codable,OWL_ANS,emissible,3941
T42.2,XIX,XIX/T42.2.md,Intoxication par succinimides et oxazolidine-diones,true,false,true,true,false,0,codable,OWL_ANS,emissible,3924
T42.3,XIX,XIX/T42.3.md,Intoxication par barbituriques,true,false,true,true,false,0,codable,OWL_ANS,emissible,3968
T42.4,XIX,XIX/T42.4.md,Intoxication par benzodiazépines,true,false,true,true,false,0,codable,OWL_ANS,emissible,3905
T42.5,XIX,XIX/T42.5.md,"Intoxication par anti-épileptiques en association, non classés ailleurs",true,false,true,true,false,0,codable,OWL_ANS,emissible,3944
T42.6,XIX,XIX/T42.6.md,"Intoxication par autres anti-épileptiques, sédatifs et hypnotiques",true,false,true,true,false,0,codable,OWL_ANS,emissible,4055
T42.7,XIX,XIX/T42.7.md,"Intoxication par anti-épileptiques, sédatifs et hypnotiques, sans précision",true,false,true,true,false,0,codable,OWL_ANS,emissible,4047
T42.8,XIX,XIX/T42.8.md,Intoxication par antiparkinsoniens et autres dépresseurs centraux du tonus musculaire,true,false,true,true,false,0,codable,OWL_ANS,emissible,4533
T43.0,XIX,XIX/T43.0.md,Intoxication par antidépresseurs tricycliques et tétracycliques,true,false,true,true,false,0,codable,OWL_ANS,emissible,3239
T43.1,XIX,XIX/T43.1.md,Intoxication par antidépresseurs inhibiteurs de la mono-amine-oxydase,true,false,true,true,false,0,codable,OWL_ANS,emissible,3245
T43.2,XIX,XIX/T43.2.md,"Intoxication par antidépresseurs, autres et non précisés",true,false,true,true,false,0,codable,OWL_ANS,emissible,3232
T43.3,XIX,XIX/T43.3.md,Intoxication par psycholeptiques et neuroleptiques dérivés de la phénothiazine,true,false,true,true,false,0,codable,OWL_ANS,emissible,3254
T43.4,XIX,XIX/T43.4.md,Intoxication par neuroleptiques de type butyrophénone et thioxanthène,true,false,true,true,false,0,codable,OWL_ANS,emissible,3245
T43.5,XIX,XIX/T43.5.md,"Intoxication par psycholeptiques et neuroleptiques, autres et non précisés",true,false,true,true,false,0,codable,OWL_ANS,emissible,3307
T43.6,XIX,XIX/T43.6.md,Intoxication par psychostimulants présentant un risque d'abus,true,false,true,true,false,0,codable,OWL_ANS,emissible,3292
T43.8,XIX,XIX/T43.8.md,"Intoxication par autres médicaments psychotropes, non classés ailleurs",true,false,true,true,false,0,codable,OWL_ANS,emissible,3848
T43.9,XIX,XIX/T43.9.md,"Intoxication par médicament psychotrope, sans précision",true,false,true,true,false,0,codable,OWL_ANS,emissible,3202
T44.0,XIX,XIX/T44.0.md,Intoxication par anticholinestérasiques,true,false,true,true,false,0,codable,OWL_ANS,emissible,2967
T44.1,XIX,XIX/T44.1.md,Intoxication par autres parasympathomimétiques [cholinergiques],true,false,true,true,false,0,codable,OWL_ANS,emissible,2991
T44.2,XIX,XIX/T44.2.md,"Intoxication par ganglioplégiques, non classés ailleurs",true,false,true,true,false,0,codable,OWL_ANS,emissible,2983
T44.3,XIX,XIX/T44.3.md,"Intoxication par autres agents parasympatholytiques [anticholinergiques et antimuscariniques] et spasmolytiques, non classés ailleurs",true,false,true,true,false,0,codable,OWL_ANS,emissible,3095
T44.4,XIX,XIX/T44.4.md,"Intoxication par agents principalement alpha-sympathomimétiques, non classés ailleurs",true,false,true,true,false,0,codable,OWL_ANS,emissible,3048
T44.5,XIX,XIX/T44.5.md,"Intoxication par agents principalement bêta-sympathomimétiques, non classés ailleurs",true,false,true,true,false,0,codable,OWL_ANS,emissible,3109
T44.6,XIX,XIX/T44.6.md,"Intoxication par alpha-bloquants, non classés ailleurs",true,false,true,true,false,0,codable,OWL_ANS,emissible,3061
T44.7,XIX,XIX/T44.7.md,"Intoxication par bêta-bloquants, non classés ailleurs",true,false,true,true,false,0,codable,OWL_ANS,emissible,2981
T44.8,XIX,XIX/T44.8.md,"Intoxication par agents bloquants neuronaux adrénergiques et d'action centrale, non classés ailleurs",true,false,true,true,false,0,codable,OWL_ANS,emissible,3817
T44.9,XIX,XIX/T44.9.md,"Intoxication par médicaments agissant essentiellement sur le système nerveux autonome, autres et sans précision",true,false,true,true,false,0,codable,OWL_ANS,emissible,3138
T45.0,XIX,XIX/T45.0.md,Intoxication par médicaments antiallergiques et antiémétiques,true,false,true,true,false,0,codable,OWL_ANS,emissible,3075
T45.1,XIX,XIX/T45.1.md,Intoxication par médicaments antitumoraux et immunosuppresseurs,true,false,true,true,false,0,codable,OWL_ANS,emissible,3112
T45.2,XIX,XIX/T45.2.md,"Intoxication par vitamines, non classées ailleurs",true,false,true,true,false,0,codable,OWL_ANS,emissible,3071
T45.3,XIX,XIX/T45.3.md,"Intoxication par enzymes, non classées ailleurs",true,false,true,true,false,0,codable,OWL_ANS,emissible,2975
T45.4,XIX,XIX/T45.4.md,Intoxication par fer et ses composés,true,false,true,true,false,0,codable,OWL_ANS,emissible,2964
T45.5,XIX,XIX/T45.5.md,Intoxication par anticoagulants,true,false,true,true,false,0,codable,OWL_ANS,emissible,2959
T45.6,XIX,XIX/T45.6.md,Intoxication par médicaments agissant sur la fibrinolyse,true,false,true,true,false,0,codable,OWL_ANS,emissible,2984
T45.7,XIX,XIX/T45.7.md,"Intoxication par antagonistes des anticoagulants, vitamine K et autres coagulants",true,false,true,true,false,0,codable,OWL_ANS,emissible,3009
T45.8,XIX,XIX/T45.8.md,Intoxication par autres substances essentiellement systémiques et hématologiques,true,false,true,true,false,0,codable,OWL_ANS,emissible,3796
T45.9,XIX,XIX/T45.9.md,"Intoxication par substance essentiellement systémique et hématologique, sans précision",true,false,true,true,false,0,codable,OWL_ANS,emissible,3014
T46.0,XIX,XIX/T46.0.md,Intoxication par glucosides cardiotoniques et médicaments d'action similaire,true,false,true,true,false,0,codable,OWL_ANS,emissible,3092
T46.1,XIX,XIX/T46.1.md,Intoxication par inhibiteurs calciques,true,false,true,true,false,0,codable,OWL_ANS,emissible,3054
T46.2,XIX,XIX/T46.2.md,"Intoxication par autres antiarythmisants, non classés ailleurs",true,false,true,true,false,0,codable,OWL_ANS,emissible,3139
T46.3,XIX,XIX/T46.3.md,"Intoxication par vasodilatateurs coronariens, non classés ailleurs",true,false,true,true,false,0,codable,OWL_ANS,emissible,3209
T46.4,XIX,XIX/T46.4.md,Intoxication par inhibiteurs de l'enzyme de conversion,true,false,true,true,false,0,codable,OWL_ANS,emissible,3070
T46.5,XIX,XIX/T46.5.md,"Intoxication par autres antihypertenseurs, non classés ailleurs",true,false,true,true,false,0,codable,OWL_ANS,emissible,3256
T46.6,XIX,XIX/T46.6.md,Intoxication par antihyperlipidémiants et antiartériosclérosants,true,false,true,true,false,0,codable,OWL_ANS,emissible,3080
T46.7,XIX,XIX/T46.7.md,Intoxication par vasodilatateurs périphériques,true,false,true,true,false,0,codable,OWL_ANS,emissible,3171
T46.8,XIX,XIX/T46.8.md,"Intoxication par substances antivariqueuses, y compris les agents sclérosants",true,false,true,true,false,0,codable,OWL_ANS,emissible,3707
T46.9,XIX,XIX/T46.9.md,"Intoxication par substances agissant essentiellement sur le système cardio-vasculaire, autres et sans précision",true,false,true,true,false,0,codable,OWL_ANS,emissible,3098
T47.0,XIX,XIX/T47.0.md,Intoxication par inhibiteurs des récepteurs histaminiques H2,true,false,true,true,false,0,codable,OWL_ANS,emissible,2988
T47.1,XIX,XIX/T47.1.md,Intoxication par autres antiacides et antisécrétoires gastriques,true,false,true,true,false,0,codable,OWL_ANS,emissible,2992
T47.2,XIX,XIX/T47.2.md,Intoxication par laxatifs stimulants,true,false,true,true,false,0,codable,OWL_ANS,emissible,2964
T47.3,XIX,XIX/T47.3.md,Intoxication par laxatifs salins et osmotiques,true,false,true,true,false,0,codable,OWL_ANS,emissible,2974
T47.4,XIX,XIX/T47.4.md,Intoxication par autres laxatifs,true,false,true,true,false,0,codable,OWL_ANS,emissible,2960
T47.5,XIX,XIX/T47.5.md,Intoxication par médicaments facilitant la digestion,true,false,true,true,false,0,codable,OWL_ANS,emissible,2980
T47.6,XIX,XIX/T47.6.md,Intoxication par antidiarrhéiques,true,false,true,true,false,0,codable,OWL_ANS,emissible,3061
T47.7,XIX,XIX/T47.7.md,Intoxication par émétiques,true,false,true,true,false,0,codable,OWL_ANS,emissible,2954
T47.8,XIX,XIX/T47.8.md,Intoxication par autres substances agissant essentiellement sur le tractus gastro-intestinal,true,false,true,true,false,0,codable,OWL_ANS,emissible,3514
T47.9,XIX,XIX/T47.9.md,"Intoxication par substance agissant essentiellement sur le tractus gastro-intestinal, sans précision",true,false,true,true,false,0,codable,OWL_ANS,emissible,3028
T48.0,XIX,XIX/T48.0.md,Intoxication par ocytociques,true,false,true,true,false,0,codable,OWL_ANS,emissible,3050
T48.1,XIX,XIX/T48.1.md,Intoxication par myorelaxants (muscles striés) [bloquants neuro-musculaires],true,false,true,true,false,0,codable,OWL_ANS,emissible,3004
T48.2,XIX,XIX/T48.2.md,"Intoxication par substances agissant essentiellement sur les muscles, autres et sans précision",true,false,true,true,false,0,codable,OWL_ANS,emissible,3022
T48.3,XIX,XIX/T48.3.md,Intoxication par antitussifs,true,false,true,true,false,0,codable,OWL_ANS,emissible,2956
T48.4,XIX,XIX/T48.4.md,Intoxication par expectorants,true,false,true,true,false,0,codable,OWL_ANS,emissible,2957
T48.5,XIX,XIX/T48.5.md,Intoxication par médicaments contre le coryza [rhume banal],true,false,true,true,false,0,codable,OWL_ANS,emissible,2987
T48.6,XIX,XIX/T48.6.md,"Intoxication par antiasthmatiques, non classés ailleurs",true,false,true,true,false,0,codable,OWL_ANS,emissible,3179
T48.7,XIX,XIX/T48.7.md,"Intoxication par substances agissant essentiellement sur l'appareil respiratoire, autres et sans précision",true,false,true,true,false,0,codable,OWL_ANS,emissible,3034
T49.0,XIX,XIX/T49.0.md,"Intoxication par médicaments antifongiques, anti-infectieux et anti-inflammatoires à usage topique, non classés ailleurs",true,false,true,true,false,0,codable,OWL_ANS,emissible,3126
T49.1,XIX,XIX/T49.1.md,Intoxication par antiprurigineux,true,false,true,true,false,0,codable,OWL_ANS,emissible,3038
T49.2,XIX,XIX/T49.2.md,Intoxication par astringents et détergents locaux,true,false,true,true,false,0,codable,OWL_ANS,emissible,3055
T49.3,XIX,XIX/T49.3.md,"Intoxication par émollients, calmants et protecteurs",true,false,true,true,false,0,codable,OWL_ANS,emissible,3058
T49.4,XIX,XIX/T49.4.md,"Intoxication par kératolytiques, kératoplastiques et autres médicaments et préparations capillaires",true,false,true,true,false,0,codable,OWL_ANS,emissible,3105
T49.5,XIX,XIX/T49.5.md,Intoxication par médicaments et préparations ophtalmologiques,true,false,true,true,false,0,codable,OWL_ANS,emissible,3119
T49.6,XIX,XIX/T49.6.md,Intoxication par médicaments et préparations utilisés en oto-rhino-laryngologie,true,false,true,true,false,0,codable,OWL_ANS,emissible,3150
T49.7,XIX,XIX/T49.7.md,Intoxication par médicaments dentaires à usage topique,true,false,true,true,false,0,codable,OWL_ANS,emissible,3060
T49.8,XIX,XIX/T49.8.md,Intoxication par autres topiques,true,false,true,true,false,0,codable,OWL_ANS,emissible,3764
T49.9,XIX,XIX/T49.9.md,"Intoxication par topique, sans précision",true,false,true,true,false,0,codable,OWL_ANS,emissible,3046
T50.0,XIX,XIX/T50.0.md,Intoxication par minéralocorticoïdes et leurs antagonistes,true,false,true,true,false,0,codable,OWL_ANS,emissible,2986
T50.1,XIX,XIX/T50.1.md,Intoxication par diurétiques de l'anse,true,false,true,true,false,0,codable,OWL_ANS,emissible,2966
T50.2,XIX,XIX/T50.2.md,"Intoxication par inhibiteurs de l'anhydrase carbonique, benzothiadiazides et autres diurétiques",true,false,true,true,false,0,codable,OWL_ANS,emissible,3060
T50.3,XIX,XIX/T50.3.md,"Intoxication par produits agissant sur l'équilibre électrolytique, calorique et hydrique",true,false,true,true,false,0,codable,OWL_ANS,emissible,3067
T50.4,XIX,XIX/T50.4.md,Intoxication par médicaments agissant sur le métabolisme de l'acide urique,true,false,true,true,false,0,codable,OWL_ANS,emissible,3002
T50.5,XIX,XIX/T50.5.md,Intoxication par anorexigènes,true,false,true,true,false,0,codable,OWL_ANS,emissible,2957
T50.6,XIX,XIX/T50.6.md,"Intoxication par antidotes et chélateurs, non classés ailleurs",true,false,true,true,false,0,codable,OWL_ANS,emissible,3052
T50.7,XIX,XIX/T50.7.md,Intoxication par analeptiques et antagonistes des opiacés,true,false,true,true,false,0,codable,OWL_ANS,emissible,2985
T50.8,XIX,XIX/T50.8.md,Intoxication par agents de diagnostic,true,false,true,true,false,0,codable,OWL_ANS,emissible,3611
T50.9,XIX,XIX/T50.9.md,"Intoxication par médicaments et substances biologiques, autres et sans précision",true,false,true,true,true,0,codable,OWL_ANS,emissible,3261
T51.0,XIX,XIX/T51.0.md,Effet toxique de l'éthanol,true,false,true,false,false,0,codable,OWL_ANS,emissible,1138
T51.1,XIX,XIX/T51.1.md,Effet toxique du méthanol,true,false,true,false,false,0,codable,OWL_ANS,emissible,981
T51.2,XIX,XIX/T51.2.md,Effet toxique du 2-Propanol,true,false,true,false,false,0,codable,OWL_ANS,emissible,986
T51.3,XIX,XIX/T51.3.md,Effet toxique de l'huile de fusel,true,false,true,false,false,0,codable,OWL_ANS,emissible,1053
T51.8,XIX,XIX/T51.8.md,Effet toxique d'autres alcools,false,false,true,false,false,0,codable,OWL_ANS,emissible,1118
T51.9,XIX,XIX/T51.9.md,"Effet toxique de l'alcool, sans précision",false,false,true,false,false,0,codable,OWL_ANS,emissible,925
T52.0,XIX,XIX/T52.0.md,Effet toxique de produits dérivés du pétrole,true,false,true,false,false,0,codable,OWL_ANS,emissible,1223
T52.1,XIX,XIX/T52.1.md,Effet toxique du benzène,false,false,true,false,false,0,codable,OWL_ANS,emissible,1185
T52.2,XIX,XIX/T52.2.md,Effet toxique d'homologues du benzène,true,false,true,false,false,0,codable,OWL_ANS,emissible,1164
T52.3,XIX,XIX/T52.3.md,Effet toxique des glycols,false,false,true,false,false,0,codable,OWL_ANS,emissible,1047
T52.4,XIX,XIX/T52.4.md,Effet toxique des cétones,false,false,true,false,false,0,codable,OWL_ANS,emissible,1047
T52.8,XIX,XIX/T52.8.md,Effet toxique d'autres solvants organiques,false,false,true,false,false,0,codable,OWL_ANS,emissible,1325
T52.9,XIX,XIX/T52.9.md,"Effet toxique d'un solvant organique, sans précision",false,false,true,false,false,0,codable,OWL_ANS,emissible,1045
T53.0,XIX,XIX/T53.0.md,Effet toxique du tétrachlorure de carbone,true,false,true,false,false,0,codable,OWL_ANS,emissible,998
T53.1,XIX,XIX/T53.1.md,Effet toxique du chloroforme,true,false,true,false,false,0,codable,OWL_ANS,emissible,983
T53.2,XIX,XIX/T53.2.md,Effet toxique du trichloréthylène,true,false,true,false,false,0,codable,OWL_ANS,emissible,987
T53.3,XIX,XIX/T53.3.md,Effet toxique du tétrachloréthylène,true,false,true,false,false,0,codable,OWL_ANS,emissible,1010
T53.4,XIX,XIX/T53.4.md,Effet toxique du dichlorométhane,true,false,true,false,false,0,codable,OWL_ANS,emissible,992
T53.5,XIX,XIX/T53.5.md,Effet toxique des chlorofluorocarbures,false,false,true,false,false,0,codable,OWL_ANS,emissible,922
T53.6,XIX,XIX/T53.6.md,Effet toxique d'autres dérivés halogénés d'hydrocarbures aliphatiques,false,false,true,false,false,0,codable,OWL_ANS,emissible,953
T53.7,XIX,XIX/T53.7.md,Effet toxique d'autres dérivés halogénés d'hydrocarbures aromatiques,false,false,true,false,false,0,codable,OWL_ANS,emissible,952
T53.9,XIX,XIX/T53.9.md,"Effet toxique d'un dérivé halogéné d'hydrocarbures aliphatiques et aromatiques, sans précision",false,false,true,false,false,0,codable,OWL_ANS,emissible,978
T54.0,XIX,XIX/T54.0.md,Effet toxique du phénol et homologues du phénol,false,false,true,false,false,0,codable,OWL_ANS,emissible,931
T54.1,XIX,XIX/T54.1.md,Effet toxique d'autres composés organiques corrosifs,false,false,true,false,false,0,codable,OWL_ANS,emissible,936
T54.2,XIX,XIX/T54.2.md,Effet toxique d'acides corrosifs et substances similaires,true,false,true,false,false,0,codable,OWL_ANS,emissible,1034
T54.3,XIX,XIX/T54.3.md,Effet toxique d'alcalis corrosifs et substances similaires,true,false,true,false,false,0,codable,OWL_ANS,emissible,1059
T54.9,XIX,XIX/T54.9.md,"Effet toxique d'une substance corrosive, sans précision",false,false,true,false,false,0,codable,OWL_ANS,emissible,939
T55,XIX,XIX/T55.md,Effet toxique de savons et détergents,false,false,true,false,false,0,codable,OWL_ANS,emissible,917
T56.0,XIX,XIX/T56.0.md,Effet toxique du plomb et ses composés,true,false,true,false,true,0,codable,OWL_ANS,emissible,1527
T56.1,XIX,XIX/T56.1.md,Effet toxique du mercure et ses composés,true,false,true,false,true,0,codable,OWL_ANS,emissible,1515
T56.2,XIX,XIX/T56.2.md,Effet toxique du chrome et ses composés,true,false,true,false,false,0,codable,OWL_ANS,emissible,1311
T56.3,XIX,XIX/T56.3.md,Effet toxique du cadmium et ses composés,true,false,true,false,true,0,codable,OWL_ANS,emissible,1394
T56.4,XIX,XIX/T56.4.md,Effet toxique du cuivre et ses composés,true,false,true,false,false,0,codable,OWL_ANS,emissible,1311
T56.5,XIX,XIX/T56.5.md,Effet toxique du zinc et ses composés,true,false,true,false,true,0,codable,OWL_ANS,emissible,1385
T56.6,XIX,XIX/T56.6.md,Effet toxique de l'étain et ses composés,true,false,true,false,false,0,codable,OWL_ANS,emissible,1312
T56.7,XIX,XIX/T56.7.md,Effet toxique du béryllium et ses composés,true,false,true,false,false,0,codable,OWL_ANS,emissible,1314
T56.8,XIX,XIX/T56.8.md,Effet toxique d'autres métaux,true,false,true,false,true,0,codable,OWL_ANS,emissible,1862
T56.9,XIX,XIX/T56.9.md,"Effet toxique d'un métal, sans précision",true,false,true,false,false,0,codable,OWL_ANS,emissible,1283
T57.0,XIX,XIX/T57.0.md,Effet toxique de l'arsenic et ses composés,false,false,true,false,true,0,codable,OWL_ANS,emissible,980
T57.1,XIX,XIX/T57.1.md,Effet toxique du phosphore et ses composés,false,false,true,false,false,0,codable,OWL_ANS,emissible,1003
T57.2,XIX,XIX/T57.2.md,Effet toxique du manganèse et ses composés,false,false,true,false,false,0,codable,OWL_ANS,emissible,926
T57.3,XIX,XIX/T57.3.md,Effet toxique du cyanure d'hydrogène,false,false,true,false,false,0,codable,OWL_ANS,emissible,920
T57.8,XIX,XIX/T57.8.md,Effet toxique d'autres substances non organiques précisées,false,false,true,false,false,0,codable,OWL_ANS,emissible,1197
T57.9,XIX,XIX/T57.9.md,"Effet toxique d'une substance non organique, sans précision",false,false,true,false,false,0,codable,OWL_ANS,emissible,943
T58,XIX,XIX/T58.md,Effet toxique du monoxyde de carbone,true,false,true,false,true,0,codable,OWL_ANS,emissible,1081
T59.0,XIX,XIX/T59.0.md,Effet toxique d'oxydes d'azote,true,false,true,false,false,0,codable,OWL_ANS,emissible,1110
T59.1,XIX,XIX/T59.1.md,Effet toxique du dioxyde de soufre,true,false,true,false,false,0,codable,OWL_ANS,emissible,1114
T59.2,XIX,XIX/T59.2.md,Effet toxique du formaldéhyde,true,false,true,false,false,0,codable,OWL_ANS,emissible,1109
T59.3,XIX,XIX/T59.3.md,Effet toxique de gaz lacrymogène,true,false,true,false,false,0,codable,OWL_ANS,emissible,1112
T59.4,XIX,XIX/T59.4.md,Effet toxique du chlore gazeux,true,false,true,false,false,0,codable,OWL_ANS,emissible,1110
T59.5,XIX,XIX/T59.5.md,Effet toxique du fluor (gaz) et fluorure d'hydrogène,true,false,true,false,false,0,codable,OWL_ANS,emissible,1132
T59.6,XIX,XIX/T59.6.md,Effet toxique du sulfure d'hydrogène,true,false,true,false,false,0,codable,OWL_ANS,emissible,1116
T59.7,XIX,XIX/T59.7.md,Effet toxique du dioxyde de carbone,true,false,true,false,false,0,codable,OWL_ANS,emissible,1115
T59.8,XIX,XIX/T59.8.md,"Effet toxique d'autres émanations, gaz et fumées précisés",true,false,true,false,true,0,codable,OWL_ANS,emissible,1612
T59.9,XIX,XIX/T59.9.md,"Effet toxique d'émanation, gaz et fumée, sans précision",true,false,true,false,true,0,codable,OWL_ANS,emissible,1166
T60.0,XIX,XIX/T60.0.md,Effet toxique d'insecticides organo-phosphorés et carbamates,true,false,true,false,false,0,codable,OWL_ANS,emissible,1053
T60.1,XIX,XIX/T60.1.md,Effet toxique d'insecticides halogénés,true,false,true,false,false,0,codable,OWL_ANS,emissible,1100
T60.2,XIX,XIX/T60.2.md,Effet toxique d'autres insecticides,true,false,true,false,false,0,codable,OWL_ANS,emissible,1028
T60.3,XIX,XIX/T60.3.md,Effet toxique d'herbicides et fongicides,true,false,true,false,false,0,codable,OWL_ANS,emissible,1033
T60.4,XIX,XIX/T60.4.md,Effet toxique de rodenticides,true,false,true,false,false,0,codable,OWL_ANS,emissible,1124
T60.8,XIX,XIX/T60.8.md,Effet toxique d'autres pesticides,true,false,true,false,false,0,codable,OWL_ANS,emissible,1334
T60.9,XIX,XIX/T60.9.md,"Effet toxique d'un pesticide, sans précision",true,false,true,false,false,0,codable,OWL_ANS,emissible,1037
T61.0,XIX,XIX/T61.0.md,Effet toxique de ciguatera,false,false,true,false,false,0,codable,OWL_ANS,emissible,1377
T61.1,XIX,XIX/T61.1.md,Intoxication par poissons scombridés,true,false,true,false,true,0,codable,OWL_ANS,emissible,1527
T61.2,XIX,XIX/T61.2.md,Autres intoxications par poissons et coquillages,false,false,true,false,false,0,codable,OWL_ANS,emissible,1399
T61.8,XIX,XIX/T61.8.md,Effet toxique d'autres fruits de mer,false,false,true,false,false,0,codable,OWL_ANS,emissible,1577
T61.9,XIX,XIX/T61.9.md,Effet toxique d'un fruit de mer non précisé,false,false,true,false,false,0,codable,OWL_ANS,emissible,1365
T62.0,XIX,XIX/T62.0.md,Effet toxique de champignons ingérés,false,false,true,false,false,0,codable,OWL_ANS,emissible,1387
T62.1,XIX,XIX/T62.1.md,Effet toxique de baies ingérées,false,false,true,false,false,0,codable,OWL_ANS,emissible,1382
T62.2,XIX,XIX/T62.2.md,Effet toxique d'autres (parties de) plantes ingérées,false,false,true,false,true,0,codable,OWL_ANS,emissible,1467
T62.8,XIX,XIX/T62.8.md,Effet toxique d'autres substances nocives précisées absorbées par le biais d'aliments,false,false,true,false,false,0,codable,OWL_ANS,emissible,1635
T62.9,XIX,XIX/T62.9.md,"Effet toxique d'une substance nocive absorbée par le biais d'aliment, sans précision",false,false,true,false,false,0,codable,OWL_ANS,emissible,1406
T63.0,XIX,XIX/T63.0.md,Effet toxique du venin de serpent,true,false,true,false,true,0,codable,OWL_ANS,emissible,1055
T63.1,XIX,XIX/T63.1.md,Effet toxique du venin d'autres reptiles,true,false,true,false,false,0,codable,OWL_ANS,emissible,994
T63.2,XIX,XIX/T63.2.md,Effet toxique du venin de scorpion,false,false,true,false,false,0,codable,OWL_ANS,emissible,918
T63.3,XIX,XIX/T63.3.md,Effet toxique du venin d'araignée,false,false,true,false,true,0,codable,OWL_ANS,emissible,972
T63.4,XIX,XIX/T63.4.md,Effet toxique du venin d'autres arthropodes,true,false,true,false,true,0,codable,OWL_ANS,emissible,1080
T63.5,XIX,XIX/T63.5.md,Effet toxique d'un contact avec des poissons,false,false,true,false,false,0,codable,OWL_ANS,emissible,1020
T63.6,XIX,XIX/T63.6.md,Effet toxique d'un contact avec d'autres animaux marins,true,false,true,false,true,0,codable,OWL_ANS,emissible,1262
T63.8,XIX,XIX/T63.8.md,Effet toxique d'un contact avec d'autres animaux venimeux,true,false,true,false,false,0,codable,OWL_ANS,emissible,1427
T63.9,XIX,XIX/T63.9.md,"Effet toxique d'un contact avec un animal venimeux, sans précision",false,false,true,false,false,0,codable,OWL_ANS,emissible,950
T64,XIX,XIX/T64.md,Effet toxique de l'aflatoxine et d'autres mycotoxines contaminant des aliments,false,false,true,false,true,0,codable,OWL_ANS,emissible,1026
T65.0,XIX,XIX/T65.0.md,Effet toxique des cyanures,false,false,true,false,false,0,codable,OWL_ANS,emissible,977
T65.1,XIX,XIX/T65.1.md,Effet toxique de la strychnine et ses sels,false,false,true,false,false,0,codable,OWL_ANS,emissible,926
T65.2,XIX,XIX/T65.2.md,Effet toxique du tabac et de la nicotine,false,false,true,false,false,0,codable,OWL_ANS,emissible,924
T65.3,XIX,XIX/T65.3.md,Effet toxique de dérivés aminés et nitroaminés du benzène et de ses homologues,true,false,true,false,false,0,codable,OWL_ANS,emissible,1072
T65.4,XIX,XIX/T65.4.md,Effet toxique du sulfure de carbone,false,false,true,false,false,0,codable,OWL_ANS,emissible,919
T65.5,XIX,XIX/T65.5.md,Effet toxique de la nitroglycérine et autres acides et esters nitriques,true,false,true,false,false,0,codable,OWL_ANS,emissible,1044
T65.6,XIX,XIX/T65.6.md,"Effet toxique de peintures et teintures, non classées ailleurs",false,false,true,false,false,0,codable,OWL_ANS,emissible,946
T65.8,XIX,XIX/T65.8.md,Effets toxiques d'autres substances précisées,false,false,true,false,false,0,codable,OWL_ANS,emissible,1415
T65.9,XIX,XIX/T65.9.md,"Effet toxique d'une substance, sans précision",true,false,true,false,false,0,codable,OWL_ANS,emissible,1000
T66,XIX,XIX/T66.md,"Effets de rayonnements, sans précision",true,false,true,false,true,0,codable,OWL_ANS,emissible,1218
T67.0,XIX,XIX/T67.0.md,Coup de chaleur et insolation,true,false,true,false,true,0,codable,OWL_ANS,emissible,1272
T67.1,XIX,XIX/T67.1.md,Syncope due à la chaleur,true,false,true,false,true,0,codable,OWL_ANS,emissible,1195
T67.2,XIX,XIX/T67.2.md,Crampes dues à la chaleur,false,false,true,false,true,0,codable,OWL_ANS,emissible,1130
T67.3,XIX,XIX/T67.3.md,Épuisement dû à la chaleur avec perte hydrique,true,false,true,false,false,0,codable,OWL_ANS,emissible,1264
T67.4,XIX,XIX/T67.4.md,Épuisement dû à la chaleur avec perte de sel,true,false,true,false,false,0,codable,OWL_ANS,emissible,1179
T67.5,XIX,XIX/T67.5.md,"Épuisement dû à la chaleur, sans précision",true,false,true,false,true,0,codable,OWL_ANS,emissible,1223
T67.6,XIX,XIX/T67.6.md,Fatigue transitoire due à la chaleur,false,false,true,false,false,0,codable,OWL_ANS,emissible,1059
T67.7,XIX,XIX/T67.7.md,Œdème dû à la chaleur,false,false,true,false,true,0,codable,OWL_ANS,emissible,1107
T67.8,XIX,XIX/T67.8.md,Autres effets de la chaleur et de la lumière,false,false,true,false,false,0,codable,OWL_ANS,emissible,1479
T67.9,XIX,XIX/T67.9.md,"Effet de la chaleur et de la lumière, sans précision",false,false,true,false,true,0,codable,OWL_ANS,emissible,1109
T68.+0,XIX,XIX/T68.+0.md,"Hypothermie, température corporelle égale ou inférieure à 32°C",true,false,true,false,false,0,codable,OWL_ANS,emissible,1067
T68.+8,XIX,XIX/T68.+8.md,"Hypothermie, température corporelle supérieure à 32°C ou non précisée",true,false,true,false,false,0,codable,OWL_ANS,emissible,1074
T69.0,XIX,XIX/T69.0.md,Main et pied d'immersion,true,false,true,false,true,0,codable,OWL_ANS,emissible,919
T69.1,XIX,XIX/T69.1.md,Engelures,false,false,true,false,true,0,codable,OWL_ANS,emissible,844
T69.8,XIX,XIX/T69.8.md,Autres effets précisés d'une baisse de la température,false,false,true,false,false,0,codable,OWL_ANS,emissible,908
T69.9,XIX,XIX/T69.9.md,"Effet d'une baisse de la température, sans précision",false,false,true,false,true,0,codable,OWL_ANS,emissible,833
T70.0,XIX,XIX/T70.0.md,Barotraumatisme de l'oreille,true,false,true,false,true,0,codable,OWL_ANS,emissible,993
T70.1,XIX,XIX/T70.1.md,Barotraumatisme des sinus,true,false,true,false,true,0,codable,OWL_ANS,emissible,994
T70.2,XIX,XIX/T70.2.md,"Effets de l'altitude, autres et non précisés",true,false,true,false,true,0,codable,OWL_ANS,emissible,1170
T70.3,XIX,XIX/T70.3.md,Maladie des caissons [maladie de la décompression],true,false,true,false,true,0,codable,OWL_ANS,emissible,1075
T70.4,XIX,XIX/T70.4.md,Effets des fluides à haute pression,true,false,true,false,true,0,codable,OWL_ANS,emissible,920
T70.8,XIX,XIX/T70.8.md,Autres effets de la pression atmosphérique et de la pression de l'eau,true,false,true,false,false,0,codable,OWL_ANS,emissible,1119
T70.9,XIX,XIX/T70.9.md,"Effet de la pression atmosphérique et de la pression de l'eau, sans précision",false,false,true,false,false,0,codable,OWL_ANS,emissible,746
T71,XIX,XIX/T71.md,Asphyxie,true,false,true,false,true,0,codable,OWL_ANS,emissible,1497
T73.0,XIX,XIX/T73.0.md,Effets de la faim,true,false,true,false,true,0,codable,OWL_ANS,emissible,916
T73.1,XIX,XIX/T73.1.md,Effets de la soif,true,false,true,false,true,0,codable,OWL_ANS,emissible,913
T73.2,XIX,XIX/T73.2.md,Épuisement dû aux éléments,false,false,true,false,true,0,codable,OWL_ANS,emissible,760
T73.3,XIX,XIX/T73.3.md,Épuisement dû à un effort intensif,true,false,true,false,true,0,codable,OWL_ANS,emissible,864
T73.8,XIX,XIX/T73.8.md,Autres effets dus à une privation,false,false,true,false,false,0,codable,OWL_ANS,emissible,889
T73.9,XIX,XIX/T73.9.md,"Effet dû à une privation, sans précision",false,false,true,false,true,0,codable,OWL_ANS,emissible,786
T74.0,XIX,XIX/T74.0.md,Délaissement et abandon,false,false,true,false,true,0,codable,OWL_ANS,emissible,822
T74.1,XIX,XIX/T74.1.md,Sévices physiques,true,false,true,false,true,0,codable,OWL_ANS,emissible,876
T74.2,XIX,XIX/T74.2.md,Sévices sexuels,false,false,true,false,true,0,codable,OWL_ANS,emissible,764
T74.3,XIX,XIX/T74.3.md,Sévices psychologiques,false,false,true,false,true,0,codable,OWL_ANS,emissible,778
T74.8,XIX,XIX/T74.8.md,Autres syndromes dus à de mauvais traitements,true,false,true,false,true,0,codable,OWL_ANS,emissible,1037
T74.9,XIX,XIX/T74.9.md,"Syndrome dû à de mauvais traitements, sans précision",true,false,true,false,true,0,codable,OWL_ANS,emissible,934
T75.0,XIX,XIX/T75.0.md,Effets de la foudre,true,false,true,false,false,0,codable,OWL_ANS,emissible,921
T75.1,XIX,XIX/T75.1.md,Noyade et submersion non mortelle,true,false,true,false,true,0,codable,OWL_ANS,emissible,1064
T75.2,XIX,XIX/T75.2.md,Effets des vibrations,true,false,true,false,true,0,codable,OWL_ANS,emissible,1168
T75.3,XIX,XIX/T75.3.md,Mal des transports,true,false,true,false,true,0,codable,OWL_ANS,emissible,960
T75.4,XIX,XIX/T75.4.md,Effets du courant électrique,true,false,true,false,true,0,codable,OWL_ANS,emissible,1018
T75.8,XIX,XIX/T75.8.md,Autres effets précisés d'autres causes externes,true,false,true,false,true,0,codable,OWL_ANS,emissible,1416
T76,XIX,XIX/T76.md,Effets non précisés de causes externes,false,false,true,false,false,2,cause_externe,OWL_ANS,emissible,1290
T78.0,XIX,XIX/T78.0.md,Choc anaphylactique dû à une intolérance alimentaire,false,false,true,false,false,0,codable,OWL_ANS,emissible,851
T78.1,XIX,XIX/T78.1.md,"Autres réactions d'intolérance alimentaire, non classées ailleurs",false,false,true,false,false,0,codable,OWL_ANS,emissible,1064
T78.2,XIX,XIX/T78.2.md,"Choc anaphylactique, sans précision",true,false,true,false,true,0,codable,OWL_ANS,emissible,1286
T78.3,XIX,XIX/T78.3.md,Œdème angioneurotique,true,false,true,false,true,0,codable,OWL_ANS,emissible,1217
T78.4,XIX,XIX/T78.4.md,"Allergie, sans précision",true,false,true,false,true,0,codable,OWL_ANS,emissible,1389
T78.8,XIX,XIX/T78.8.md,"Autres effets indésirables, non classés ailleurs",false,false,true,false,false,0,codable,OWL_ANS,emissible,1150
T78.9,XIX,XIX/T78.9.md,"Effet indésirable, sans précision",false,false,true,false,true,1,interdit_dp_dr,OWL_ANS,emissible,963
T79.0,XIX,XIX/T79.0.md,Embolie gazeuse (traumatique),false,false,true,false,true,0,codable,OWL_ANS,emissible,1284
T79.1,XIX,XIX/T79.1.md,Embolie graisseuse (traumatique),false,false,true,false,true,0,codable,OWL_ANS,emissible,1293
T79.2,XIX,XIX/T79.2.md,Hémorragie traumatique secondaire et récidivante,false,false,true,false,false,0,codable,OWL_ANS,emissible,1057
T79.3,XIX,XIX/T79.3.md,"Infection posttraumatique d'une plaie, non classée ailleurs",true,false,true,false,true,0,codable,OWL_ANS,emissible,1302
T79.4,XIX,XIX/T79.4.md,Choc traumatique,true,false,true,false,true,0,codable,OWL_ANS,emissible,1843
T79.5,XIX,XIX/T79.5.md,Anurie traumatique,true,false,true,false,true,0,codable,OWL_ANS,emissible,1226
T79.6,XIX,XIX/T79.6.md,Ischémie traumatique d'un muscle,true,false,true,false,true,0,codable,OWL_ANS,emissible,1524
T79.7,XIX,XIX/T79.7.md,Emphysème sous-cutané d'origine traumatique,false,false,true,false,true,0,codable,OWL_ANS,emissible,1315
T79.8,XIX,XIX/T79.8.md,Autres complications précoces d'un traumatisme,false,false,true,false,true,0,codable,OWL_ANS,emissible,1541
T79.9,XIX,XIX/T79.9.md,"Complication précoce d'un traumatisme, sans précision",false,false,true,false,true,1,interdit_dp_dr,OWL_ANS,emissible,1106
T80.0,XIX,XIX/T80.0.md,"Embolie gazeuse consécutive à une injection thérapeutique, une perfusion et une transfusion",false,false,true,true,false,0,codable,OWL_ANS,emissible,3896
T80.1,XIX,XIX/T80.1.md,"Complications vasculaires consécutives à une injection thérapeutique, une perfusion et une transfusion",true,false,true,true,false,0,codable,OWL_ANS,emissible,4449
T80.2,XIX,XIX/T80.2.md,"Infections consécutives à une injection thérapeutique, une perfusion et une transfusion",true,false,true,true,false,1,interdit_dp_dr,OWL_ANS,emissible,4886
T80.3,XIX,XIX/T80.3.md,Réaction d'incompatibilité ABO,true,false,true,true,false,0,codable,OWL_ANS,emissible,4017
T80.4,XIX,XIX/T80.4.md,Réaction d'incompatibilité Rh,true,false,true,true,true,0,codable,OWL_ANS,emissible,4048
T80.5,XIX,XIX/T80.5.md,Choc anaphylactique dû au sérum,false,false,true,true,false,0,codable,OWL_ANS,emissible,4040
T80.6,XIX,XIX/T80.6.md,Autres réactions sériques,true,false,true,true,true,0,codable,OWL_ANS,emissible,4224
T80.8,XIX,XIX/T80.8.md,"Autres complications consécutives à une injection thérapeutique, une perfusion et une transfusion",false,false,true,true,true,1,interdit_dp_dr,OWL_ANS,emissible,4557
T80.9,XIX,XIX/T80.9.md,"Complication consécutive à une injection thérapeutique, une perfusion et une transfusion, sans précision",true,false,true,true,true,1,interdit_dp_dr,OWL_ANS,emissible,4065
T81.0,XIX,XIX/T81.0.md,"Hémorragie et hématome compliquant un acte à visée diagnostique et thérapeutique, non classés ailleurs",true,false,true,true,true,0,codable,OWL_ANS,emissible,4856
T81.1,XIX,XIX/T81.1.md,"Choc pendant ou après un acte à visée diagnostique et thérapeutique, non classé ailleurs",true,false,true,true,true,0,codable,OWL_ANS,emissible,5214
T81.2,XIX,XIX/T81.2.md,"Perforation et déchirure accidentelles au cours d'un acte à visée diagnostique et thérapeutique, non classées ailleurs",true,false,true,true,true,1,interdit_dp_dr,OWL_ANS,emissible,5663
T81.30,XIX,XIX/T81.30.md,Éviscération postopératoire,true,false,true,true,false,0,codable,OWL_ANS,emissible,4908
T81.38,XIX,XIX/T81.38.md,"Désunions d'une plaie opératoire non classées ailleurs, autres et non précisées",true,false,true,true,false,0,codable,OWL_ANS,emissible,4960
T81.4,XIX,XIX/T81.4.md,"Infection après un acte à visée diagnostique et thérapeutique, non classée ailleurs",true,false,true,true,true,1,interdit_dp_dr,OWL_ANS,emissible,5642
T81.5,XIX,XIX/T81.5.md,Corps étranger laissé accidentellement dans une cavité corporelle ou une plaie opératoire à la suite d'un acte à visée diagnostique et thérapeutique,true,false,true,true,true,0,codable,OWL_ANS,emissible,5273
T81.6,XIX,XIX/T81.6.md,Réaction aigüe à une substance étrangère laissée accidentellement au cours d'un acte à visée diagnostique et thérapeutique,true,false,true,true,true,0,codable,OWL_ANS,emissible,4650
T81.7,XIX,XIX/T81.7.md,"Complications vasculaires consécutives à un acte à visée diagnostique et thérapeutique, non classées ailleurs",true,false,true,true,true,0,codable,OWL_ANS,emissible,5008
T81.8,XIX,XIX/T81.8.md,"Autres complications d'un acte à visée diagnostique et thérapeutique, non classées ailleurs",true,false,true,true,true,1,interdit_dp_dr,OWL_ANS,emissible,5859
T81.9,XIX,XIX/T81.9.md,Complication non précisée d'un acte à visée diagnostique et thérapeutique,false,false,true,true,false,1,interdit_dp_dr,OWL_ANS,emissible,4307
T82.0,XIX,XIX/T82.0.md,Complication mécanique d'une prothèse valvulaire cardiaque,true,false,true,true,false,0,codable,OWL_ANS,emissible,4353
T82.1,XIX,XIX/T82.1.md,Complication mécanique d'un appareil cardiaque électronique,true,false,true,true,true,0,codable,OWL_ANS,emissible,4088
T82.2,XIX,XIX/T82.2.md,Complication mécanique d'un pontage coronarien et d'une greffe valvulaire cardiaque,true,false,true,true,false,0,codable,OWL_ANS,emissible,4040
T82.3,XIX,XIX/T82.3.md,Complication mécanique d'autres greffes vasculaires,true,false,true,true,false,0,codable,OWL_ANS,emissible,4098
T82.4,XIX,XIX/T82.4.md,Complication mécanique d'un cathéter vasculaire de dialyse,true,false,true,true,false,0,codable,OWL_ANS,emissible,4104
T82.5,XIX,XIX/T82.5.md,Complication mécanique d'autres prothèses et implants cardiaques et vasculaires,true,false,true,true,false,0,codable,OWL_ANS,emissible,4458
T82.6,XIX,XIX/T82.6.md,Infection et réaction inflammatoire dues à une prothèse valvulaire cardiaque,false,false,true,true,true,0,codable,OWL_ANS,emissible,3980
T82.7,XIX,XIX/T82.7.md,"Infection et réaction inflammatoire dues à d'autres prothèses, implants et greffes cardiaques et vasculaires",false,false,true,true,false,0,codable,OWL_ANS,emissible,3922
T82.8,XIX,XIX/T82.8.md,"Autres complications précisées de prothèses, implants et greffes cardiaques et vasculaires",true,false,true,true,false,1,interdit_dp_dr,OWL_ANS,emissible,5112
T82.9,XIX,XIX/T82.9.md,"Complication d'une prothèse, d'un implant et d'une greffe cardiaques et vasculaires, sans précision",false,false,true,true,true,1,interdit_dp_dr,OWL_ANS,emissible,4019
T83.0,XIX,XIX/T83.0.md,Complication mécanique d'une sonde urinaire (à demeure),true,false,true,true,true,0,codable,OWL_ANS,emissible,4268
T83.1,XIX,XIX/T83.1.md,Complication mécanique d'autres prothèses et implants urinaires,true,false,true,true,false,0,codable,OWL_ANS,emissible,4121
T83.2,XIX,XIX/T83.2.md,Complication mécanique d'une greffe d'organe urinaire,true,false,true,true,false,0,codable,OWL_ANS,emissible,3982
T83.3,XIX,XIX/T83.3.md,Complication mécanique d'un dispositif intra-utérin contraceptif,true,false,true,true,true,0,codable,OWL_ANS,emissible,4222
T83.4,XIX,XIX/T83.4.md,"Complication mécanique d'autres prothèses, implants et greffes de l'appareil génital",true,false,true,true,false,0,codable,OWL_ANS,emissible,4021
T83.5,XIX,XIX/T83.5.md,"Infection et réaction inflammatoire dues à une prothèse, un implant et une greffe de l'appareil urinaire",false,false,true,true,false,0,codable,OWL_ANS,emissible,3918
T83.6,XIX,XIX/T83.6.md,"Infection et réaction inflammatoire dues à une prothèse, un implant et une greffe de l'appareil génital",false,false,true,true,true,0,codable,OWL_ANS,emissible,3978
T83.8,XIX,XIX/T83.8.md,"Autres complications de prothèses, implants et greffes de l'appareil génito-urinaire",true,false,true,true,true,1,interdit_dp_dr,OWL_ANS,emissible,4862
T83.9,XIX,XIX/T83.9.md,"Complication d'une prothèse, d'un implant et d'une greffe de l'appareil génito-urinaire, sans précision",false,false,true,true,true,1,interdit_dp_dr,OWL_ANS,emissible,3989
T84.0,XIX,XIX/T84.0.md,Complication mécanique d'une prothèse articulaire interne,true,false,true,true,true,0,codable,OWL_ANS,emissible,4170
T84.1,XIX,XIX/T84.1.md,Complication mécanique d'une prothèse interne de fixation d'os d'un membre,true,false,true,true,false,0,codable,OWL_ANS,emissible,4142
T84.2,XIX,XIX/T84.2.md,Complication mécanique d'une prothèse interne de fixation d'autres os,true,false,true,true,false,0,codable,OWL_ANS,emissible,4132
T84.3,XIX,XIX/T84.3.md,"Complication mécanique d'autres prothèses, implants et greffes des os",true,false,true,true,false,0,codable,OWL_ANS,emissible,4165
T84.4,XIX,XIX/T84.4.md,"Complication mécanique d'autres prothèses, implants et greffes orthopédiques internes",true,false,true,true,false,0,codable,OWL_ANS,emissible,4137
T84.5,XIX,XIX/T84.5.md,Infection et réaction inflammatoire dues à une prothèse articulaire interne,false,false,true,true,false,0,codable,OWL_ANS,emissible,4007
T84.6,XIX,XIX/T84.6.md,Infection et réaction inflammatoire dues à un appareil de fixation interne [toute localisation],false,false,true,true,false,0,codable,OWL_ANS,emissible,4027
T84.7,XIX,XIX/T84.7.md,"Infection et réaction inflammatoire dues à d'autres prothèses, implants et greffes orthopédiques internes",false,false,true,true,false,0,codable,OWL_ANS,emissible,4037
T84.8,XIX,XIX/T84.8.md,"Autres complications de prothèses, implants et greffes orthopédiques internes",true,false,true,true,false,1,interdit_dp_dr,OWL_ANS,emissible,4929
T84.9,XIX,XIX/T84.9.md,"Complication d'une prothèse, d'un implant et d'une greffe orthopédiques internes, sans précision",false,false,true,true,true,1,interdit_dp_dr,OWL_ANS,emissible,4120
T85.0,XIX,XIX/T85.0.md,Complication mécanique d'une dérivation [shunt] ventriculaire intracrânienne,true,false,true,true,false,0,codable,OWL_ANS,emissible,4028
T85.1,XIX,XIX/T85.1.md,Complication mécanique de l'implantation d'un stimulateur électronique du système nerveux,true,false,true,true,true,0,codable,OWL_ANS,emissible,4458
T85.2,XIX,XIX/T85.2.md,Complication mécanique d'une lentille intraoculaire,true,false,true,true,true,0,codable,OWL_ANS,emissible,4182
T85.3,XIX,XIX/T85.3.md,"Complication mécanique d'autres prothèses, implants et greffes oculaires",true,false,true,true,true,0,codable,OWL_ANS,emissible,4114
T85.4,XIX,XIX/T85.4.md,Complication mécanique d'une prothèse et d'un implant mammaires,true,false,true,true,false,0,codable,OWL_ANS,emissible,4000
T85.50,XIX,XIX/T85.50.md,Complication mécanique due à un dispositif implantable périgastrique de gastroplastie pour obésité morbide,false,false,true,true,false,0,codable,OWL_ANS,emissible,4309
T85.58,XIX,XIX/T85.58.md,"Complication mécanique due à d’autres prothèses, implants et greffes gastro-intestinaux",true,false,true,true,false,0,codable,OWL_ANS,emissible,4470
T85.6,XIX,XIX/T85.6.md,"Complication mécanique d'autres prothèses, implants et greffes internes précisés",true,false,true,true,true,0,codable,OWL_ANS,emissible,4483
T85.7,XIX,XIX/T85.7.md,"Infection et réaction inflammatoire dues à d'autres prothèses, implants et greffes internes",false,false,true,true,false,0,codable,OWL_ANS,emissible,3905
T85.8,XIX,XIX/T85.8.md,"Autres complications de prothèses, implants et greffes internes, non classées ailleurs",true,false,true,true,false,1,interdit_dp_dr,OWL_ANS,emissible,4778
T85.9,XIX,XIX/T85.9.md,"Complication d'une prothèse, d'un implant et d'une greffe internes, sans précision",true,false,true,true,true,1,interdit_dp_dr,OWL_ANS,emissible,4208
T86.00,XIX,XIX/T86.00.md,Rejet d’une greffe de moelle osseuse par l’hôte,true,false,true,true,false,0,codable,OWL_ANS,emissible,4251
T86.01,XIX,XIX/T86.01.md,Réaction aigüe d’un greffon de moelle osseuse contre l’hôte,true,false,true,true,false,0,codable,OWL_ANS,emissible,4263
T86.02,XIX,XIX/T86.02.md,Réaction chronique d’un greffon de moelle osseuse contre l’hôte,true,false,true,true,false,0,codable,OWL_ANS,emissible,4267
T86.09,XIX,XIX/T86.09.md,"Rejet d’une greffe de moelle osseuse, sans précision",true,false,true,true,false,0,codable,OWL_ANS,emissible,4256
T86.1,XIX,XIX/T86.1.md,Échec et rejet d'une greffe de rein,false,false,true,true,true,0,codable,OWL_ANS,emissible,3824
T86.2,XIX,XIX/T86.2.md,Échec et rejet d'une greffe de cœur,false,false,true,true,true,0,codable,OWL_ANS,emissible,4233
T86.3,XIX,XIX/T86.3.md,Échec et rejet d'une greffe cœur-poumon,false,false,true,true,false,0,codable,OWL_ANS,emissible,3731
T86.4,XIX,XIX/T86.4.md,Échec et rejet d'une greffe de foie,false,false,true,true,true,0,codable,OWL_ANS,emissible,3795
T86.80,XIX,XIX/T86.80.md,Échec et rejet de greffe d’intestin,false,false,true,true,false,0,codable,OWL_ANS,emissible,4116
T86.81,XIX,XIX/T86.81.md,Échec et rejet de greffe de pancréas,false,false,true,true,false,0,codable,OWL_ANS,emissible,4117
T86.82,XIX,XIX/T86.82.md,Échec et rejet de greffe de poumon,false,false,true,true,false,0,codable,OWL_ANS,emissible,4115
T86.83,XIX,XIX/T86.83.md,Échec et rejet de greffe de cornée,false,false,true,true,false,0,codable,OWL_ANS,emissible,4115
T86.84,XIX,XIX/T86.84.md,Échec et rejet de greffe d’os,false,false,true,true,false,0,codable,OWL_ANS,emissible,4110
T86.85,XIX,XIX/T86.85.md,Échec et rejet de greffe de peau (allogreffe)(autogreffe),false,false,true,true,false,0,codable,OWL_ANS,emissible,4138
T86.88,XIX,XIX/T86.88.md,Autres échecs et rejets de greffe,false,false,true,true,false,0,codable,OWL_ANS,emissible,4114
T86.9,XIX,XIX/T86.9.md,Échec et rejet d'un organe et d'un tissu greffés non précisés,false,false,true,true,true,0,codable,OWL_ANS,emissible,3811
T87.0,XIX,XIX/T87.0.md,Complications d'une réimplantation de (ou d’une partie de ) membre supérieur,false,false,true,true,false,0,codable,OWL_ANS,emissible,3768
T87.1,XIX,XIX/T87.1.md,Complications d'une réimplantation de (ou d’une partie de) membre inférieur,false,false,true,true,false,0,codable,OWL_ANS,emissible,3767
T87.2,XIX,XIX/T87.2.md,Complications d'une réimplantation d'une autre partie du corps,false,false,true,true,true,0,codable,OWL_ANS,emissible,3846
T87.3,XIX,XIX/T87.3.md,Névrome sur moignon d'amputation,false,false,true,true,false,0,codable,OWL_ANS,emissible,3724
T87.4,XIX,XIX/T87.4.md,Infection d'un moignon d'amputation,false,false,true,true,true,0,codable,OWL_ANS,emissible,3787
T87.5,XIX,XIX/T87.5.md,Nécrose d'un moignon d'amputation,false,false,true,true,true,0,codable,OWL_ANS,emissible,3797
T87.6,XIX,XIX/T87.6.md,Complications autres et non précisées au niveau d'un moignon d'amputation,true,false,true,true,true,0,codable,OWL_ANS,emissible,4362
T88.0,XIX,XIX/T88.0.md,Infection consécutive à vaccination,true,false,true,true,true,1,interdit_dp_dr,OWL_ANS,emissible,5074
T88.1,XIX,XIX/T88.1.md,"Autres complications consécutives à vaccination, non classées ailleurs",true,false,true,true,true,1,interdit_dp_dr,OWL_ANS,emissible,5290
T88.2,XIX,XIX/T88.2.md,Choc anesthésique,true,false,true,true,false,0,codable,OWL_ANS,emissible,4909
T88.3,XIX,XIX/T88.3.md,Hyperthermie maligne due à une anesthésie,false,false,true,true,false,0,codable,OWL_ANS,emissible,4533
T88.4,XIX,XIX/T88.4.md,Échec ou difficulté d'intubation,false,false,true,true,true,0,codable,OWL_ANS,emissible,4614
T88.5,XIX,XIX/T88.5.md,Autres complications consécutives à une anesthésie,true,false,true,true,true,0,codable,OWL_ANS,emissible,4708
T88.6,XIX,XIX/T88.6.md,Choc anaphylactique dû à des effets indésirables d'une substance médicamenteuse appropriée et correctement administrée,false,false,true,true,false,0,codable,OWL_ANS,emissible,4689
T88.7,XIX,XIX/T88.7.md,"Effet indésirable d'un médicament, sans précision",true,false,true,true,true,1,interdit_dp_dr,OWL_ANS,emissible,5631
T88.8,XIX,XIX/T88.8.md,"Autres complications précisées de soins médicaux et chirurgicaux, non classées ailleurs",false,false,true,true,true,1,interdit_dp_dr,OWL_ANS,emissible,5192
T88.9,XIX,XIX/T88.9.md,"Complication de soins chirurgicaux et médicaux, sans précision",false,false,true,true,true,1,interdit_dp_dr,OWL_ANS,emissible,4796
T90.0,XIX,XIX/T90.0.md,Séquelles de lésion traumatique superficielle de la tête,true,false,true,true,false,4,interdit_dp,OWL_ANS,emissible,1726
T90.1,XIX,XIX/T90.1.md,Séquelles de plaie ouverte de la tête,true,false,true,true,false,4,interdit_dp,OWL_ANS,emissible,1707
T90.2,XIX,XIX/T90.2.md,Séquelles d'une fracture du crâne ou des os de la face,true,false,true,true,false,4,interdit_dp,OWL_ANS,emissible,1724
T90.3,XIX,XIX/T90.3.md,Séquelles de lésion traumatique de nerfs crâniens,true,false,true,true,false,4,interdit_dp,OWL_ANS,emissible,1719
T90.4,XIX,XIX/T90.4.md,Séquelles de lésion traumatique de l'œil et de l'orbite,true,false,true,true,false,4,interdit_dp,OWL_ANS,emissible,1725
T90.5,XIX,XIX/T90.5.md,Séquelles de lésion traumatique intracrânienne,true,false,true,true,false,4,interdit_dp,OWL_ANS,emissible,2051
T90.8,XIX,XIX/T90.8.md,Séquelles d'autres lésions traumatiques précisées de la tête,true,false,true,true,false,4,interdit_dp,OWL_ANS,emissible,2195
T90.9,XIX,XIX/T90.9.md,"Séquelles de lésion traumatique de la tête, sans précision",true,false,true,true,false,4,interdit_dp,OWL_ANS,emissible,1728
T91.0,XIX,XIX/T91.0.md,Séquelles de lésion traumatique superficielle et de plaie ouverte du cou et du tronc,true,false,true,true,false,4,interdit_dp,OWL_ANS,emissible,1802
T91.1,XIX,XIX/T91.1.md,Séquelles d'une fracture du rachis,true,false,true,true,false,4,interdit_dp,OWL_ANS,emissible,1737
T91.2,XIX,XIX/T91.2.md,Séquelles d'autres fractures du thorax et du bassin,true,false,true,true,false,4,interdit_dp,OWL_ANS,emissible,1798
T91.3,XIX,XIX/T91.3.md,Séquelles de lésion traumatique de la moelle épinière,true,false,true,true,true,4,interdit_dp,OWL_ANS,emissible,1832
T91.4,XIX,XIX/T91.4.md,Séquelles de lésion traumatique d'organes intrathoraciques,true,false,true,true,false,4,interdit_dp,OWL_ANS,emissible,1735
T91.5,XIX,XIX/T91.5.md,Séquelles de lésion traumatique d'organes intraabdominaux et pelviens,true,false,true,true,false,4,interdit_dp,OWL_ANS,emissible,1746
T91.8,XIX,XIX/T91.8.md,Séquelles d'autres lésions traumatiques précisées du cou et du tronc,true,false,true,true,false,4,interdit_dp,OWL_ANS,emissible,2417
T91.9,XIX,XIX/T91.9.md,"Séquelles de lésion traumatique du cou et du tronc, sans précision",true,false,true,true,false,4,interdit_dp,OWL_ANS,emissible,1757
T92.0,XIX,XIX/T92.0.md,Séquelles de plaie ouverte du membre supérieur,true,false,true,true,false,4,interdit_dp,OWL_ANS,emissible,1737
T92.1,XIX,XIX/T92.1.md,Séquelles d'une fracture du bras et de l'avant-bras,true,false,true,true,false,4,interdit_dp,OWL_ANS,emissible,1733
T92.2,XIX,XIX/T92.2.md,Séquelles d'une fracture au niveau du poignet et de la main,true,false,true,true,false,4,interdit_dp,OWL_ANS,emissible,1729
T92.3,XIX,XIX/T92.3.md,"Séquelles d'une luxation, entorse et foulure du membre supérieur",true,false,true,true,false,4,interdit_dp,OWL_ANS,emissible,1755
T92.4,XIX,XIX/T92.4.md,Séquelles d'une lésion traumatique de nerfs du membre supérieur,true,false,true,true,false,4,interdit_dp,OWL_ANS,emissible,1754
T92.5,XIX,XIX/T92.5.md,Séquelles d'une lésion traumatique de muscles et de tendons du membre supérieur,true,false,true,true,false,4,interdit_dp,OWL_ANS,emissible,1770
T92.6,XIX,XIX/T92.6.md,Séquelles d'écrasement et d'amputation traumatiques du membre supérieur,true,false,true,true,false,4,interdit_dp,OWL_ANS,emissible,1783
T92.8,XIX,XIX/T92.8.md,Séquelles d'autres lésions traumatiques précisées du membre supérieur,true,false,true,true,false,4,interdit_dp,OWL_ANS,emissible,2399
T92.9,XIX,XIX/T92.9.md,"Séquelles de lésion traumatique du membre supérieur, sans précision",true,false,true,true,false,4,interdit_dp,OWL_ANS,emissible,1758
T93.0,XIX,XIX/T93.0.md,Séquelles de plaie ouverte du membre inférieur,true,false,true,true,false,4,interdit_dp,OWL_ANS,emissible,1737
T93.1,XIX,XIX/T93.1.md,Séquelles d'une fracture du fémur,true,false,true,true,false,4,interdit_dp,OWL_ANS,emissible,1703
T93.2,XIX,XIX/T93.2.md,Séquelles d'autres fractures du membre inférieur,true,false,true,true,false,4,interdit_dp,OWL_ANS,emissible,1730
T93.3,XIX,XIX/T93.3.md,"Séquelles de luxation, entorse et foulure du membre inférieur",true,false,true,true,false,4,interdit_dp,OWL_ANS,emissible,1752
T93.4,XIX,XIX/T93.4.md,Séquelles de lésion traumatique de nerfs du membre inférieur,true,false,true,true,false,4,interdit_dp,OWL_ANS,emissible,1751
T93.5,XIX,XIX/T93.5.md,Séquelles de lésion traumatique de muscles et de tendons du membre inférieur,true,false,true,true,false,4,interdit_dp,OWL_ANS,emissible,1767
T93.6,XIX,XIX/T93.6.md,Séquelles d'écrasement et d'amputation traumatiques du membre inférieur,true,false,true,true,false,4,interdit_dp,OWL_ANS,emissible,1783
T93.8,XIX,XIX/T93.8.md,Séquelles d'autres lésions traumatiques précisées du membre inférieur,true,false,true,true,false,4,interdit_dp,OWL_ANS,emissible,2363
T93.9,XIX,XIX/T93.9.md,"Séquelles de lésion traumatique du membre inférieur, sans précision",true,false,true,true,false,4,interdit_dp,OWL_ANS,emissible,1758
T94.0,XIX,XIX/T94.0.md,Séquelles de lésions traumatiques de parties multiples du corps,true,false,true,true,false,4,interdit_dp,OWL_ANS,emissible,1737
T94.1,XIX,XIX/T94.1.md,"Séquelles de lésions traumatiques, non précisées selon la partie du corps",true,false,true,true,true,4,interdit_dp,OWL_ANS,emissible,1935
T95.0,XIX,XIX/T95.0.md,"Séquelles de brulure, corrosion et gelure de la tête et du cou",true,false,true,true,false,4,interdit_dp,OWL_ANS,emissible,1767
T95.1,XIX,XIX/T95.1.md,"Séquelles de brulure, corrosion et gelure du tronc",true,false,true,true,false,4,interdit_dp,OWL_ANS,emissible,1755
T95.2,XIX,XIX/T95.2.md,"Séquelles de brulure, corrosion et gelure du membre supérieur",true,false,true,true,false,4,interdit_dp,OWL_ANS,emissible,1773
T95.3,XIX,XIX/T95.3.md,"Séquelles de brulure, corrosion et gelure du membre inférieur",true,false,true,true,false,4,interdit_dp,OWL_ANS,emissible,1768
T95.4,XIX,XIX/T95.4.md,Séquelles de brulure et corrosion classées selon leur étendue sur la surface du corps,true,false,true,true,false,4,interdit_dp,OWL_ANS,emissible,1762
T95.8,XIX,XIX/T95.8.md,"Séquelles d'autres brulures, corrosions et gelures précisées",true,false,true,true,false,4,interdit_dp,OWL_ANS,emissible,2187
T95.9,XIX,XIX/T95.9.md,"Séquelles de brulure, corrosion et gelure, sans précision",true,false,true,true,true,4,interdit_dp,OWL_ANS,emissible,1850
T96,XIX,XIX/T96.md,Séquelles d'intoxications par médicaments et substances biologiques,true,false,true,true,false,4,interdit_dp,OWL_ANS,emissible,1742
T97,XIX,XIX/T97.md,Séquelles d'effets toxiques de substances d'origine essentiellement non médicinale,true,false,true,true,false,4,interdit_dp,OWL_ANS,emissible,1758
T98.0,XIX,XIX/T98.0.md,Séquelles d'effets dus à un corps étranger ayant pénétré dans un orifice naturel,true,false,true,true,true,4,interdit_dp,OWL_ANS,emissible,1850
T98.1,XIX,XIX/T98.1.md,"Séquelles d'effets de causes externes, autres et sans précision",true,false,true,true,true,4,interdit_dp,OWL_ANS,emissible,1796
T98.2,XIX,XIX/T98.2.md,Séquelles de certaines complications précoces d'un traumatisme,true,false,true,true,false,4,interdit_dp,OWL_ANS,emissible,1738
T98.3,XIX,XIX/T98.3.md,"Séquelles de complications de soins chirurgicaux et médicaux, non classées ailleurs",true,false,true,true,false,4,interdit_dp,OWL_ANS,emissible,1763
U04.9,XXII,XXII/U04.9.md,"Syndrome respiratoire aigu sévère [SRAS], sans précision",false,false,true,false,true,0,codable,OWL_ANS,emissible,1145
U07.0,XXII,XXII/U07.0.md,Affection liée au vapotage,true,false,false,true,false,1,interdit_dp_dr,OWL_ANS,emissible,2274
U07.10,XXII,XXII/U07.10.md,"COVID-19, forme respiratoire, virus identifié",true,false,true,true,false,0,codable,OWL_ANS,emissible,2330
U07.11,XXII,XXII/U07.11.md,"COVID-19, forme respiratoire, virus non identifié",true,false,true,true,false,0,codable,OWL_ANS,emissible,2334
U07.12,XXII,XXII/U07.12.md,Porteur de SARS-CoV-2 asymptomatique,true,false,true,true,false,0,codable,OWL_ANS,emissible,2321
U07.13,XXII,XXII/U07.13.md,Autres examens et mises en observation en lien avec l’épidémie COVID-19,true,false,true,true,false,1,interdit_dp_dr,OWL_ANS,emissible,2457
U07.14,XXII,XXII/U07.14.md,"COVID-19, autres formes cliniques, virus identifié",true,false,true,true,false,0,codable,OWL_ANS,emissible,2335
U07.15,XXII,XXII/U07.15.md,"COVID-19, autres formes cliniques, virus non identifié",true,false,true,true,false,0,codable,OWL_ANS,emissible,2339
U07.2,XXII,XXII/U07.2.md,Usage urgent de U07.2,false,false,false,true,false,0,codable,OWL_ANS,emissible,1838
U07.3,XXII,XXII/U07.3.md,Usage urgent de U07.3,false,false,false,true,false,0,codable,OWL_ANS,emissible,1838
U07.4,XXII,XXII/U07.4.md,Usage urgent de U07.4,false,false,false,true,false,0,codable,OWL_ANS,emissible,1838
U07.5,XXII,XXII/U07.5.md,Usage urgent de U07.5,false,false,false,true,false,0,codable,OWL_ANS,emissible,1838
U07.6,XXII,XXII/U07.6.md,Usage urgent de U07.6,false,false,false,true,false,0,codable,OWL_ANS,emissible,1838
U07.7,XXII,XXII/U07.7.md,Usage urgent de U07.7,false,false,false,true,false,0,codable,OWL_ANS,emissible,1838
U07.8,XXII,XXII/U07.8.md,Usage urgent de U07.8,false,false,true,true,false,0,codable,OWL_ANS,emissible,2164
U07.9,XXII,XXII/U07.9.md,Usage urgent de U07.9,false,false,false,true,false,1,interdit_dp_dr,OWL_ANS,emissible,1840
U08.9,XXII,XXII/U08.9.md,"Antécédents personnels de COVID-19, sans précision",false,false,false,false,false,0,codable,OWL_ANS,emissible,1251
U09.9,XXII,XXII/U09.9.md,"Affection post-COVID-19, sans précision",false,false,false,false,false,1,interdit_dp_dr,OWL_ANS,emissible,1155
U10.9,XXII,XXII/U10.9.md,"Syndrome inflammatoire multisystémique associé à la COVID-19, sans précision",true,false,true,false,false,1,interdit_dp_dr,OWL_ANS,emissible,1526
U11.9,XXII,XXII/U11.9.md,"Nécessité d’une vaccination contre la COVID-19, sans précision",false,false,true,false,false,0,codable,OWL_ANS,emissible,1447
U12.9,XXII,XXII/U12.9.md,"Vaccins contre la COVID-19 ayant provoqué des effets indésirables au cours de leur usage thérapeutique, sans précision",false,false,false,false,false,2,cause_externe,OWL_ANS,emissible,1530
U82.0+0,XXII,XXII/U82.0+0.md,"Résistance à la pénicilline, situation d'infection",true,false,false,true,false,1,interdit_dp_dr,OWL_ANS,emissible,2194
U82.0+1,XXII,XXII/U82.0+1.md,"Résistance à la pénicilline, situation de portage sain",true,false,false,true,false,1,interdit_dp_dr,OWL_ANS,emissible,2198
U82.100,XXII,XXII/U82.100.md,"Staphylococcus aureus résistant à la méthicilline [SARM], situation d'infection",true,false,false,true,false,1,interdit_dp_dr,OWL_ANS,emissible,2246
U82.101,XXII,XXII/U82.101.md,"Staphylococcus aureus résistant à la méthicilline [SARM], situation de portage sain",true,false,false,true,false,1,interdit_dp_dr,OWL_ANS,emissible,2250
U82.180,XXII,XXII/U82.180.md,"Staphylocoques, autres et non précisés, résistants à la méthicilline, situation d'infection",true,false,false,true,false,1,interdit_dp_dr,OWL_ANS,emissible,2258
U82.181,XXII,XXII/U82.181.md,"Staphylocoques, autres et non précisés, résistants à la méthicilline, , situation de portage sain",true,false,false,true,false,1,interdit_dp_dr,OWL_ANS,emissible,2264
U82.2+0,XXII,XXII/U82.2+0.md,"Résistance par bétalactamases à spectre étendu [BLSE], situation d'infection",false,false,false,true,false,1,interdit_dp_dr,OWL_ANS,emissible,2093
U82.2+1,XXII,XXII/U82.2+1.md,"Résistance par bétalactamases à spectre étendu [BLSE], situation de portage sain",false,false,false,true,false,1,interdit_dp_dr,OWL_ANS,emissible,2097
U82.8+0,XXII,XXII/U82.8+0.md,"Résistance à d’autres antibiotiques bétalactamines, situation d'infection",false,false,false,true,false,1,interdit_dp_dr,OWL_ANS,emissible,2090
U82.8+1,XXII,XXII/U82.8+1.md,"Résistance à d’autres antibiotiques bétalactamines, situation de portage sain",false,false,false,true,false,1,interdit_dp_dr,OWL_ANS,emissible,2094
U82.9+0,XXII,XXII/U82.9+0.md,"Résistance aux antibiotiques bétalactamines, non précisée, situation d'infection",false,false,false,true,false,1,interdit_dp_dr,OWL_ANS,emissible,2097
U82.9+1,XXII,XXII/U82.9+1.md,"Résistance aux antibiotiques bétalactamines, non précisée, situation de portage sain",false,false,false,true,false,1,interdit_dp_dr,OWL_ANS,emissible,2101
U83.0+0,XXII,XXII/U83.0+0.md,"Résistance à la vancomycine, situationd'infection",false,false,false,true,false,1,interdit_dp_dr,OWL_ANS,emissible,2065
U83.0+1,XXII,XXII/U83.0+1.md,"Résistance à la vancomycine, situation de portage sain",false,false,false,true,false,1,interdit_dp_dr,OWL_ANS,emissible,2070
U83.1+0,XXII,XXII/U83.1+0.md,"Résistance à d’autres antibiotiques apparentés à la vancomycine, situation d'infection",false,false,false,true,false,1,interdit_dp_dr,OWL_ANS,emissible,2102
U83.1+1,XXII,XXII/U83.1+1.md,"Résistance à d’autres antibiotiques apparentés à la vancomycine, situation de portage sain",false,false,false,true,false,1,interdit_dp_dr,OWL_ANS,emissible,2106
U83.2+0,XXII,XXII/U83.2+0.md,"Résistance aux quinolones, situation d'infection",false,false,false,true,false,1,interdit_dp_dr,OWL_ANS,emissible,2064
U83.2+1,XXII,XXII/U83.2+1.md,"Résistance aux quinolones, situation de portage sain",false,false,false,true,false,1,interdit_dp_dr,OWL_ANS,emissible,2068
U83.700,XXII,XXII/U83.700.md,"Bactérie hautement résistante émergente [BHRe], situation d'infection",true,false,false,true,false,1,interdit_dp_dr,OWL_ANS,emissible,2265
U83.701,XXII,XXII/U83.701.md,"Bactérie hautement résistante émergente [BHRe], situation de portage sain",true,false,false,true,false,1,interdit_dp_dr,OWL_ANS,emissible,2269
U83.710,XXII,XXII/U83.710.md,"Bactérie multirésistante [BMR], situation d'infection",false,false,true,true,false,1,interdit_dp_dr,OWL_ANS,emissible,2708
U83.711,XXII,XXII/U83.711.md,"Bactérie multirésistante [BMR], situation de portage sain",false,false,true,true,false,1,interdit_dp_dr,OWL_ANS,emissible,2712
U83.780,XXII,XXII/U83.780.md,"Autres résistances à de multiples antibiotiques, situation d'infection",false,false,false,true,false,1,interdit_dp_dr,OWL_ANS,emissible,2086
U83.781,XXII,XXII/U83.781.md,"Autres résistances à de multiples antibiotiques, situation de portage sain",false,false,false,true,false,1,interdit_dp_dr,OWL_ANS,emissible,2090
U83.8+0,XXII,XXII/U83.8+0.md,"Résistance à un seul autre antibiotique précisé - "" Situation d'infection """,false,false,false,true,false,1,interdit_dp_dr,OWL_ANS,emissible,2091
U83.8+1,XXII,XXII/U83.8+1.md,"Résistance à un seul autre antibiotique précisé - "" Situation de portage sain """,false,false,false,true,false,1,interdit_dp_dr,OWL_ANS,emissible,2095
U83.9+0,XXII,XXII/U83.9+0.md,"Résistance à un antibiotique non précisé - "" Situation d'infection """,true,false,false,true,false,1,interdit_dp_dr,OWL_ANS,emissible,2195
U83.9+1,XXII,XXII/U83.9+1.md,"Résistance à un antibiotique non précisé - "" Situation de portage sain """,true,false,false,true,false,1,interdit_dp_dr,OWL_ANS,emissible,2199
U84.0,XXII,XXII/U84.0.md,Résistance aux médicaments antiparasitaires,true,false,true,true,false,1,interdit_dp_dr,OWL_ANS,emissible,1705
U84.1,XXII,XXII/U84.1.md,Résistance aux médicaments antifongiques,false,false,true,true,false,1,interdit_dp_dr,OWL_ANS,emissible,1606
U84.2,XXII,XXII/U84.2.md,Résistance aux médicaments antiviraux,false,false,true,true,false,1,interdit_dp_dr,OWL_ANS,emissible,1603
U84.3,XXII,XXII/U84.3.md,Résistance aux médicaments antituberculeux,false,false,true,true,true,1,interdit_dp_dr,OWL_ANS,emissible,1673
U84.7,XXII,XXII/U84.7.md,Résistance à de multiples médicaments antimicrobiens,false,false,true,true,true,1,interdit_dp_dr,OWL_ANS,emissible,1836
U84.8,XXII,XXII/U84.8.md,Résistance à un autre antimicrobien précisé,false,false,true,true,false,1,interdit_dp_dr,OWL_ANS,emissible,1929
U84.9,XXII,XXII/U84.9.md,Résistance à un antimicrobien non précisé,true,false,true,true,false,1,interdit_dp_dr,OWL_ANS,emissible,1662
U85,XXII,XXII/U85.md,Résistance aux médicaments antinéoplasiques,true,false,false,false,false,1,interdit_dp_dr,OWL_ANS,emissible,446
U90.0,XXII,XXII/U90.0.md,Résistance aux antiépileptiques,false,false,true,false,false,1,interdit_dp_dr,OWL_ANS,emissible,457
U90.9,XXII,XXII/U90.9.md,"Résistances à un traitement, autres et sans précision",false,false,true,false,false,1,interdit_dp_dr,OWL_ANS,emissible,450
V01.0,XX,XX/V01.0.md,"Piéton blessé dans une collision avec un cycle - "" Accident en dehors de la circulation """,false,false,true,true,false,2,cause_externe,OWL_ANS,emissible,7408
V01.1,XX,XX/V01.1.md,"Piéton blessé dans une collision avec un cycle - "" Accident de la circulation """,false,false,true,true,false,2,cause_externe,OWL_ANS,emissible,7398
V01.9,XX,XX/V01.9.md,"Piéton blessé dans une collision avec un cycle - "" Sans précision """,false,false,true,true,false,2,cause_externe,OWL_ANS,emissible,7386
V02.0,XX,XX/V02.0.md,"Piéton blessé dans une collision avec un véhicule à moteur à deux ou trois roues - "" Accident en dehors de la circulation """,false,false,true,true,false,2,cause_externe,OWL_ANS,emissible,7442
V02.1,XX,XX/V02.1.md,"Piéton blessé dans une collision avec un véhicule à moteur à deux ou trois roues - "" Accident de la circulation """,false,false,true,true,false,2,cause_externe,OWL_ANS,emissible,7432
V02.9,XX,XX/V02.9.md,"Piéton blessé dans une collision avec un véhicule à moteur à deux ou trois roues - "" Sans précision """,false,false,true,true,false,2,cause_externe,OWL_ANS,emissible,7420
V03.0,XX,XX/V03.0.md,"Piéton blessé dans une collision avec une automobile ou une camionnette - "" Accident en dehors de la circulation """,false,false,true,true,false,2,cause_externe,OWL_ANS,emissible,7433
V03.1,XX,XX/V03.1.md,"Piéton blessé dans une collision avec une automobile ou une camionnette - "" Accident de la circulation """,false,false,true,true,false,2,cause_externe,OWL_ANS,emissible,7423
V03.9,XX,XX/V03.9.md,"Piéton blessé dans une collision avec une automobile ou une camionnette - "" Sans précision """,false,false,true,true,false,2,cause_externe,OWL_ANS,emissible,7411
V04.0,XX,XX/V04.0.md,"Piéton blessé dans une collision avec un véhicule lourd ou un autobus - "" Accident en dehors de la circulation """,false,false,true,true,false,2,cause_externe,OWL_ANS,emissible,7431
V04.1,XX,XX/V04.1.md,"Piéton blessé dans une collision avec un véhicule lourd ou un autobus - "" Accident de la circulation """,false,false,true,true,false,2,cause_externe,OWL_ANS,emissible,7421
V04.9,XX,XX/V04.9.md,"Piéton blessé dans une collision avec un véhicule lourd ou un autobus - "" Sans précision """,false,false,true,true,false,2,cause_externe,OWL_ANS,emissible,7409
V05.0,XX,XX/V05.0.md,"Piéton blessé dans une collision avec un train ou un véhicule ferroviaire - "" Accident en dehors de la circulation """,false,false,true,true,false,2,cause_externe,OWL_ANS,emissible,7435
V05.1,XX,XX/V05.1.md,"Piéton blessé dans une collision avec un train ou un véhicule ferroviaire - "" Accident de la circulation """,false,false,true,true,false,2,cause_externe,OWL_ANS,emissible,7425
V05.9,XX,XX/V05.9.md,"Piéton blessé dans une collision avec un train ou un véhicule ferroviaire - "" Sans précision """,false,false,true,true,false,2,cause_externe,OWL_ANS,emissible,7413
V06.0,XX,XX/V06.0.md,"Piéton blessé dans une collision avec un autre véhicule sans moteur - "" Accident en dehors de la circulation """,true,false,true,true,false,2,cause_externe,OWL_ANS,emissible,7580
V06.1,XX,XX/V06.1.md,"Piéton blessé dans une collision avec un autre véhicule sans moteur - "" Accident de la circulation """,true,false,true,true,false,2,cause_externe,OWL_ANS,emissible,7570
V06.9,XX,XX/V06.9.md,"Piéton blessé dans une collision avec un autre véhicule sans moteur - "" Sans précision """,true,false,true,true,false,2,cause_externe,OWL_ANS,emissible,7558
V09.0,XX,XX/V09.0.md,"Piéton blessé dans un accident en dehors de la circulation, impliquant des véhicules à moteur, autres et sans précision",true,false,true,true,false,2,cause_externe,OWL_ANS,emissible,7422
V09.1,XX,XX/V09.1.md,"Piéton blessé dans un accident en dehors de la circulation, sans précision",true,false,true,true,false,2,cause_externe,OWL_ANS,emissible,7377
V09.2,XX,XX/V09.2.md,"Piéton blessé dans un accident de la circulation impliquant des véhicules à moteur, autres et sans précision",true,false,true,true,false,2,cause_externe,OWL_ANS,emissible,7411
V09.3,XX,XX/V09.3.md,"Piéton blessé dans un accident de la circulation, sans précision",true,false,true,true,false,2,cause_externe,OWL_ANS,emissible,7367
V09.9,XX,XX/V09.9.md,"Piéton blessé dans un accident de transport, sans précision",true,false,true,true,false,2,cause_externe,OWL_ANS,emissible,7362
V10.0,XX,XX/V10.0.md,"Cycliste blessé dans une collision avec un piéton ou un animal - "" Conducteur blessé dans un accident en dehors de la circulation """,false,false,true,true,false,2,cause_externe,OWL_ANS,emissible,7460
V10.1,XX,XX/V10.1.md,"Cycliste blessé dans une collision avec un piéton ou un animal - "" Passager blessé dans un accident en dehors de la circulation """,false,false,true,true,false,2,cause_externe,OWL_ANS,emissible,7458
V10.2,XX,XX/V10.2.md,"Cycliste blessé dans une collision avec un piéton ou un animal - "" Cycliste, sans précision, blessé dans un accident en dehors de la circulation """,false,false,true,true,false,2,cause_externe,OWL_ANS,emissible,7475
V10.3,XX,XX/V10.3.md,"Cycliste blessé dans une collision avec un piéton ou un animal - "" Personne blessée en montant ou en descendant du véhicule """,false,false,true,true,false,2,cause_externe,OWL_ANS,emissible,7454
V10.4,XX,XX/V10.4.md,"Cycliste blessé dans une collision avec un piéton ou un animal - "" Conducteur blessé dans un accident de la circulation """,false,false,true,true,false,2,cause_externe,OWL_ANS,emissible,7450
V10.5,XX,XX/V10.5.md,"Cycliste blessé dans une collision avec un piéton ou un animal - "" Passager blessé dans un accident de la circulation """,false,false,true,true,false,2,cause_externe,OWL_ANS,emissible,7448
V10.9,XX,XX/V10.9.md,"Cycliste blessé dans une collision avec un piéton ou un animal - "" Cycliste, sans précision, blessé dans un accident de la circulation """,false,false,true,true,false,2,cause_externe,OWL_ANS,emissible,7465
V11.0,XX,XX/V11.0.md,"Cycliste blessé dans une collision avec un autre cycle - "" Conducteur blessé dans un accident en dehors de la circulation """,false,false,true,true,false,2,cause_externe,OWL_ANS,emissible,7297
V11.1,XX,XX/V11.1.md,"Cycliste blessé dans une collision avec un autre cycle - "" Passager blessé dans un accident en dehors de la circulation """,false,false,true,true,false,2,cause_externe,OWL_ANS,emissible,7295
V11.2,XX,XX/V11.2.md,"Cycliste blessé dans une collision avec un autre cycle - "" Cycliste, sans précision, blessé dans un accident en dehors de la circulation """,false,false,true,true,false,2,cause_externe,OWL_ANS,emissible,7312
V11.3,XX,XX/V11.3.md,"Cycliste blessé dans une collision avec un autre cycle - "" Personne blessée en montant ou en descendant du véhicule """,false,false,true,true,false,2,cause_externe,OWL_ANS,emissible,7291
V11.4,XX,XX/V11.4.md,"Cycliste blessé dans une collision avec un autre cycle - "" Conducteur blessé dans un accident de la circulation """,false,false,true,true,false,2,cause_externe,OWL_ANS,emissible,7287
V11.5,XX,XX/V11.5.md,"Cycliste blessé dans une collision avec un autre cycle - "" Passager blessé dans un accident de la circulation """,false,false,true,true,false,2,cause_externe,OWL_ANS,emissible,7285
V11.9,XX,XX/V11.9.md,"Cycliste blessé dans une collision avec un autre cycle - "" Cycliste, sans précision, blessé dans un accident de la circulation """,false,false,true,true,false,2,cause_externe,OWL_ANS,emissible,7302
V12.0,XX,XX/V12.0.md,"Cycliste blessé dans une collision avec un véhicule à moteur à deux ou trois roues - "" Conducteur blessé dans un accident en dehors de la circulation """,false,false,true,true,false,2,cause_externe,OWL_ANS,emissible,7325
V12.1,XX,XX/V12.1.md,"Cycliste blessé dans une collision avec un véhicule à moteur à deux ou trois roues - "" Passager blessé dans un accident en dehors de la circulation """,false,false,true,true,false,2,cause_externe,OWL_ANS,emissible,7323
V12.2,XX,XX/V12.2.md,"Cycliste blessé dans une collision avec un véhicule à moteur à deux ou trois roues - "" Cycliste, sans précision, blessé dans un accident en dehors de la circulation """,false,false,true,true,false,2,cause_externe,OWL_ANS,emissible,7340
V12.3,XX,XX/V12.3.md,"Cycliste blessé dans une collision avec un véhicule à moteur à deux ou trois roues - "" Personne blessée en montant ou en descendant du véhicule """,false,false,true,true,false,2,cause_externe,OWL_ANS,emissible,7319
V12.4,XX,XX/V12.4.md,"Cycliste blessé dans une collision avec un véhicule à moteur à deux ou trois roues - "" Conducteur blessé dans un accident de la circulation """,false,false,true,true,false,2,cause_externe,OWL_ANS,emissible,7315
V12.5,XX,XX/V12.5.md,"Cycliste blessé dans une collision avec un véhicule à moteur à deux ou trois roues - "" Passager blessé dans un accident de la circulation """,false,false,true,true,false,2,cause_externe,OWL_ANS,emissible,7313
V12.9,XX,XX/V12.9.md,"Cycliste blessé dans une collision avec un véhicule à moteur à deux ou trois roues - "" Cycliste, sans précision, blessé dans un accident de la circulation """,false,false,true,true,false,2,cause_externe,OWL_ANS,emissible,7330
V13.0,XX,XX/V13.0.md,"Cycliste blessé dans une collision avec une automobile ou une camionnette - "" Conducteur blessé dans un accident en dehors de la circulation """,false,false,true,true,false,2,cause_externe,OWL_ANS,emissible,7316
V13.1,XX,XX/V13.1.md,"Cycliste blessé dans une collision avec une automobile ou une camionnette - "" Passager blessé dans un accident en dehors de la circulation """,false,false,true,true,false,2,cause_externe,OWL_ANS,emissible,7314
V13.2,XX,XX/V13.2.md,"Cycliste blessé dans une collision avec une automobile ou une camionnette - "" Cycliste, sans précision, blessé dans un accident en dehors de la circulation """,false,false,true,true,false,2,cause_externe,OWL_ANS,emissible,7331
V13.3,XX,XX/V13.3.md,"Cycliste blessé dans une collision avec une automobile ou une camionnette - "" Personne blessée en montant ou en descendant du véhicule """,false,false,true,true,false,2,cause_externe,OWL_ANS,emissible,7310
V13.4,XX,XX/V13.4.md,"Cycliste blessé dans une collision avec une automobile ou une camionnette - "" Conducteur blessé dans un accident de la circulation """,false,false,true,true,false,2,cause_externe,OWL_ANS,emissible,7306
V13.5,XX,XX/V13.5.md,"Cycliste blessé dans une collision avec une automobile ou une camionnette - "" Passager blessé dans un accident de la circulation """,false,false,true,true,false,2,cause_externe,OWL_ANS,emissible,7304
V13.9,XX,XX/V13.9.md,"Cycliste blessé dans une collision avec une automobile ou une camionnette - "" Cycliste, sans précision, blessé dans un accident de la circulation """,false,false,true,true,false,2,cause_externe,OWL_ANS,emissible,7321
V14.0,XX,XX/V14.0.md,"Cycliste blessé dans une collision avec un vehicule lourd ou un autobus - "" Conducteur blessé dans un accident en dehors de la circulation """,false,false,true,true,false,2,cause_externe,OWL_ANS,emissible,7314
V14.1,XX,XX/V14.1.md,"Cycliste blessé dans une collision avec un vehicule lourd ou un autobus - "" Passager blessé dans un accident en dehors de la circulation """,false,false,true,true,false,2,cause_externe,OWL_ANS,emissible,7312
V14.2,XX,XX/V14.2.md,"Cycliste blessé dans une collision avec un vehicule lourd ou un autobus - "" Cycliste, sans précision, blessé dans un accident en dehors de la circulation """,false,false,true,true,false,2,cause_externe,OWL_ANS,emissible,7329
V14.3,XX,XX/V14.3.md,"Cycliste blessé dans une collision avec un vehicule lourd ou un autobus - "" Personne blessée en montant ou en descendant du véhicule """,false,false,true,true,false,2,cause_externe,OWL_ANS,emissible,7308
V14.4,XX,XX/V14.4.md,"Cycliste blessé dans une collision avec un vehicule lourd ou un autobus - "" Conducteur blessé dans un accident de la circulation """,false,false,true,true,false,2,cause_externe,OWL_ANS,emissible,7304
V14.5,XX,XX/V14.5.md,"Cycliste blessé dans une collision avec un vehicule lourd ou un autobus - "" Passager blessé dans un accident de la circulation """,false,false,true,true,false,2,cause_externe,OWL_ANS,emissible,7302
V14.9,XX,XX/V14.9.md,"Cycliste blessé dans une collision avec un vehicule lourd ou un autobus - "" Cycliste, sans précision, blessé dans un accident de la circulation """,false,false,true,true,false,2,cause_externe,OWL_ANS,emissible,7319
V15.0,XX,XX/V15.0.md,"Cycliste blessé dans une collision avec un train ou un véhicule ferroviaire - "" Conducteur blessé dans un accident en dehors de la circulation """,false,false,true,true,false,2,cause_externe,OWL_ANS,emissible,7318
V15.1,XX,XX/V15.1.md,"Cycliste blessé dans une collision avec un train ou un véhicule ferroviaire - "" Passager blessé dans un accident en dehors de la circulation """,false,false,true,true,false,2,cause_externe,OWL_ANS,emissible,7316
V15.2,XX,XX/V15.2.md,"Cycliste blessé dans une collision avec un train ou un véhicule ferroviaire - "" Cycliste, sans précision, blessé dans un accident en dehors de la circulation """,false,false,true,true,false,2,cause_externe,OWL_ANS,emissible,7333
V15.3,XX,XX/V15.3.md,"Cycliste blessé dans une collision avec un train ou un véhicule ferroviaire - "" Personne blessée en montant ou en descendant du véhicule """,false,false,true,true,false,2,cause_externe,OWL_ANS,emissible,7312
V15.4,XX,XX/V15.4.md,"Cycliste blessé dans une collision avec un train ou un véhicule ferroviaire - "" Conducteur blessé dans un accident de la circulation """,false,false,true,true,false,2,cause_externe,OWL_ANS,emissible,7308
V15.5,XX,XX/V15.5.md,"Cycliste blessé dans une collision avec un train ou un véhicule ferroviaire - "" Passager blessé dans un accident de la circulation """,false,false,true,true,false,2,cause_externe,OWL_ANS,emissible,7306
V15.9,XX,XX/V15.9.md,"Cycliste blessé dans une collision avec un train ou un véhicule ferroviaire - "" Cycliste, sans précision, blessé dans un accident de la circulation """,false,false,true,true,false,2,cause_externe,OWL_ANS,emissible,7323
V16.0,XX,XX/V16.0.md,"Cycliste blessé dans une collision avec un autre véhicule sans moteur - "" Conducteur blessé dans un accident en dehors de la circulation """,true,false,true,true,false,2,cause_externe,OWL_ANS,emissible,7463
V16.1,XX,XX/V16.1.md,"Cycliste blessé dans une collision avec un autre véhicule sans moteur - "" Passager blessé dans un accident en dehors de la circulation """,true,false,true,true,false,2,cause_externe,OWL_ANS,emissible,7461
V16.2,XX,XX/V16.2.md,"Cycliste blessé dans une collision avec un autre véhicule sans moteur - "" Cycliste, sans précision, blessé dans un accident en dehors de la circulation """,true,false,true,true,false,2,cause_externe,OWL_ANS,emissible,7478
V16.3,XX,XX/V16.3.md,"Cycliste blessé dans une collision avec un autre véhicule sans moteur - "" Personne blessée en montant ou en descendant du véhicule """,true,false,true,true,false,2,cause_externe,OWL_ANS,emissible,7457
V16.4,XX,XX/V16.4.md,"Cycliste blessé dans une collision avec un autre véhicule sans moteur - "" Conducteur blessé dans un accident de la circulation """,true,false,true,true,false,2,cause_externe,OWL_ANS,emissible,7453
V16.5,XX,XX/V16.5.md,"Cycliste blessé dans une collision avec un autre véhicule sans moteur - "" Passager blessé dans un accident de la circulation """,true,false,true,true,false,2,cause_externe,OWL_ANS,emissible,7451
V16.9,XX,XX/V16.9.md,"Cycliste blessé dans une collision avec un autre véhicule sans moteur - "" Cycliste, sans précision, blessé dans un accident de la circulation """,true,false,true,true,false,2,cause_externe,OWL_ANS,emissible,7468
V17.0,XX,XX/V17.0.md,"Cycliste blessé dans une collision avec un objet fixe ou stationnaire - "" Conducteur blessé dans un accident en dehors de la circulation """,false,false,true,true,false,2,cause_externe,OWL_ANS,emissible,7312
V17.1,XX,XX/V17.1.md,"Cycliste blessé dans une collision avec un objet fixe ou stationnaire - "" Passager blessé dans un accident en dehors de la circulation """,false,false,true,true,false,2,cause_externe,OWL_ANS,emissible,7310
V17.2,XX,XX/V17.2.md,"Cycliste blessé dans une collision avec un objet fixe ou stationnaire - "" Cycliste, sans précision, blessé dans un accident en dehors de la circulation """,false,false,true,true,false,2,cause_externe,OWL_ANS,emissible,7327
V17.3,XX,XX/V17.3.md,"Cycliste blessé dans une collision avec un objet fixe ou stationnaire - "" Personne blessée en montant ou en descendant du véhicule """,false,false,true,true,false,2,cause_externe,OWL_ANS,emissible,7306
V17.4,XX,XX/V17.4.md,"Cycliste blessé dans une collision avec un objet fixe ou stationnaire - "" Conducteur blessé dans un accident de la circulation """,false,false,true,true,false,2,cause_externe,OWL_ANS,emissible,7302
V17.5,XX,XX/V17.5.md,"Cycliste blessé dans une collision avec un objet fixe ou stationnaire - "" Passager blessé dans un accident de la circulation """,false,false,true,true,false,2,cause_externe,OWL_ANS,emissible,7300
V17.9,XX,XX/V17.9.md,"Cycliste blessé dans une collision avec un objet fixe ou stationnaire - "" Cycliste, sans précision, blessé dans un accident de la circulation """,false,false,true,true,false,2,cause_externe,OWL_ANS,emissible,7317
V18.0,XX,XX/V18.0.md,"Cycliste blessé dans un accident de transport, sans collision - "" Conducteur blessé dans un accident en dehors de la circulation """,true,false,true,true,false,2,cause_externe,OWL_ANS,emissible,7593
V18.1,XX,XX/V18.1.md,"Cycliste blessé dans un accident de transport, sans collision - "" Passager blessé dans un accident en dehors de la circulation """,true,false,true,true,false,2,cause_externe,OWL_ANS,emissible,7591
V18.2,XX,XX/V18.2.md,"Cycliste blessé dans un accident de transport, sans collision - "" Cycliste, sans précision, blessé dans un accident en dehors de la circulation """,true,false,true,true,false,2,cause_externe,OWL_ANS,emissible,7608
V18.3,XX,XX/V18.3.md,"Cycliste blessé dans un accident de transport, sans collision - "" Personne blessée en montant ou en descendant du véhicule """,true,false,true,true,false,2,cause_externe,OWL_ANS,emissible,7587
V18.4,XX,XX/V18.4.md,"Cycliste blessé dans un accident de transport, sans collision - "" Conducteur blessé dans un accident de la circulation """,true,false,true,true,false,2,cause_externe,OWL_ANS,emissible,7583
V18.5,XX,XX/V18.5.md,"Cycliste blessé dans un accident de transport, sans collision - "" Passager blessé dans un accident de la circulation """,true,false,true,true,false,2,cause_externe,OWL_ANS,emissible,7581
V18.9,XX,XX/V18.9.md,"Cycliste blessé dans un accident de transport, sans collision - "" Cycliste, sans précision, blessé dans un accident de la circulation """,true,false,true,true,false,2,cause_externe,OWL_ANS,emissible,7598
V19.0,XX,XX/V19.0.md,"Conducteur blessé dans une collision avec des véhicules à moteur, autres et sans précision, dans un accident en dehors de la circulation",false,false,true,true,false,2,cause_externe,OWL_ANS,emissible,7180
V19.1,XX,XX/V19.1.md,"Passager blessé dans une collision avec des véhicules à moteur, autres et sans précision, dans un accident en dehors de la circulation",false,false,true,true,false,2,cause_externe,OWL_ANS,emissible,7178
V19.2,XX,XX/V19.2.md,"Cycliste, sans précision, blessé dans une collision avec des véhicules à moteur, autres et sans précision, dans un accident en dehors de la circulation",true,false,true,true,false,2,cause_externe,OWL_ANS,emissible,7300
V19.3,XX,XX/V19.3.md,"Cycliste [tout type] blessé dans un accident sans précision, en dehors de la circulation",true,false,true,true,false,2,cause_externe,OWL_ANS,emissible,7305
V19.4,XX,XX/V19.4.md,"Conducteur blessé dans une collision avec des véhicules à moteur, autres et sans précision, dans un accident de la circulation",false,false,true,true,false,2,cause_externe,OWL_ANS,emissible,7170
V19.5,XX,XX/V19.5.md,"Passager blessé dans une collision avec des véhicules à moteur, autres et sans précision, dans un accident de la circulation",false,false,true,true,false,2,cause_externe,OWL_ANS,emissible,7168
V19.6,XX,XX/V19.6.md,"Cycliste, sans précision, blessé dans une collision avec des véhicules à moteur, autres et sans précision, dans un accident de la circulation",true,false,true,true,false,2,cause_externe,OWL_ANS,emissible,7284
V19.8,XX,XX/V19.8.md,Cycliste [tout type] blessé dans d'autres accidents de transport précisés,true,false,true,true,false,2,cause_externe,OWL_ANS,emissible,8234
V19.9,XX,XX/V19.9.md,"Cycliste [tout type] blessé dans un accident de la circulation, sans précision",true,false,true,true,false,2,cause_externe,OWL_ANS,emissible,7198
V20.0,XX,XX/V20.0.md,"Motocycliste blessé dans une collision avec un piéton ou un animal - "" Conducteur blessé dans un accident en dehors de la circulation """,true,false,true,true,false,2,cause_externe,OWL_ANS,emissible,7706
V20.1,XX,XX/V20.1.md,"Motocycliste blessé dans une collision avec un piéton ou un animal - "" Passager blessé dans un accident en dehors de la circulation """,true,false,true,true,false,2,cause_externe,OWL_ANS,emissible,7704
V20.2,XX,XX/V20.2.md,"Motocycliste blessé dans une collision avec un piéton ou un animal - "" Motocycliste, sans précision, blessé dans un accident en dehors de la circulation """,true,false,true,true,false,2,cause_externe,OWL_ANS,emissible,7725
V20.3,XX,XX/V20.3.md,"Motocycliste blessé dans une collision avec un piéton ou un animal - "" Personne blessée en montant ou en descendant du véhicule """,true,false,true,true,false,2,cause_externe,OWL_ANS,emissible,7700
V20.4,XX,XX/V20.4.md,"Motocycliste blessé dans une collision avec un piéton ou un animal - "" Conducteur blessé dans un accident de la circulation """,true,false,true,true,false,2,cause_externe,OWL_ANS,emissible,7696
V20.5,XX,XX/V20.5.md,"Motocycliste blessé dans une collision avec un piéton ou un animal - "" Passager blessé dans un accident de la circulation """,true,false,true,true,false,2,cause_externe,OWL_ANS,emissible,7694
V20.9,XX,XX/V20.9.md,"Motocycliste blessé dans une collision avec un piéton ou un animal - "" Motocycliste, sans précision, blessé dans un accident de la circulation """,true,false,true,true,false,2,cause_externe,OWL_ANS,emissible,7715
V21.0,XX,XX/V21.0.md,"Motocycliste blessé dans une collision avec un cycle - "" Conducteur blessé dans un accident en dehors de la circulation """,true,false,true,true,false,2,cause_externe,OWL_ANS,emissible,7551
V21.1,XX,XX/V21.1.md,"Motocycliste blessé dans une collision avec un cycle - "" Passager blessé dans un accident en dehors de la circulation """,true,false,true,true,false,2,cause_externe,OWL_ANS,emissible,7549
V21.2,XX,XX/V21.2.md,"Motocycliste blessé dans une collision avec un cycle - "" Motocycliste, sans précision, blessé dans un accident en dehors de la circulation """,true,false,true,true,false,2,cause_externe,OWL_ANS,emissible,7570
V21.3,XX,XX/V21.3.md,"Motocycliste blessé dans une collision avec un cycle - "" Personne blessée en montant ou en descendant du véhicule """,true,false,true,true,false,2,cause_externe,OWL_ANS,emissible,7545
V21.4,XX,XX/V21.4.md,"Motocycliste blessé dans une collision avec un cycle - "" Conducteur blessé dans un accident de la circulation """,true,false,true,true,false,2,cause_externe,OWL_ANS,emissible,7541
V21.5,XX,XX/V21.5.md,"Motocycliste blessé dans une collision avec un cycle - "" Passager blessé dans un accident de la circulation """,true,false,true,true,false,2,cause_externe,OWL_ANS,emissible,7539
V21.9,XX,XX/V21.9.md,"Motocycliste blessé dans une collision avec un cycle - "" Motocycliste, sans précision, blessé dans un accident de la circulation """,true,false,true,true,false,2,cause_externe,OWL_ANS,emissible,7560
V22.0,XX,XX/V22.0.md,"Motocycliste blessé dans une collision avec un véhicule à moteur à deux ou trois roues - "" Conducteur blessé dans un accident en dehors de la circulation """,true,false,true,true,false,2,cause_externe,OWL_ANS,emissible,7585
V22.1,XX,XX/V22.1.md,"Motocycliste blessé dans une collision avec un véhicule à moteur à deux ou trois roues - "" Passager blessé dans un accident en dehors de la circulation """,true,false,true,true,false,2,cause_externe,OWL_ANS,emissible,7583
V22.2,XX,XX/V22.2.md,"Motocycliste blessé dans une collision avec un véhicule à moteur à deux ou trois roues - "" Motocycliste, sans précision, blessé dans un accident en dehors de la circulation """,true,false,true,true,false,2,cause_externe,OWL_ANS,emissible,7604
V22.3,XX,XX/V22.3.md,"Motocycliste blessé dans une collision avec un véhicule à moteur à deux ou trois roues - "" Personne blessée en montant ou en descendant du véhicule """,true,false,true,true,false,2,cause_externe,OWL_ANS,emissible,7579
V22.4,XX,XX/V22.4.md,"Motocycliste blessé dans une collision avec un véhicule à moteur à deux ou trois roues - "" Conducteur blessé dans un accident de la circulation """,true,false,true,true,false,2,cause_externe,OWL_ANS,emissible,7575
V22.5,XX,XX/V22.5.md,"Motocycliste blessé dans une collision avec un véhicule à moteur à deux ou trois roues - "" Passager blessé dans un accident de la circulation """,true,false,true,true,false,2,cause_externe,OWL_ANS,emissible,7573
V22.9,XX,XX/V22.9.md,"Motocycliste blessé dans une collision avec un véhicule à moteur à deux ou trois roues - "" Motocycliste, sans précision, blessé dans un accident de la circulation """,true,false,true,true,false,2,cause_externe,OWL_ANS,emissible,7594
V23.0,XX,XX/V23.0.md,"Motocycliste blessé dans une collision avec une automobile ou une camionnette - "" Conducteur blessé dans un accident en dehors de la circulation """,true,false,true,true,false,2,cause_externe,OWL_ANS,emissible,7576
V23.1,XX,XX/V23.1.md,"Motocycliste blessé dans une collision avec une automobile ou une camionnette - "" Passager blessé dans un accident en dehors de la circulation """,true,false,true,true,false,2,cause_externe,OWL_ANS,emissible,7574
V23.2,XX,XX/V23.2.md,"Motocycliste blessé dans une collision avec une automobile ou une camionnette - "" Motocycliste, sans précision, blessé dans un accident en dehors de la circulation """,true,false,true,true,false,2,cause_externe,OWL_ANS,emissible,7595
V23.3,XX,XX/V23.3.md,"Motocycliste blessé dans une collision avec une automobile ou une camionnette - "" Personne blessée en montant ou en descendant du véhicule """,true,false,true,true,false,2,cause_externe,OWL_ANS,emissible,7570
V23.4,XX,XX/V23.4.md,"Motocycliste blessé dans une collision avec une automobile ou une camionnette - "" Conducteur blessé dans un accident de la circulation """,true,false,true,true,false,2,cause_externe,OWL_ANS,emissible,7566
V23.5,XX,XX/V23.5.md,"Motocycliste blessé dans une collision avec une automobile ou une camionnette - "" Passager blessé dans un accident de la circulation """,true,false,true,true,false,2,cause_externe,OWL_ANS,emissible,7564
V23.9,XX,XX/V23.9.md,"Motocycliste blessé dans une collision avec une automobile ou une camionnette - "" Motocycliste, sans précision, blessé dans un accident de la circulation """,true,false,true,true,false,2,cause_externe,OWL_ANS,emissible,7585
V24.0,XX,XX/V24.0.md,"Motocycliste blessé dans une collision avec un véhicule lourd ou un autobus - "" Conducteur blessé dans un accident en dehors de la circulation """,true,false,true,true,false,2,cause_externe,OWL_ANS,emissible,7574
V24.1,XX,XX/V24.1.md,"Motocycliste blessé dans une collision avec un véhicule lourd ou un autobus - "" Passager blessé dans un accident en dehors de la circulation """,true,false,true,true,false,2,cause_externe,OWL_ANS,emissible,7572
V24.2,XX,XX/V24.2.md,"Motocycliste blessé dans une collision avec un véhicule lourd ou un autobus - "" Motocycliste, sans précision, blessé dans un accident en dehors de la circulation """,true,false,true,true,false,2,cause_externe,OWL_ANS,emissible,7593
V24.3,XX,XX/V24.3.md,"Motocycliste blessé dans une collision avec un véhicule lourd ou un autobus - "" Personne blessée en montant ou en descendant du véhicule """,true,false,true,true,false,2,cause_externe,OWL_ANS,emissible,7568
V24.4,XX,XX/V24.4.md,"Motocycliste blessé dans une collision avec un véhicule lourd ou un autobus - "" Conducteur blessé dans un accident de la circulation """,true,false,true,true,false,2,cause_externe,OWL_ANS,emissible,7564
V24.5,XX,XX/V24.5.md,"Motocycliste blessé dans une collision avec un véhicule lourd ou un autobus - "" Passager blessé dans un accident de la circulation """,true,false,true,true,false,2,cause_externe,OWL_ANS,emissible,7562
V24.9,XX,XX/V24.9.md,"Motocycliste blessé dans une collision avec un véhicule lourd ou un autobus - "" Motocycliste, sans précision, blessé dans un accident de la circulation """,true,false,true,true,false,2,cause_externe,OWL_ANS,emissible,7583
V25.0,XX,XX/V25.0.md,"Motocycliste blessé dans une collision avec un train ou un véhicule ferroviaire - "" Conducteur blessé dans un accident en dehors de la circulation """,true,false,true,true,false,2,cause_externe,OWL_ANS,emissible,7578
V25.1,XX,XX/V25.1.md,"Motocycliste blessé dans une collision avec un train ou un véhicule ferroviaire - "" Passager blessé dans un accident en dehors de la circulation """,true,false,true,true,false,2,cause_externe,OWL_ANS,emissible,7576
V25.2,XX,XX/V25.2.md,"Motocycliste blessé dans une collision avec un train ou un véhicule ferroviaire - "" Motocycliste, sans précision, blessé dans un accident en dehors de la circulation """,true,false,true,true,false,2,cause_externe,OWL_ANS,emissible,7597
V25.3,XX,XX/V25.3.md,"Motocycliste blessé dans une collision avec un train ou un véhicule ferroviaire - "" Personne blessée en montant ou en descendant du véhicule """,true,false,true,true,false,2,cause_externe,OWL_ANS,emissible,7572
V25.4,XX,XX/V25.4.md,"Motocycliste blessé dans une collision avec un train ou un véhicule ferroviaire - "" Conducteur blessé dans un accident de la circulation """,true,false,true,true,false,2,cause_externe,OWL_ANS,emissible,7568
V25.5,XX,XX/V25.5.md,"Motocycliste blessé dans une collision avec un train ou un véhicule ferroviaire - "" Passager blessé dans un accident de la circulation """,true,false,true,true,false,2,cause_externe,OWL_ANS,emissible,7566
V25.9,XX,XX/V25.9.md,"Motocycliste blessé dans une collision avec un train ou un véhicule ferroviaire - "" Motocycliste, sans précision, blessé dans un accident de la circulation """,true,false,true,true,false,2,cause_externe,OWL_ANS,emissible,7587
V26.0,XX,XX/V26.0.md,"Motocycliste blessé dans une collision avec un autre véhicule sans moteur - "" Conducteur blessé dans un accident en dehors de la circulation """,true,false,true,true,false,2,cause_externe,OWL_ANS,emissible,7692
V26.1,XX,XX/V26.1.md,"Motocycliste blessé dans une collision avec un autre véhicule sans moteur - "" Passager blessé dans un accident en dehors de la circulation """,true,false,true,true,false,2,cause_externe,OWL_ANS,emissible,7690
V26.2,XX,XX/V26.2.md,"Motocycliste blessé dans une collision avec un autre véhicule sans moteur - "" Motocycliste, sans précision, blessé dans un accident en dehors de la circulation """,true,false,true,true,false,2,cause_externe,OWL_ANS,emissible,7711
V26.3,XX,XX/V26.3.md,"Motocycliste blessé dans une collision avec un autre véhicule sans moteur - "" Personne blessée en montant ou en descendant du véhicule """,true,false,true,true,false,2,cause_externe,OWL_ANS,emissible,7686
V26.4,XX,XX/V26.4.md,"Motocycliste blessé dans une collision avec un autre véhicule sans moteur - "" Conducteur blessé dans un accident de la circulation """,true,false,true,true,false,2,cause_externe,OWL_ANS,emissible,7682
V26.5,XX,XX/V26.5.md,"Motocycliste blessé dans une collision avec un autre véhicule sans moteur - "" Passager blessé dans un accident de la circulation """,true,false,true,true,false,2,cause_externe,OWL_ANS,emissible,7680
V26.9,XX,XX/V26.9.md,"Motocycliste blessé dans une collision avec un autre véhicule sans moteur - "" Motocycliste, sans précision, blessé dans un accident de la circulation """,true,false,true,true,false,2,cause_externe,OWL_ANS,emissible,7701
V27.0,XX,XX/V27.0.md,"Motocycliste blessé dans une collision avec un objet fixe ou stationnaire - "" Conducteur blessé dans un accident en dehors de la circulation """,true,false,true,true,false,2,cause_externe,OWL_ANS,emissible,7572
V27.1,XX,XX/V27.1.md,"Motocycliste blessé dans une collision avec un objet fixe ou stationnaire - "" Passager blessé dans un accident en dehors de la circulation """,true,false,true,true,false,2,cause_externe,OWL_ANS,emissible,7570
V27.2,XX,XX/V27.2.md,"Motocycliste blessé dans une collision avec un objet fixe ou stationnaire - "" Motocycliste, sans précision, blessé dans un accident en dehors de la circulation """,true,false,true,true,false,2,cause_externe,OWL_ANS,emissible,7591
V27.3,XX,XX/V27.3.md,"Motocycliste blessé dans une collision avec un objet fixe ou stationnaire - "" Personne blessée en montant ou en descendant du véhicule """,true,false,true,true,false,2,cause_externe,OWL_ANS,emissible,7566
V27.4,XX,XX/V27.4.md,"Motocycliste blessé dans une collision avec un objet fixe ou stationnaire - "" Conducteur blessé dans un accident de la circulation """,true,false,true,true,false,2,cause_externe,OWL_ANS,emissible,7562
V27.5,XX,XX/V27.5.md,"Motocycliste blessé dans une collision avec un objet fixe ou stationnaire - "" Passager blessé dans un accident de la circulation """,true,false,true,true,false,2,cause_externe,OWL_ANS,emissible,7560
V27.9,XX,XX/V27.9.md,"Motocycliste blessé dans une collision avec un objet fixe ou stationnaire - "" Motocycliste, sans précision, blessé dans un accident de la circulation """,true,false,true,true,false,2,cause_externe,OWL_ANS,emissible,7581
V28.0,XX,XX/V28.0.md,"Motocycliste blessé dans un accident de transport, sans collision - "" Conducteur blessé dans un accident en dehors de la circulation """,true,false,true,true,false,2,cause_externe,OWL_ANS,emissible,7818
V28.1,XX,XX/V28.1.md,"Motocycliste blessé dans un accident de transport, sans collision - "" Passager blessé dans un accident en dehors de la circulation """,true,false,true,true,false,2,cause_externe,OWL_ANS,emissible,7816
V28.2,XX,XX/V28.2.md,"Motocycliste blessé dans un accident de transport, sans collision - "" Motocycliste, sans précision, blessé dans un accident en dehors de la circulation """,true,false,true,true,false,2,cause_externe,OWL_ANS,emissible,7837
V28.3,XX,XX/V28.3.md,"Motocycliste blessé dans un accident de transport, sans collision - "" Personne blessée en montant ou en descendant du véhicule """,true,false,true,true,false,2,cause_externe,OWL_ANS,emissible,7812
V28.4,XX,XX/V28.4.md,"Motocycliste blessé dans un accident de transport, sans collision - "" Conducteur blessé dans un accident de la circulation """,true,false,true,true,false,2,cause_externe,OWL_ANS,emissible,7808
V28.5,XX,XX/V28.5.md,"Motocycliste blessé dans un accident de transport, sans collision - "" Passager blessé dans un accident de la circulation """,true,false,true,true,false,2,cause_externe,OWL_ANS,emissible,7806
V28.9,XX,XX/V28.9.md,"Motocycliste blessé dans un accident de transport, sans collision - "" Motocycliste, sans précision, blessé dans un accident de la circulation """,true,false,true,true,false,2,cause_externe,OWL_ANS,emissible,7827
V29.0,XX,XX/V29.0.md,"Conducteur blessé dans une collision avec des véhicules à moteur, autres et sans précision, dans un accident en dehors de la circulation",true,false,true,true,false,2,cause_externe,OWL_ANS,emissible,7437
V29.1,XX,XX/V29.1.md,"Passager blessé dans une collision avec des véhicules à moteur, autres et sans précision, dans un accident en dehors de la circulation",true,false,true,true,false,2,cause_externe,OWL_ANS,emissible,7435
V29.2,XX,XX/V29.2.md,"Motocycliste, sans précision, blessé dans une collision avec des véhicules à moteur, autres et sans précision, dans un accident en dehors de la circulation",true,false,true,true,false,2,cause_externe,OWL_ANS,emissible,7538
V29.3,XX,XX/V29.3.md,"Motocycliste [tout type] blessé dans un accident sans précision, en dehors de la circulation",true,false,true,true,false,2,cause_externe,OWL_ANS,emissible,7546
V29.4,XX,XX/V29.4.md,"Conducteur blessé dans une collision avec des véhicules à moteur, autres et sans précision, dans un accident de la circulation",true,false,true,true,false,2,cause_externe,OWL_ANS,emissible,7427
V29.5,XX,XX/V29.5.md,"Passager blessé dans une collision avec des véhicules à moteur, autres et sans précision, dans un accident de la circulation",true,false,true,true,false,2,cause_externe,OWL_ANS,emissible,7425
V29.6,XX,XX/V29.6.md,"Motocycliste, sans précision, blessé dans une collision avec des véhicules à moteur, autres et sans précision, dans un accident de la circulation",true,false,true,true,false,2,cause_externe,OWL_ANS,emissible,7521
V29.8,XX,XX/V29.8.md,Motocycliste [tout type] blessé dans d'autres accidents de transport précisés,true,false,true,true,false,2,cause_externe,OWL_ANS,emissible,8483
V29.9,XX,XX/V29.9.md,"Motocycliste [tout type] blessé dans un accident de la circulation, sans précision",true,false,true,true,false,2,cause_externe,OWL_ANS,emissible,7435
V30.0,XX,XX/V30.0.md,"Occupant d'un véhicule à moteur à trois roues, blessé dans une collision avec un piéton ou un animal - "" Conducteur blessé dans un accident en dehors de la circulation """,true,false,true,true,false,2,cause_externe,OWL_ANS,emissible,7715
V30.1,XX,XX/V30.1.md,"Occupant d'un véhicule à moteur à trois roues, blessé dans une collision avec un piéton ou un animal - "" Passager blessé dans un accident en dehors de la circulation """,true,false,true,true,false,2,cause_externe,OWL_ANS,emissible,7713
V30.2,XX,XX/V30.2.md,"Occupant d'un véhicule à moteur à trois roues, blessé dans une collision avec un piéton ou un animal - "" Personne à l'extérieur du véhicule blessée dans un accident en dehors de la circulation """,true,false,true,true,false,2,cause_externe,OWL_ANS,emissible,7740
V30.3,XX,XX/V30.3.md,"Occupant d'un véhicule à moteur à trois roues, blessé dans une collision avec un piéton ou un animal - "" Occupant, sans précision, d'un véhicule à moteur à trois roues, blessé dans un accident en dehors de la circulation """,true,false,true,true,false,2,cause_externe,OWL_ANS,emissible,7768
V30.4,XX,XX/V30.4.md,"Occupant d'un véhicule à moteur à trois roues, blessé dans une collision avec un piéton ou un animal - "" Personne blessée en montant ou en descendant du véhicule """,true,false,true,true,false,2,cause_externe,OWL_ANS,emissible,7709
V30.5,XX,XX/V30.5.md,"Occupant d'un véhicule à moteur à trois roues, blessé dans une collision avec un piéton ou un animal - "" Conducteur blessé dans un accident de la circulation """,true,false,true,true,false,2,cause_externe,OWL_ANS,emissible,7705
V30.6,XX,XX/V30.6.md,"Occupant d'un véhicule à moteur à trois roues, blessé dans une collision avec un piéton ou un animal - "" Passager blessé dans un accident de la circulation """,true,false,true,true,false,2,cause_externe,OWL_ANS,emissible,7703
V30.7,XX,XX/V30.7.md,"Occupant d'un véhicule à moteur à trois roues, blessé dans une collision avec un piéton ou un animal - "" Personne à l'extérieur du véhicule blessée dans un accident de la circulation """,true,false,true,true,false,2,cause_externe,OWL_ANS,emissible,7730
V30.9,XX,XX/V30.9.md,"Occupant d'un véhicule à moteur à trois roues, blessé dans une collision avec un piéton ou un animal - "" Occupant, sans précision, d'un véhicule à moteur à trois roues, blessé dans un accident de la circulation """,true,false,true,true,false,2,cause_externe,OWL_ANS,emissible,7758
V31.0,XX,XX/V31.0.md,"Occupant d'un véhicule à moteur à trois roues blessé dans une collision avec un cycle - "" Conducteur blessé dans un accident en dehors de la circulation """,true,false,true,true,false,2,cause_externe,OWL_ANS,emissible,7559
V31.1,XX,XX/V31.1.md,"Occupant d'un véhicule à moteur à trois roues blessé dans une collision avec un cycle - "" Passager blessé dans un accident en dehors de la circulation """,true,false,true,true,false,2,cause_externe,OWL_ANS,emissible,7557
V31.2,XX,XX/V31.2.md,"Occupant d'un véhicule à moteur à trois roues blessé dans une collision avec un cycle - "" Personne à l'extérieur du véhicule blessée dans un accident en dehors de la circulation """,true,false,true,true,false,2,cause_externe,OWL_ANS,emissible,7584
V31.3,XX,XX/V31.3.md,"Occupant d'un véhicule à moteur à trois roues blessé dans une collision avec un cycle - "" Occupant, sans précision, d'un véhicule à moteur à trois roues, blessé dans un accident en dehors de la circulation """,true,false,true,true,false,2,cause_externe,OWL_ANS,emissible,7612
V31.4,XX,XX/V31.4.md,"Occupant d'un véhicule à moteur à trois roues blessé dans une collision avec un cycle - "" Personne blessée en montant ou en descendant du véhicule """,true,false,true,true,false,2,cause_externe,OWL_ANS,emissible,7553
V31.5,XX,XX/V31.5.md,"Occupant d'un véhicule à moteur à trois roues blessé dans une collision avec un cycle - "" Conducteur blessé dans un accident de la circulation """,true,false,true,true,false,2,cause_externe,OWL_ANS,emissible,7549
V31.6,XX,XX/V31.6.md,"Occupant d'un véhicule à moteur à trois roues blessé dans une collision avec un cycle - "" Passager blessé dans un accident de la circulation """,true,false,true,true,false,2,cause_externe,OWL_ANS,emissible,7547
V31.7,XX,XX/V31.7.md,"Occupant d'un véhicule à moteur à trois roues blessé dans une collision avec un cycle - "" Personne à l'extérieur du véhicule blessée dans un accident de la circulation """,true,false,true,true,false,2,cause_externe,OWL_ANS,emissible,7574
V31.9,XX,XX/V31.9.md,"Occupant d'un véhicule à moteur à trois roues blessé dans une collision avec un cycle - "" Occupant, sans précision, d'un véhicule à moteur à trois roues, blessé dans un accident de la circulation """,true,false,true,true,false,2,cause_externe,OWL_ANS,emissible,7602
V32.0,XX,XX/V32.0.md,"Occupant d'un véhicule à moteur à trois roues blessé dans une collision avec un véhicule à moteur à deux ou trois roues - "" Conducteur blessé dans un accident en dehors de la circulation """,true,false,true,true,false,2,cause_externe,OWL_ANS,emissible,7593
V32.1,XX,XX/V32.1.md,"Occupant d'un véhicule à moteur à trois roues blessé dans une collision avec un véhicule à moteur à deux ou trois roues - "" Passager blessé dans un accident en dehors de la circulation """,true,false,true,true,false,2,cause_externe,OWL_ANS,emissible,7591
V32.2,XX,XX/V32.2.md,"Occupant d'un véhicule à moteur à trois roues blessé dans une collision avec un véhicule à moteur à deux ou trois roues - "" Personne à l'extérieur du véhicule blessée dans un accident en dehors de la circulation """,true,false,true,true,false,2,cause_externe,OWL_ANS,emissible,7618
V32.3,XX,XX/V32.3.md,"Occupant d'un véhicule à moteur à trois roues blessé dans une collision avec un véhicule à moteur à deux ou trois roues - "" Occupant, sans précision, d'un véhicule à moteur à trois roues, blessé dans un accident en dehors de la circulation """,true,false,true,true,false,2,cause_externe,OWL_ANS,emissible,7646
V32.4,XX,XX/V32.4.md,"Occupant d'un véhicule à moteur à trois roues blessé dans une collision avec un véhicule à moteur à deux ou trois roues - "" Personne blessée en montant ou en descendant du véhicule """,true,false,true,true,false,2,cause_externe,OWL_ANS,emissible,7587
V32.5,XX,XX/V32.5.md,"Occupant d'un véhicule à moteur à trois roues blessé dans une collision avec un véhicule à moteur à deux ou trois roues - "" Conducteur blessé dans un accident de la circulation """,true,false,true,true,false,2,cause_externe,OWL_ANS,emissible,7583
V32.6,XX,XX/V32.6.md,"Occupant d'un véhicule à moteur à trois roues blessé dans une collision avec un véhicule à moteur à deux ou trois roues - "" Passager blessé dans un accident de la circulation """,true,false,true,true,false,2,cause_externe,OWL_ANS,emissible,7581
V32.7,XX,XX/V32.7.md,"Occupant d'un véhicule à moteur à trois roues blessé dans une collision avec un véhicule à moteur à deux ou trois roues - "" Personne à l'extérieur du véhicule blessée dans un accident de la circulation """,true,false,true,true,false,2,cause_externe,OWL_ANS,emissible,7608
V32.9,XX,XX/V32.9.md,"Occupant d'un véhicule à moteur à trois roues blessé dans une collision avec un véhicule à moteur à deux ou trois roues - "" Occupant, sans précision, d'un véhicule à moteur à trois roues, blessé dans un accident de la circulation """,true,false,true,true,false,2,cause_externe,OWL_ANS,emissible,7636
V33.0,XX,XX/V33.0.md,"Occupant d'un véhicule à moteur à trois roues blessé dans une collision avec une automobile ou une camionnette - "" Conducteur blessé dans un accident en dehors de la circulation """,true,false,true,true,false,2,cause_externe,OWL_ANS,emissible,7584
V33.1,XX,XX/V33.1.md,"Occupant d'un véhicule à moteur à trois roues blessé dans une collision avec une automobile ou une camionnette - "" Passager blessé dans un accident en dehors de la circulation """,true,false,true,true,false,2,cause_externe,OWL_ANS,emissible,7582
V33.2,XX,XX/V33.2.md,"Occupant d'un véhicule à moteur à trois roues blessé dans une collision avec une automobile ou une camionnette - "" Personne à l'extérieur du véhicule blessée dans un accident en dehors de la circulation """,true,false,true,true,false,2,cause_externe,OWL_ANS,emissible,7609
V33.3,XX,XX/V33.3.md,"Occupant d'un véhicule à moteur à trois roues blessé dans une collision avec une automobile ou une camionnette - "" Occupant, sans précision, d'un véhicule à moteur à trois roues, blessé dans un accident en dehors de la circulation """,true,false,true,true,false,2,cause_externe,OWL_ANS,emissible,7637
V33.4,XX,XX/V33.4.md,"Occupant d'un véhicule à moteur à trois roues blessé dans une collision avec une automobile ou une camionnette - "" Personne blessée en montant ou en descendant du véhicule """,true,false,true,true,false,2,cause_externe,OWL_ANS,emissible,7578
V33.5,XX,XX/V33.5.md,"Occupant d'un véhicule à moteur à trois roues blessé dans une collision avec une automobile ou une camionnette - "" Conducteur blessé dans un accident de la circulation """,true,false,true,true,false,2,cause_externe,OWL_ANS,emissible,7574
V33.6,XX,XX/V33.6.md,"Occupant d'un véhicule à moteur à trois roues blessé dans une collision avec une automobile ou une camionnette - "" Passager blessé dans un accident de la circulation """,true,false,true,true,false,2,cause_externe,OWL_ANS,emissible,7572
V33.7,XX,XX/V33.7.md,"Occupant d'un véhicule à moteur à trois roues blessé dans une collision avec une automobile ou une camionnette - "" Personne à l'extérieur du véhicule blessée dans un accident de la circulation """,true,false,true,true,false,2,cause_externe,OWL_ANS,emissible,7599
V33.9,XX,XX/V33.9.md,"Occupant d'un véhicule à moteur à trois roues blessé dans une collision avec une automobile ou une camionnette - "" Occupant, sans précision, d'un véhicule à moteur à trois roues, blessé dans un accident de la circulation """,true,false,true,true,false,2,cause_externe,OWL_ANS,emissible,7627
V34.0,XX,XX/V34.0.md,"Occupant d'un véhicule à moteur à trois roues blessé dans une collision avec un véhicule lourd ou un autobus - "" Conducteur blessé dans un accident en dehors de la circulation """,true,false,true,true,false,2,cause_externe,OWL_ANS,emissible,7582
V34.1,XX,XX/V34.1.md,"Occupant d'un véhicule à moteur à trois roues blessé dans une collision avec un véhicule lourd ou un autobus - "" Passager blessé dans un accident en dehors de la circulation """,true,false,true,true,false,2,cause_externe,OWL_ANS,emissible,7580
V34.2,XX,XX/V34.2.md,"Occupant d'un véhicule à moteur à trois roues blessé dans une collision avec un véhicule lourd ou un autobus - "" Personne à l'extérieur du véhicule blessée dans un accident en dehors de la circulation """,true,false,true,true,false,2,cause_externe,OWL_ANS,emissible,7607
V34.3,XX,XX/V34.3.md,"Occupant d'un véhicule à moteur à trois roues blessé dans une collision avec un véhicule lourd ou un autobus - "" Occupant, sans précision, d'un véhicule à moteur à trois roues, blessé dans un accident en dehors de la circulation """,true,false,true,true,false,2,cause_externe,OWL_ANS,emissible,7635
V34.4,XX,XX/V34.4.md,"Occupant d'un véhicule à moteur à trois roues blessé dans une collision avec un véhicule lourd ou un autobus - "" Personne blessée en montant ou en descendant du véhicule """,true,false,true,true,false,2,cause_externe,OWL_ANS,emissible,7576
V34.5,XX,XX/V34.5.md,"Occupant d'un véhicule à moteur à trois roues blessé dans une collision avec un véhicule lourd ou un autobus - "" Conducteur blessé dans un accident de la circulation """,true,false,true,true,false,2,cause_externe,OWL_ANS,emissible,7572
V34.6,XX,XX/V34.6.md,"Occupant d'un véhicule à moteur à trois roues blessé dans une collision avec un véhicule lourd ou un autobus - "" Passager blessé dans un accident de la circulation """,true,false,true,true,false,2,cause_externe,OWL_ANS,emissible,7570
V34.7,XX,XX/V34.7.md,"Occupant d'un véhicule à moteur à trois roues blessé dans une collision avec un véhicule lourd ou un autobus - "" Personne à l'extérieur du véhicule blessée dans un accident de la circulation """,true,false,true,true,false,2,cause_externe,OWL_ANS,emissible,7597
V34.9,XX,XX/V34.9.md,"Occupant d'un véhicule à moteur à trois roues blessé dans une collision avec un véhicule lourd ou un autobus - "" Occupant, sans précision, d'un véhicule à moteur à trois roues, blessé dans un accident de la circulation """,true,false,true,true,false,2,cause_externe,OWL_ANS,emissible,7625
V35.0,XX,XX/V35.0.md,"Occupant d'un véhicule à moteur à trois roues blessé dans une collision avec un train ou un véhicule ferroviaire - "" Conducteur blessé dans un accident en dehors de la circulation """,true,false,true,true,false,2,cause_externe,OWL_ANS,emissible,7586
V35.1,XX,XX/V35.1.md,"Occupant d'un véhicule à moteur à trois roues blessé dans une collision avec un train ou un véhicule ferroviaire - "" Passager blessé dans un accident en dehors de la circulation """,true,false,true,true,false,2,cause_externe,OWL_ANS,emissible,7584
V35.2,XX,XX/V35.2.md,"Occupant d'un véhicule à moteur à trois roues blessé dans une collision avec un train ou un véhicule ferroviaire - "" Personne à l'extérieur du véhicule blessée dans un accident en dehors de la circulation """,true,false,true,true,false,2,cause_externe,OWL_ANS,emissible,7611
V35.3,XX,XX/V35.3.md,"Occupant d'un véhicule à moteur à trois roues blessé dans une collision avec un train ou un véhicule ferroviaire - "" Occupant, sans précision, d'un véhicule à moteur à trois roues, blessé dans un accident en dehors de la circulation """,true,false,true,true,false,2,cause_externe,OWL_ANS,emissible,7639
V35.4,XX,XX/V35.4.md,"Occupant d'un véhicule à moteur à trois roues blessé dans une collision avec un train ou un véhicule ferroviaire - "" Personne blessée en montant ou en descendant du véhicule """,true,false,true,true,false,2,cause_externe,OWL_ANS,emissible,7580
V35.5,XX,XX/V35.5.md,"Occupant d'un véhicule à moteur à trois roues blessé dans une collision avec un train ou un véhicule ferroviaire - "" Conducteur blessé dans un accident de la circulation """,true,false,true,true,false,2,cause_externe,OWL_ANS,emissible,7576
V35.6,XX,XX/V35.6.md,"Occupant d'un véhicule à moteur à trois roues blessé dans une collision avec un train ou un véhicule ferroviaire - "" Passager blessé dans un accident de la circulation """,true,false,true,true,false,2,cause_externe,OWL_ANS,emissible,7574
V35.7,XX,XX/V35.7.md,"Occupant d'un véhicule à moteur à trois roues blessé dans une collision avec un train ou un véhicule ferroviaire - "" Personne à l'extérieur du véhicule blessée dans un accident de la circulation """,true,false,true,true,false,2,cause_externe,OWL_ANS,emissible,7601
V35.9,XX,XX/V35.9.md,"Occupant d'un véhicule à moteur à trois roues blessé dans une collision avec un train ou un véhicule ferroviaire - "" Occupant, sans précision, d'un véhicule à moteur à trois roues, blessé dans un accident de la circulation """,true,false,true,true,false,2,cause_externe,OWL_ANS,emissible,7629
V36.0,XX,XX/V36.0.md,"Occupant d'un véhicule à moteur à trois roues blessé dans une collision avec un autre véhicule sans moteur - "" Conducteur blessé dans un accident en dehors de la circulation """,true,false,true,true,false,2,cause_externe,OWL_ANS,emissible,7700
V36.1,XX,XX/V36.1.md,"Occupant d'un véhicule à moteur à trois roues blessé dans une collision avec un autre véhicule sans moteur - "" Passager blessé dans un accident en dehors de la circulation """,true,false,true,true,false,2,cause_externe,OWL_ANS,emissible,7698
V36.2,XX,XX/V36.2.md,"Occupant d'un véhicule à moteur à trois roues blessé dans une collision avec un autre véhicule sans moteur - "" Personne à l'extérieur du véhicule blessée dans un accident en dehors de la circulation """,true,false,true,true,false,2,cause_externe,OWL_ANS,emissible,7725
V36.3,XX,XX/V36.3.md,"Occupant d'un véhicule à moteur à trois roues blessé dans une collision avec un autre véhicule sans moteur - "" Occupant, sans précision, d'un véhicule à moteur à trois roues, blessé dans un accident en dehors de la circulation """,true,false,true,true,false,2,cause_externe,OWL_ANS,emissible,7753
V36.4,XX,XX/V36.4.md,"Occupant d'un véhicule à moteur à trois roues blessé dans une collision avec un autre véhicule sans moteur - "" Personne blessée en montant ou en descendant du véhicule """,true,false,true,true,false,2,cause_externe,OWL_ANS,emissible,7694
V36.5,XX,XX/V36.5.md,"Occupant d'un véhicule à moteur à trois roues blessé dans une collision avec un autre véhicule sans moteur - "" Conducteur blessé dans un accident de la circulation """,true,false,true,true,false,2,cause_externe,OWL_ANS,emissible,7690
V36.6,XX,XX/V36.6.md,"Occupant d'un véhicule à moteur à trois roues blessé dans une collision avec un autre véhicule sans moteur - "" Passager blessé dans un accident de la circulation """,true,false,true,true,false,2,cause_externe,OWL_ANS,emissible,7688
V36.7,XX,XX/V36.7.md,"Occupant d'un véhicule à moteur à trois roues blessé dans une collision avec un autre véhicule sans moteur - "" Personne à l'extérieur du véhicule blessée dans un accident de la circulation """,true,false,true,true,false,2,cause_externe,OWL_ANS,emissible,7715
V36.9,XX,XX/V36.9.md,"Occupant d'un véhicule à moteur à trois roues blessé dans une collision avec un autre véhicule sans moteur - "" Occupant, sans précision, d'un véhicule à moteur à trois roues, blessé dans un accident de la circulation """,true,false,true,true,false,2,cause_externe,OWL_ANS,emissible,7743
V37.0,XX,XX/V37.0.md,"Occupant d'un véhicule à moteur à trois roues blessé dans une collision avec un objet fixe ou stationnaire - "" Conducteur blessé dans un accident en dehors de la circulation """,true,false,true,true,false,2,cause_externe,OWL_ANS,emissible,7580
V37.1,XX,XX/V37.1.md,"Occupant d'un véhicule à moteur à trois roues blessé dans une collision avec un objet fixe ou stationnaire - "" Passager blessé dans un accident en dehors de la circulation """,true,false,true,true,false,2,cause_externe,OWL_ANS,emissible,7578
V37.2,XX,XX/V37.2.md,"Occupant d'un véhicule à moteur à trois roues blessé dans une collision avec un objet fixe ou stationnaire - "" Personne à l'extérieur du véhicule blessée dans un accident en dehors de la circulation """,true,false,true,true,false,2,cause_externe,OWL_ANS,emissible,7605
V37.3,XX,XX/V37.3.md,"Occupant d'un véhicule à moteur à trois roues blessé dans une collision avec un objet fixe ou stationnaire - "" Occupant, sans précision, d'un véhicule à moteur à trois roues, blessé dans un accident en dehors de la circulation """,true,false,true,true,false,2,cause_externe,OWL_ANS,emissible,7633
V37.4,XX,XX/V37.4.md,"Occupant d'un véhicule à moteur à trois roues blessé dans une collision avec un objet fixe ou stationnaire - "" Personne blessée en montant ou en descendant du véhicule """,true,false,true,true,false,2,cause_externe,OWL_ANS,emissible,7574
V37.5,XX,XX/V37.5.md,"Occupant d'un véhicule à moteur à trois roues blessé dans une collision avec un objet fixe ou stationnaire - "" Conducteur blessé dans un accident de la circulation """,true,false,true,true,false,2,cause_externe,OWL_ANS,emissible,7570
V37.6,XX,XX/V37.6.md,"Occupant d'un véhicule à moteur à trois roues blessé dans une collision avec un objet fixe ou stationnaire - "" Passager blessé dans un accident de la circulation """,true,false,true,true,false,2,cause_externe,OWL_ANS,emissible,7568
V37.7,XX,XX/V37.7.md,"Occupant d'un véhicule à moteur à trois roues blessé dans une collision avec un objet fixe ou stationnaire - "" Personne à l'extérieur du véhicule blessée dans un accident de la circulation """,true,false,true,true,false,2,cause_externe,OWL_ANS,emissible,7595
V37.9,XX,XX/V37.9.md,"Occupant d'un véhicule à moteur à trois roues blessé dans une collision avec un objet fixe ou stationnaire - "" Occupant, sans précision, d'un véhicule à moteur à trois roues, blessé dans un accident de la circulation """,true,false,true,true,false,2,cause_externe,OWL_ANS,emissible,7623
V38.0,XX,XX/V38.0.md,"Occupant d'un véhicule à moteur à trois roues blessé dans un accident de transport, sans collision - "" Conducteur blessé dans un accident en dehors de la circulation """,true,false,true,true,false,2,cause_externe,OWL_ANS,emissible,7805
V38.1,XX,XX/V38.1.md,"Occupant d'un véhicule à moteur à trois roues blessé dans un accident de transport, sans collision - "" Passager blessé dans un accident en dehors de la circulation """,true,false,true,true,false,2,cause_externe,OWL_ANS,emissible,7803
V38.2,XX,XX/V38.2.md,"Occupant d'un véhicule à moteur à trois roues blessé dans un accident de transport, sans collision - "" Personne à l'extérieur du véhicule blessée dans un accident en dehors de la circulation """,true,false,true,true,false,2,cause_externe,OWL_ANS,emissible,7830
V38.3,XX,XX/V38.3.md,"Occupant d'un véhicule à moteur à trois roues blessé dans un accident de transport, sans collision - "" Occupant, sans précision, d'un véhicule à moteur à trois roues, blessé dans un accident en dehors de la circulation """,true,false,true,true,false,2,cause_externe,OWL_ANS,emissible,7858
V38.4,XX,XX/V38.4.md,"Occupant d'un véhicule à moteur à trois roues blessé dans un accident de transport, sans collision - "" Personne blessée en montant ou en descendant du véhicule """,true,false,true,true,false,2,cause_externe,OWL_ANS,emissible,7799
V38.5,XX,XX/V38.5.md,"Occupant d'un véhicule à moteur à trois roues blessé dans un accident de transport, sans collision - "" Conducteur blessé dans un accident de la circulation """,true,false,true,true,false,2,cause_externe,OWL_ANS,emissible,7795
V38.6,XX,XX/V38.6.md,"Occupant d'un véhicule à moteur à trois roues blessé dans un accident de transport, sans collision - "" Passager blessé dans un accident de la circulation """,true,false,true,true,false,2,cause_externe,OWL_ANS,emissible,7793
V38.7,XX,XX/V38.7.md,"Occupant d'un véhicule à moteur à trois roues blessé dans un accident de transport, sans collision - "" Personne à l'extérieur du véhicule blessée dans un accident de la circulation """,true,false,true,true,false,2,cause_externe,OWL_ANS,emissible,7820
V38.9,XX,XX/V38.9.md,"Occupant d'un véhicule à moteur à trois roues blessé dans un accident de transport, sans collision - "" Occupant, sans précision, d'un véhicule à moteur à trois roues, blessé dans un accident de la circulation """,true,false,true,true,false,2,cause_externe,OWL_ANS,emissible,7848
V39.0,XX,XX/V39.0.md,"Conducteur blessé dans une collision avec des véhicules à moteur, autres et sans précision, dans un accident en dehors de la circulation",true,false,true,true,false,2,cause_externe,OWL_ANS,emissible,7411
V39.1,XX,XX/V39.1.md,"Passager blessé dans une collision avec des véhicules à moteur, autres et sans précision, dans un accident en dehors de la circulation",true,false,true,true,false,2,cause_externe,OWL_ANS,emissible,7409
V39.2,XX,XX/V39.2.md,"Occupant, sans précision, d'un véhicule à moteur à trois roues, blessé dans une collision avec des véhicules à moteur, autres et sans précision, dans un accident en dehors de la circulation",true,false,true,true,false,2,cause_externe,OWL_ANS,emissible,7576
V39.3,XX,XX/V39.3.md,"Occupant [tout type] d'un véhicule à moteur à trois roues, blessé dans un accident de transport, sans précision, en dehors de la circulation",true,false,true,true,false,2,cause_externe,OWL_ANS,emissible,7632
V39.4,XX,XX/V39.4.md,"Conducteur blessé dans une collision avec des véhicules à moteur, autres et sans précision, dans un accident de la circulation",true,false,true,true,false,2,cause_externe,OWL_ANS,emissible,7401
V39.5,XX,XX/V39.5.md,"Passager blessé dans une collision avec des véhicules à moteur, autres et sans précision, dans un accident de la circulation",true,false,true,true,false,2,cause_externe,OWL_ANS,emissible,7399
V39.6,XX,XX/V39.6.md,"Occupant, sans précision, d'un véhicule à moteur à trois roues, blessé dans une collision avec des véhicules à moteur, autres et sans précision, dans un accident de la circulation",true,false,true,true,false,2,cause_externe,OWL_ANS,emissible,7559
V39.8,XX,XX/V39.8.md,"Occupant [tout type] d'un véhicule à moteur à trois roues, blessé dans d'autres accidents de transport précisés",true,false,true,true,false,2,cause_externe,OWL_ANS,emissible,8637
V39.9,XX,XX/V39.9.md,"Occupant [tout type] d'un véhicule à moteur à trois roues, blessé dans un accident de la circulation, sans précision",true,false,true,true,false,2,cause_externe,OWL_ANS,emissible,7473
V40.0,XX,XX/V40.0.md,"Occupant d'une automobile blessé dans une collision avec un piéton ou un animal - "" Conducteur blessé dans un accident en dehors de la circulation """,true,false,true,true,false,2,cause_externe,OWL_ANS,emissible,7560
V40.1,XX,XX/V40.1.md,"Occupant d'une automobile blessé dans une collision avec un piéton ou un animal - "" Passager blessé dans un accident en dehors de la circulation """,true,false,true,true,false,2,cause_externe,OWL_ANS,emissible,7558
V40.2,XX,XX/V40.2.md,"Occupant d'une automobile blessé dans une collision avec un piéton ou un animal - "" Personne à l'extérieur d'un véhicule blessée dans un accident en dehors de la circulation """,true,false,true,true,false,2,cause_externe,OWL_ANS,emissible,7587
V40.3,XX,XX/V40.3.md,"Occupant d'une automobile blessé dans une collision avec un piéton ou un animal - "" Occupant, sans précision, d'une automobile, blessé dans un accident en dehors de la circulation """,true,false,true,true,false,2,cause_externe,OWL_ANS,emissible,7593
V40.4,XX,XX/V40.4.md,"Occupant d'une automobile blessé dans une collision avec un piéton ou un animal - "" Personne blessée en montant ou en descendant du véhicule """,true,false,true,true,false,2,cause_externe,OWL_ANS,emissible,7554
V40.5,XX,XX/V40.5.md,"Occupant d'une automobile blessé dans une collision avec un piéton ou un animal - "" Conducteur blessé dans un accident de la circulation """,true,false,true,true,false,2,cause_externe,OWL_ANS,emissible,7550
V40.6,XX,XX/V40.6.md,"Occupant d'une automobile blessé dans une collision avec un piéton ou un animal - "" Passager blessé dans un accident de la circulation """,true,false,true,true,false,2,cause_externe,OWL_ANS,emissible,7548
V40.7,XX,XX/V40.7.md,"Occupant d'une automobile blessé dans une collision avec un piéton ou un animal - "" Personne à l'extérieur du véhicule blessée dans un accident de la circulation """,true,false,true,true,false,2,cause_externe,OWL_ANS,emissible,7575
V40.9,XX,XX/V40.9.md,"Occupant d'une automobile blessé dans une collision avec un piéton ou un animal - "" ccupant, sans précision, d'une automobile, blessé dans un accident de la circulation """,true,false,true,true,false,2,cause_externe,OWL_ANS,emissible,7582
V41.0,XX,XX/V41.0.md,"Occupant d'une automobile blessé dans une collision avec un cycle - "" Conducteur blessé dans un accident en dehors de la circulation """,true,false,true,true,false,2,cause_externe,OWL_ANS,emissible,7405
V41.1,XX,XX/V41.1.md,"Occupant d'une automobile blessé dans une collision avec un cycle - "" Passager blessé dans un accident en dehors de la circulation """,true,false,true,true,false,2,cause_externe,OWL_ANS,emissible,7403
V41.2,XX,XX/V41.2.md,"Occupant d'une automobile blessé dans une collision avec un cycle - "" Personne à l'extérieur d'un véhicule blessée dans un accident en dehors de la circulation """,true,false,true,true,false,2,cause_externe,OWL_ANS,emissible,7432
V41.3,XX,XX/V41.3.md,"Occupant d'une automobile blessé dans une collision avec un cycle - "" Occupant, sans précision, d'une automobile, blessé dans un accident en dehors de la circulation """,true,false,true,true,false,2,cause_externe,OWL_ANS,emissible,7438
V41.4,XX,XX/V41.4.md,"Occupant d'une automobile blessé dans une collision avec un cycle - "" Personne blessée en montant ou en descendant du véhicule """,true,false,true,true,false,2,cause_externe,OWL_ANS,emissible,7399
V41.5,XX,XX/V41.5.md,"Occupant d'une automobile blessé dans une collision avec un cycle - "" Conducteur blessé dans un accident de la circulation """,true,false,true,true,false,2,cause_externe,OWL_ANS,emissible,7395
V41.6,XX,XX/V41.6.md,"Occupant d'une automobile blessé dans une collision avec un cycle - "" Passager blessé dans un accident de la circulation """,true,false,true,true,false,2,cause_externe,OWL_ANS,emissible,7393
V41.7,XX,XX/V41.7.md,"Occupant d'une automobile blessé dans une collision avec un cycle - "" Personne à l'extérieur du véhicule blessée dans un accident de la circulation """,true,false,true,true,false,2,cause_externe,OWL_ANS,emissible,7420
V41.9,XX,XX/V41.9.md,"Occupant d'une automobile blessé dans une collision avec un cycle - "" ccupant, sans précision, d'une automobile, blessé dans un accident de la circulation """,true,false,true,true,false,2,cause_externe,OWL_ANS,emissible,7427
V42.0,XX,XX/V42.0.md,"Occupant d'une automobile blessé dans une collision avec un véhicule à moteur à deux ou trois roues - "" Conducteur blessé dans un accident en dehors de la circulation """,true,false,true,true,false,2,cause_externe,OWL_ANS,emissible,7439
V42.1,XX,XX/V42.1.md,"Occupant d'une automobile blessé dans une collision avec un véhicule à moteur à deux ou trois roues - "" Passager blessé dans un accident en dehors de la circulation """,true,false,true,true,false,2,cause_externe,OWL_ANS,emissible,7437
V42.2,XX,XX/V42.2.md,"Occupant d'une automobile blessé dans une collision avec un véhicule à moteur à deux ou trois roues - "" Personne à l'extérieur d'un véhicule blessée dans un accident en dehors de la circulation """,true,false,true,true,false,2,cause_externe,OWL_ANS,emissible,7466
V42.3,XX,XX/V42.3.md,"Occupant d'une automobile blessé dans une collision avec un véhicule à moteur à deux ou trois roues - "" Occupant, sans précision, d'une automobile, blessé dans un accident en dehors de la circulation """,true,false,true,true,false,2,cause_externe,OWL_ANS,emissible,7472
V42.4,XX,XX/V42.4.md,"Occupant d'une automobile blessé dans une collision avec un véhicule à moteur à deux ou trois roues - "" Personne blessée en montant ou en descendant du véhicule """,true,false,true,true,false,2,cause_externe,OWL_ANS,emissible,7433
V42.5,XX,XX/V42.5.md,"Occupant d'une automobile blessé dans une collision avec un véhicule à moteur à deux ou trois roues - "" Conducteur blessé dans un accident de la circulation """,true,false,true,true,false,2,cause_externe,OWL_ANS,emissible,7429
V42.6,XX,XX/V42.6.md,"Occupant d'une automobile blessé dans une collision avec un véhicule à moteur à deux ou trois roues - "" Passager blessé dans un accident de la circulation """,true,false,true,true,false,2,cause_externe,OWL_ANS,emissible,7427
V42.7,XX,XX/V42.7.md,"Occupant d'une automobile blessé dans une collision avec un véhicule à moteur à deux ou trois roues - "" Personne à l'extérieur du véhicule blessée dans un accident de la circulation """,true,false,true,true,false,2,cause_externe,OWL_ANS,emissible,7454
V42.9,XX,XX/V42.9.md,"Occupant d'une automobile blessé dans une collision avec un véhicule à moteur à deux ou trois roues - "" ccupant, sans précision, d'une automobile, blessé dans un accident de la circulation """,true,false,true,true,false,2,cause_externe,OWL_ANS,emissible,7461
V43.0,XX,XX/V43.0.md,"Occupant d'une automobile blessé dans une collision avec une automobile ou une camionnette - "" Conducteur blessé dans un accident en dehors de la circulation """,true,false,true,true,false,2,cause_externe,OWL_ANS,emissible,7430
V43.1,XX,XX/V43.1.md,"Occupant d'une automobile blessé dans une collision avec une automobile ou une camionnette - "" Passager blessé dans un accident en dehors de la circulation """,true,false,true,true,false,2,cause_externe,OWL_ANS,emissible,7428
V43.2,XX,XX/V43.2.md,"Occupant d'une automobile blessé dans une collision avec une automobile ou une camionnette - "" Personne à l'extérieur d'un véhicule blessée dans un accident en dehors de la circulation """,true,false,true,true,false,2,cause_externe,OWL_ANS,emissible,7457
V43.3,XX,XX/V43.3.md,"Occupant d'une automobile blessé dans une collision avec une automobile ou une camionnette - "" Occupant, sans précision, d'une automobile, blessé dans un accident en dehors de la circulation """,true,false,true,true,false,2,cause_externe,OWL_ANS,emissible,7463
V43.4,XX,XX/V43.4.md,"Occupant d'une automobile blessé dans une collision avec une automobile ou une camionnette - "" Personne blessée en montant ou en descendant du véhicule """,true,false,true,true,false,2,cause_externe,OWL_ANS,emissible,7424
V43.5,XX,XX/V43.5.md,"Occupant d'une automobile blessé dans une collision avec une automobile ou une camionnette - "" Conducteur blessé dans un accident de la circulation """,true,false,true,true,false,2,cause_externe,OWL_ANS,emissible,7420
V43.6,XX,XX/V43.6.md,"Occupant d'une automobile blessé dans une collision avec une automobile ou une camionnette - "" Passager blessé dans un accident de la circulation """,true,false,true,true,false,2,cause_externe,OWL_ANS,emissible,7418
V43.7,XX,XX/V43.7.md,"Occupant d'une automobile blessé dans une collision avec une automobile ou une camionnette - "" Personne à l'extérieur du véhicule blessée dans un accident de la circulation """,true,false,true,true,false,2,cause_externe,OWL_ANS,emissible,7445
V43.9,XX,XX/V43.9.md,"Occupant d'une automobile blessé dans une collision avec une automobile ou une camionnette - "" ccupant, sans précision, d'une automobile, blessé dans un accident de la circulation """,true,false,true,true,false,2,cause_externe,OWL_ANS,emissible,7452
V44.0,XX,XX/V44.0.md,"Occupant d'une automobile blessé dans une collision avec un véhicule lourd ou un autobus - "" Conducteur blessé dans un accident en dehors de la circulation """,true,false,true,true,false,2,cause_externe,OWL_ANS,emissible,7428
V44.1,XX,XX/V44.1.md,"Occupant d'une automobile blessé dans une collision avec un véhicule lourd ou un autobus - "" Passager blessé dans un accident en dehors de la circulation """,true,false,true,true,false,2,cause_externe,OWL_ANS,emissible,7426
V44.2,XX,XX/V44.2.md,"Occupant d'une automobile blessé dans une collision avec un véhicule lourd ou un autobus - "" Personne à l'extérieur d'un véhicule blessée dans un accident en dehors de la circulation """,true,false,true,true,false,2,cause_externe,OWL_ANS,emissible,7455
V44.3,XX,XX/V44.3.md,"Occupant d'une automobile blessé dans une collision avec un véhicule lourd ou un autobus - "" Occupant, sans précision, d'une automobile, blessé dans un accident en dehors de la circulation """,true,false,true,true,false,2,cause_externe,OWL_ANS,emissible,7461
V44.4,XX,XX/V44.4.md,"Occupant d'une automobile blessé dans une collision avec un véhicule lourd ou un autobus - "" Personne blessée en montant ou en descendant du véhicule """,true,false,true,true,false,2,cause_externe,OWL_ANS,emissible,7422
V44.5,XX,XX/V44.5.md,"Occupant d'une automobile blessé dans une collision avec un véhicule lourd ou un autobus - "" Conducteur blessé dans un accident de la circulation """,true,false,true,true,false,2,cause_externe,OWL_ANS,emissible,7418
V44.6,XX,XX/V44.6.md,"Occupant d'une automobile blessé dans une collision avec un véhicule lourd ou un autobus - "" Passager blessé dans un accident de la circulation """,true,false,true,true,false,2,cause_externe,OWL_ANS,emissible,7416
V44.7,XX,XX/V44.7.md,"Occupant d'une automobile blessé dans une collision avec un véhicule lourd ou un autobus - "" Personne à l'extérieur du véhicule blessée dans un accident de la circulation """,true,false,true,true,false,2,cause_externe,OWL_ANS,emissible,7443
V44.9,XX,XX/V44.9.md,"Occupant d'une automobile blessé dans une collision avec un véhicule lourd ou un autobus - "" ccupant, sans précision, d'une automobile, blessé dans un accident de la circulation """,true,false,true,true,false,2,cause_externe,OWL_ANS,emissible,7450
V45.0,XX,XX/V45.0.md,"Occupant d'une automobile blessé dans une collision avec un train ou un véhicule ferroviaire - "" Conducteur blessé dans un accident en dehors de la circulation """,true,false,true,true,false,2,cause_externe,OWL_ANS,emissible,7432
V45.1,XX,XX/V45.1.md,"Occupant d'une automobile blessé dans une collision avec un train ou un véhicule ferroviaire - "" Passager blessé dans un accident en dehors de la circulation """,true,false,true,true,false,2,cause_externe,OWL_ANS,emissible,7430
V45.2,XX,XX/V45.2.md,"Occupant d'une automobile blessé dans une collision avec un train ou un véhicule ferroviaire - "" Personne à l'extérieur d'un véhicule blessée dans un accident en dehors de la circulation """,true,false,true,true,false,2,cause_externe,OWL_ANS,emissible,7459
V45.3,XX,XX/V45.3.md,"Occupant d'une automobile blessé dans une collision avec un train ou un véhicule ferroviaire - "" Occupant, sans précision, d'une automobile, blessé dans un accident en dehors de la circulation """,true,false,true,true,false,2,cause_externe,OWL_ANS,emissible,7465
V45.4,XX,XX/V45.4.md,"Occupant d'une automobile blessé dans une collision avec un train ou un véhicule ferroviaire - "" Personne blessée en montant ou en descendant du véhicule """,true,false,true,true,false,2,cause_externe,OWL_ANS,emissible,7426
V45.5,XX,XX/V45.5.md,"Occupant d'une automobile blessé dans une collision avec un train ou un véhicule ferroviaire - "" Conducteur blessé dans un accident de la circulation """,true,false,true,true,false,2,cause_externe,OWL_ANS,emissible,7422
V45.6,XX,XX/V45.6.md,"Occupant d'une automobile blessé dans une collision avec un train ou un véhicule ferroviaire - "" Passager blessé dans un accident de la circulation """,true,false,true,true,false,2,cause_externe,OWL_ANS,emissible,7420
V45.7,XX,XX/V45.7.md,"Occupant d'une automobile blessé dans une collision avec un train ou un véhicule ferroviaire - "" Personne à l'extérieur du véhicule blessée dans un accident de la circulation """,true,false,true,true,false,2,cause_externe,OWL_ANS,emissible,7447
V45.9,XX,XX/V45.9.md,"Occupant d'une automobile blessé dans une collision avec un train ou un véhicule ferroviaire - "" ccupant, sans précision, d'une automobile, blessé dans un accident de la circulation """,true,false,true,true,false,2,cause_externe,OWL_ANS,emissible,7454
V46.0,XX,XX/V46.0.md,"Occupant d'une automobile blessé dans une collision avec un autre véhicule sans moteur - "" Conducteur blessé dans un accident en dehors de la circulation """,true,false,true,true,false,2,cause_externe,OWL_ANS,emissible,7546
V46.1,XX,XX/V46.1.md,"Occupant d'une automobile blessé dans une collision avec un autre véhicule sans moteur - "" Passager blessé dans un accident en dehors de la circulation """,true,false,true,true,false,2,cause_externe,OWL_ANS,emissible,7544
V46.2,XX,XX/V46.2.md,"Occupant d'une automobile blessé dans une collision avec un autre véhicule sans moteur - "" Personne à l'extérieur d'un véhicule blessée dans un accident en dehors de la circulation """,true,false,true,true,false,2,cause_externe,OWL_ANS,emissible,7573
V46.3,XX,XX/V46.3.md,"Occupant d'une automobile blessé dans une collision avec un autre véhicule sans moteur - "" Occupant, sans précision, d'une automobile, blessé dans un accident en dehors de la circulation """,true,false,true,true,false,2,cause_externe,OWL_ANS,emissible,7579
V46.4,XX,XX/V46.4.md,"Occupant d'une automobile blessé dans une collision avec un autre véhicule sans moteur - "" Personne blessée en montant ou en descendant du véhicule """,true,false,true,true,false,2,cause_externe,OWL_ANS,emissible,7540
V46.5,XX,XX/V46.5.md,"Occupant d'une automobile blessé dans une collision avec un autre véhicule sans moteur - "" Conducteur blessé dans un accident de la circulation """,true,false,true,true,false,2,cause_externe,OWL_ANS,emissible,7536
V46.6,XX,XX/V46.6.md,"Occupant d'une automobile blessé dans une collision avec un autre véhicule sans moteur - "" Passager blessé dans un accident de la circulation """,true,false,true,true,false,2,cause_externe,OWL_ANS,emissible,7534
V46.7,XX,XX/V46.7.md,"Occupant d'une automobile blessé dans une collision avec un autre véhicule sans moteur - "" Personne à l'extérieur du véhicule blessée dans un accident de la circulation """,true,false,true,true,false,2,cause_externe,OWL_ANS,emissible,7561
V46.9,XX,XX/V46.9.md,"Occupant d'une automobile blessé dans une collision avec un autre véhicule sans moteur - "" ccupant, sans précision, d'une automobile, blessé dans un accident de la circulation """,true,false,true,true,false,2,cause_externe,OWL_ANS,emissible,7568
V47.0,XX,XX/V47.0.md,"Occupant d'une automobile blessé dans une collision avec un objet fixe ou stationnaire - "" Conducteur blessé dans un accident en dehors de la circulation """,true,false,true,true,false,2,cause_externe,OWL_ANS,emissible,7426
V47.1,XX,XX/V47.1.md,"Occupant d'une automobile blessé dans une collision avec un objet fixe ou stationnaire - "" Passager blessé dans un accident en dehors de la circulation """,true,false,true,true,false,2,cause_externe,OWL_ANS,emissible,7424
V47.2,XX,XX/V47.2.md,"Occupant d'une automobile blessé dans une collision avec un objet fixe ou stationnaire - "" Personne à l'extérieur d'un véhicule blessée dans un accident en dehors de la circulation """,true,false,true,true,false,2,cause_externe,OWL_ANS,emissible,7453
V47.3,XX,XX/V47.3.md,"Occupant d'une automobile blessé dans une collision avec un objet fixe ou stationnaire - "" Occupant, sans précision, d'une automobile, blessé dans un accident en dehors de la circulation """,true,false,true,true,false,2,cause_externe,OWL_ANS,emissible,7459
V47.4,XX,XX/V47.4.md,"Occupant d'une automobile blessé dans une collision avec un objet fixe ou stationnaire - "" Personne blessée en montant ou en descendant du véhicule """,true,false,true,true,false,2,cause_externe,OWL_ANS,emissible,7420
V47.5,XX,XX/V47.5.md,"Occupant d'une automobile blessé dans une collision avec un objet fixe ou stationnaire - "" Conducteur blessé dans un accident de la circulation """,true,false,true,true,false,2,cause_externe,OWL_ANS,emissible,7416
V47.6,XX,XX/V47.6.md,"Occupant d'une automobile blessé dans une collision avec un objet fixe ou stationnaire - "" Passager blessé dans un accident de la circulation """,true,false,true,true,false,2,cause_externe,OWL_ANS,emissible,7414
V47.7,XX,XX/V47.7.md,"Occupant d'une automobile blessé dans une collision avec un objet fixe ou stationnaire - "" Personne à l'extérieur du véhicule blessée dans un accident de la circulation """,true,false,true,true,false,2,cause_externe,OWL_ANS,emissible,7441
V47.9,XX,XX/V47.9.md,"Occupant d'une automobile blessé dans une collision avec un objet fixe ou stationnaire - "" ccupant, sans précision, d'une automobile, blessé dans un accident de la circulation """,true,false,true,true,false,2,cause_externe,OWL_ANS,emissible,7448
V48.0,XX,XX/V48.0.md,"Occupant d'une automobile blessé dans un accident de transport, sans collision - "" Conducteur blessé dans un accident en dehors de la circulation """,true,false,true,true,false,2,cause_externe,OWL_ANS,emissible,7539
V48.1,XX,XX/V48.1.md,"Occupant d'une automobile blessé dans un accident de transport, sans collision - "" Passager blessé dans un accident en dehors de la circulation """,true,false,true,true,false,2,cause_externe,OWL_ANS,emissible,7537
V48.2,XX,XX/V48.2.md,"Occupant d'une automobile blessé dans un accident de transport, sans collision - "" Personne à l'extérieur d'un véhicule blessée dans un accident en dehors de la circulation """,true,false,true,true,false,2,cause_externe,OWL_ANS,emissible,7566
V48.3,XX,XX/V48.3.md,"Occupant d'une automobile blessé dans un accident de transport, sans collision - "" Occupant, sans précision, d'une automobile, blessé dans un accident en dehors de la circulation """,true,false,true,true,false,2,cause_externe,OWL_ANS,emissible,7572
V48.4,XX,XX/V48.4.md,"Occupant d'une automobile blessé dans un accident de transport, sans collision - "" Personne blessée en montant ou en descendant du véhicule """,true,false,true,true,false,2,cause_externe,OWL_ANS,emissible,7533
V48.5,XX,XX/V48.5.md,"Occupant d'une automobile blessé dans un accident de transport, sans collision - "" Conducteur blessé dans un accident de la circulation """,true,false,true,true,false,2,cause_externe,OWL_ANS,emissible,7529
V48.6,XX,XX/V48.6.md,"Occupant d'une automobile blessé dans un accident de transport, sans collision - "" Passager blessé dans un accident de la circulation """,true,false,true,true,false,2,cause_externe,OWL_ANS,emissible,7527
V48.7,XX,XX/V48.7.md,"Occupant d'une automobile blessé dans un accident de transport, sans collision - "" Personne à l'extérieur du véhicule blessée dans un accident de la circulation """,true,false,true,true,false,2,cause_externe,OWL_ANS,emissible,7554
V48.9,XX,XX/V48.9.md,"Occupant d'une automobile blessé dans un accident de transport, sans collision - "" ccupant, sans précision, d'une automobile, blessé dans un accident de la circulation """,true,false,true,true,false,2,cause_externe,OWL_ANS,emissible,7561
V49.0,XX,XX/V49.0.md,"Conducteur blessé dans une collision avec des véhicules à moteur, autres et sans précision, dans un accident en dehors de la circulation",true,false,true,true,false,2,cause_externe,OWL_ANS,emissible,7277
V49.1,XX,XX/V49.1.md,"Passager blessé dans une collision avec des véhicules à moteur, autres et sans précision, dans un accident en dehors de la circulation",true,false,true,true,false,2,cause_externe,OWL_ANS,emissible,7275
V49.2,XX,XX/V49.2.md,"Occupant, sans précision, d'une automobile, blessé dans une collision avec des véhicules à moteur, autres et sans précision, dans un accident en dehors de la circulation",true,false,true,true,false,2,cause_externe,OWL_ANS,emissible,7387
V49.3,XX,XX/V49.3.md,"Occupant [tout type] d'une automobile blessé dans un accident sans précision, en dehors de la circulation",true,false,true,true,false,2,cause_externe,OWL_ANS,emissible,7407
V49.4,XX,XX/V49.4.md,"Conducteur blessé dans une collision avec des véhicules à moteur, autres et sans précision, dans un accident de la circulation",true,false,true,true,false,2,cause_externe,OWL_ANS,emissible,7267
V49.5,XX,XX/V49.5.md,"Passager blessé dans une collision avec des véhicules à moteur, autres et sans précision, dans un accident de la circulation",true,false,true,true,false,2,cause_externe,OWL_ANS,emissible,7265
V49.6,XX,XX/V49.6.md,"Occupant, sans précision, d'une automobile, blessé dans une collision avec des véhicules à moteur, autres et sans précision, dans un accident de la circulation",true,false,true,true,false,2,cause_externe,OWL_ANS,emissible,7370
V49.8,XX,XX/V49.8.md,"Occupant [tout type] d'une automobile, blessé dans d'autres accidents de transport précisés",true,false,true,true,false,2,cause_externe,OWL_ANS,emissible,8396
V49.9,XX,XX/V49.9.md,"Occupant [tout type] d'une automobile, blessé dans un accident de la circulation, sans précision",true,false,true,true,false,2,cause_externe,OWL_ANS,emissible,7286
V50.0,XX,XX/V50.0.md,"Occupant d'une camionnette blessé dans une collision avec un piéton ou un animal - "" Conducteur blessé dans un accident en dehors de la circulation """,false,false,true,true,false,2,cause_externe,OWL_ANS,emissible,7507
V50.1,XX,XX/V50.1.md,"Occupant d'une camionnette blessé dans une collision avec un piéton ou un animal - "" Passager blessé dans un accident en dehors de la circulation """,false,false,true,true,false,2,cause_externe,OWL_ANS,emissible,7505
V50.2,XX,XX/V50.2.md,"Occupant d'une camionnette blessé dans une collision avec un piéton ou un animal - "" Personne à l'extérieur du véhicule blessée dans un accident en dehors de la circulation """,false,false,true,true,false,2,cause_externe,OWL_ANS,emissible,7532
V50.3,XX,XX/V50.3.md,"Occupant d'une camionnette blessé dans une collision avec un piéton ou un animal - "" Occupant, sans précision, d'une camionnette blessé dans un accident en dehors de la circulation """,false,false,true,true,false,2,cause_externe,OWL_ANS,emissible,7540
V50.4,XX,XX/V50.4.md,"Occupant d'une camionnette blessé dans une collision avec un piéton ou un animal - "" Personne blessée en montant ou en descendant du véhicule """,false,false,true,true,false,2,cause_externe,OWL_ANS,emissible,7501
V50.5,XX,XX/V50.5.md,"Occupant d'une camionnette blessé dans une collision avec un piéton ou un animal - "" Conducteur blessé dans un accident de la circulation """,false,false,true,true,false,2,cause_externe,OWL_ANS,emissible,7497
V50.6,XX,XX/V50.6.md,"Occupant d'une camionnette blessé dans une collision avec un piéton ou un animal - "" Passager blessé dans un accident de la circulation """,false,false,true,true,false,2,cause_externe,OWL_ANS,emissible,7495
V50.7,XX,XX/V50.7.md,"Occupant d'une camionnette blessé dans une collision avec un piéton ou un animal - "" Personne à l'extérieur du véhicule blessée dans un accident de la circulation """,false,false,true,true,false,2,cause_externe,OWL_ANS,emissible,7522
V50.9,XX,XX/V50.9.md,"Occupant d'une camionnette blessé dans une collision avec un piéton ou un animal - "" Occupant, sans précision, d'une camionnette, blessé dans un accident de la circulation """,false,false,true,true,false,2,cause_externe,OWL_ANS,emissible,7531
V51.0,XX,XX/V51.0.md,"Occupant d'une camionnette blessé dans une collision avec un cycle - "" Conducteur blessé dans un accident en dehors de la circulation """,false,false,true,true,false,2,cause_externe,OWL_ANS,emissible,7352
V51.1,XX,XX/V51.1.md,"Occupant d'une camionnette blessé dans une collision avec un cycle - "" Passager blessé dans un accident en dehors de la circulation """,false,false,true,true,false,2,cause_externe,OWL_ANS,emissible,7350
V51.2,XX,XX/V51.2.md,"Occupant d'une camionnette blessé dans une collision avec un cycle - "" Personne à l'extérieur du véhicule blessée dans un accident en dehors de la circulation """,false,false,true,true,false,2,cause_externe,OWL_ANS,emissible,7377
V51.3,XX,XX/V51.3.md,"Occupant d'une camionnette blessé dans une collision avec un cycle - "" Occupant, sans précision, d'une camionnette blessé dans un accident en dehors de la circulation """,false,false,true,true,false,2,cause_externe,OWL_ANS,emissible,7385
V51.4,XX,XX/V51.4.md,"Occupant d'une camionnette blessé dans une collision avec un cycle - "" Personne blessée en montant ou en descendant du véhicule """,false,false,true,true,false,2,cause_externe,OWL_ANS,emissible,7346
V51.5,XX,XX/V51.5.md,"Occupant d'une camionnette blessé dans une collision avec un cycle - "" Conducteur blessé dans un accident de la circulation """,false,false,true,true,false,2,cause_externe,OWL_ANS,emissible,7342
V51.6,XX,XX/V51.6.md,"Occupant d'une camionnette blessé dans une collision avec un cycle - "" Passager blessé dans un accident de la circulation """,false,false,true,true,false,2,cause_externe,OWL_ANS,emissible,7340
V51.7,XX,XX/V51.7.md,"Occupant d'une camionnette blessé dans une collision avec un cycle - "" Personne à l'extérieur du véhicule blessée dans un accident de la circulation """,false,false,true,true,false,2,cause_externe,OWL_ANS,emissible,7367
V51.9,XX,XX/V51.9.md,"Occupant d'une camionnette blessé dans une collision avec un cycle - "" Occupant, sans précision, d'une camionnette, blessé dans un accident de la circulation """,false,false,true,true,false,2,cause_externe,OWL_ANS,emissible,7376
V52.0,XX,XX/V52.0.md,"Occupant d'une camionnette blessé dans une collision avec un véhicule à moteur à deux ou trois roues - "" Conducteur blessé dans un accident en dehors de la circulation """,false,false,true,true,false,2,cause_externe,OWL_ANS,emissible,7386
V52.1,XX,XX/V52.1.md,"Occupant d'une camionnette blessé dans une collision avec un véhicule à moteur à deux ou trois roues - "" Passager blessé dans un accident en dehors de la circulation """,false,false,true,true,false,2,cause_externe,OWL_ANS,emissible,7384
V52.2,XX,XX/V52.2.md,"Occupant d'une camionnette blessé dans une collision avec un véhicule à moteur à deux ou trois roues - "" Personne à l'extérieur du véhicule blessée dans un accident en dehors de la circulation """,false,false,true,true,false,2,cause_externe,OWL_ANS,emissible,7411
V52.3,XX,XX/V52.3.md,"Occupant d'une camionnette blessé dans une collision avec un véhicule à moteur à deux ou trois roues - "" Occupant, sans précision, d'une camionnette blessé dans un accident en dehors de la circulation """,false,false,true,true,false,2,cause_externe,OWL_ANS,emissible,7419
V52.4,XX,XX/V52.4.md,"Occupant d'une camionnette blessé dans une collision avec un véhicule à moteur à deux ou trois roues - "" Personne blessée en montant ou en descendant du véhicule """,false,false,true,true,false,2,cause_externe,OWL_ANS,emissible,7380
V52.5,XX,XX/V52.5.md,"Occupant d'une camionnette blessé dans une collision avec un véhicule à moteur à deux ou trois roues - "" Conducteur blessé dans un accident de la circulation """,false,false,true,true,false,2,cause_externe,OWL_ANS,emissible,7376
V52.6,XX,XX/V52.6.md,"Occupant d'une camionnette blessé dans une collision avec un véhicule à moteur à deux ou trois roues - "" Passager blessé dans un accident de la circulation """,false,false,true,true,false,2,cause_externe,OWL_ANS,emissible,7374
V52.7,XX,XX/V52.7.md,"Occupant d'une camionnette blessé dans une collision avec un véhicule à moteur à deux ou trois roues - "" Personne à l'extérieur du véhicule blessée dans un accident de la circulation """,false,false,true,true,false,2,cause_externe,OWL_ANS,emissible,7401
V52.9,XX,XX/V52.9.md,"Occupant d'une camionnette blessé dans une collision avec un véhicule à moteur à deux ou trois roues - "" Occupant, sans précision, d'une camionnette, blessé dans un accident de la circulation """,false,false,true,true,false,2,cause_externe,OWL_ANS,emissible,7410
V53.0,XX,XX/V53.0.md,"Occupant d'une camionnette blessé dans une collision avec une automobile ou une camionnette - "" Conducteur blessé dans un accident en dehors de la circulation """,false,false,true,true,false,2,cause_externe,OWL_ANS,emissible,7377
V53.1,XX,XX/V53.1.md,"Occupant d'une camionnette blessé dans une collision avec une automobile ou une camionnette - "" Passager blessé dans un accident en dehors de la circulation """,false,false,true,true,false,2,cause_externe,OWL_ANS,emissible,7375
V53.2,XX,XX/V53.2.md,"Occupant d'une camionnette blessé dans une collision avec une automobile ou une camionnette - "" Personne à l'extérieur du véhicule blessée dans un accident en dehors de la circulation """,false,false,true,true,false,2,cause_externe,OWL_ANS,emissible,7402
V53.3,XX,XX/V53.3.md,"Occupant d'une camionnette blessé dans une collision avec une automobile ou une camionnette - "" Occupant, sans précision, d'une camionnette blessé dans un accident en dehors de la circulation """,false,false,true,true,false,2,cause_externe,OWL_ANS,emissible,7410
V53.4,XX,XX/V53.4.md,"Occupant d'une camionnette blessé dans une collision avec une automobile ou une camionnette - "" Personne blessée en montant ou en descendant du véhicule """,false,false,true,true,false,2,cause_externe,OWL_ANS,emissible,7371
V53.5,XX,XX/V53.5.md,"Occupant d'une camionnette blessé dans une collision avec une automobile ou une camionnette - "" Conducteur blessé dans un accident de la circulation """,false,false,true,true,false,2,cause_externe,OWL_ANS,emissible,7367
V53.6,XX,XX/V53.6.md,"Occupant d'une camionnette blessé dans une collision avec une automobile ou une camionnette - "" Passager blessé dans un accident de la circulation """,false,false,true,true,false,2,cause_externe,OWL_ANS,emissible,7365
V53.7,XX,XX/V53.7.md,"Occupant d'une camionnette blessé dans une collision avec une automobile ou une camionnette - "" Personne à l'extérieur du véhicule blessée dans un accident de la circulation """,false,false,true,true,false,2,cause_externe,OWL_ANS,emissible,7392
V53.9,XX,XX/V53.9.md,"Occupant d'une camionnette blessé dans une collision avec une automobile ou une camionnette - "" Occupant, sans précision, d'une camionnette, blessé dans un accident de la circulation """,false,false,true,true,false,2,cause_externe,OWL_ANS,emissible,7401
V54.0,XX,XX/V54.0.md,"Occupant d'une camionnette blessé dans une collision avec un véhicule lourd ou un autobus - "" Conducteur blessé dans un accident en dehors de la circulation """,false,false,true,true,false,2,cause_externe,OWL_ANS,emissible,7375
V54.1,XX,XX/V54.1.md,"Occupant d'une camionnette blessé dans une collision avec un véhicule lourd ou un autobus - "" Passager blessé dans un accident en dehors de la circulation """,false,false,true,true,false,2,cause_externe,OWL_ANS,emissible,7373
V54.2,XX,XX/V54.2.md,"Occupant d'une camionnette blessé dans une collision avec un véhicule lourd ou un autobus - "" Personne à l'extérieur du véhicule blessée dans un accident en dehors de la circulation """,false,false,true,true,false,2,cause_externe,OWL_ANS,emissible,7400
V54.3,XX,XX/V54.3.md,"Occupant d'une camionnette blessé dans une collision avec un véhicule lourd ou un autobus - "" Occupant, sans précision, d'une camionnette blessé dans un accident en dehors de la circulation """,false,false,true,true,false,2,cause_externe,OWL_ANS,emissible,7408
V54.4,XX,XX/V54.4.md,"Occupant d'une camionnette blessé dans une collision avec un véhicule lourd ou un autobus - "" Personne blessée en montant ou en descendant du véhicule """,false,false,true,true,false,2,cause_externe,OWL_ANS,emissible,7369
V54.5,XX,XX/V54.5.md,"Occupant d'une camionnette blessé dans une collision avec un véhicule lourd ou un autobus - "" Conducteur blessé dans un accident de la circulation """,false,false,true,true,false,2,cause_externe,OWL_ANS,emissible,7365
V54.6,XX,XX/V54.6.md,"Occupant d'une camionnette blessé dans une collision avec un véhicule lourd ou un autobus - "" Passager blessé dans un accident de la circulation """,false,false,true,true,false,2,cause_externe,OWL_ANS,emissible,7363
V54.7,XX,XX/V54.7.md,"Occupant d'une camionnette blessé dans une collision avec un véhicule lourd ou un autobus - "" Personne à l'extérieur du véhicule blessée dans un accident de la circulation """,false,false,true,true,false,2,cause_externe,OWL_ANS,emissible,7390
V54.9,XX,XX/V54.9.md,"Occupant d'une camionnette blessé dans une collision avec un véhicule lourd ou un autobus - "" Occupant, sans précision, d'une camionnette, blessé dans un accident de la circulation """,false,false,true,true,false,2,cause_externe,OWL_ANS,emissible,7399
V55.0,XX,XX/V55.0.md,"Occupant d'une camionnette blessé dans une collision avec un train ou un véhicule ferroviaire - "" Conducteur blessé dans un accident en dehors de la circulation """,false,false,true,true,false,2,cause_externe,OWL_ANS,emissible,7379
V55.1,XX,XX/V55.1.md,"Occupant d'une camionnette blessé dans une collision avec un train ou un véhicule ferroviaire - "" Passager blessé dans un accident en dehors de la circulation """,false,false,true,true,false,2,cause_externe,OWL_ANS,emissible,7377
V55.2,XX,XX/V55.2.md,"Occupant d'une camionnette blessé dans une collision avec un train ou un véhicule ferroviaire - "" Personne à l'extérieur du véhicule blessée dans un accident en dehors de la circulation """,false,false,true,true,false,2,cause_externe,OWL_ANS,emissible,7404
V55.3,XX,XX/V55.3.md,"Occupant d'une camionnette blessé dans une collision avec un train ou un véhicule ferroviaire - "" Occupant, sans précision, d'une camionnette blessé dans un accident en dehors de la circulation """,false,false,true,true,false,2,cause_externe,OWL_ANS,emissible,7412
V55.4,XX,XX/V55.4.md,"Occupant d'une camionnette blessé dans une collision avec un train ou un véhicule ferroviaire - "" Personne blessée en montant ou en descendant du véhicule """,false,false,true,true,false,2,cause_externe,OWL_ANS,emissible,7373
V55.5,XX,XX/V55.5.md,"Occupant d'une camionnette blessé dans une collision avec un train ou un véhicule ferroviaire - "" Conducteur blessé dans un accident de la circulation """,false,false,true,true,false,2,cause_externe,OWL_ANS,emissible,7369
V55.6,XX,XX/V55.6.md,"Occupant d'une camionnette blessé dans une collision avec un train ou un véhicule ferroviaire - "" Passager blessé dans un accident de la circulation """,false,false,true,true,false,2,cause_externe,OWL_ANS,emissible,7367
V55.7,XX,XX/V55.7.md,"Occupant d'une camionnette blessé dans une collision avec un train ou un véhicule ferroviaire - "" Personne à l'extérieur du véhicule blessée dans un accident de la circulation """,false,false,true,true,false,2,cause_externe,OWL_ANS,emissible,7394
V55.9,XX,XX/V55.9.md,"Occupant d'une camionnette blessé dans une collision avec un train ou un véhicule ferroviaire - "" Occupant, sans précision, d'une camionnette, blessé dans un accident de la circulation """,false,false,true,true,false,2,cause_externe,OWL_ANS,emissible,7403
V56.0,XX,XX/V56.0.md,"Occupant d'une camionnette blessé dans une collision avec un autre véhicule sans moteur - "" Conducteur blessé dans un accident en dehors de la circulation """,true,false,true,true,false,2,cause_externe,OWL_ANS,emissible,7524
V56.1,XX,XX/V56.1.md,"Occupant d'une camionnette blessé dans une collision avec un autre véhicule sans moteur - "" Passager blessé dans un accident en dehors de la circulation """,true,false,true,true,false,2,cause_externe,OWL_ANS,emissible,7522
V56.2,XX,XX/V56.2.md,"Occupant d'une camionnette blessé dans une collision avec un autre véhicule sans moteur - "" Personne à l'extérieur du véhicule blessée dans un accident en dehors de la circulation """,true,false,true,true,false,2,cause_externe,OWL_ANS,emissible,7549
V56.3,XX,XX/V56.3.md,"Occupant d'une camionnette blessé dans une collision avec un autre véhicule sans moteur - "" Occupant, sans précision, d'une camionnette blessé dans un accident en dehors de la circulation """,true,false,true,true,false,2,cause_externe,OWL_ANS,emissible,7557
V56.4,XX,XX/V56.4.md,"Occupant d'une camionnette blessé dans une collision avec un autre véhicule sans moteur - "" Personne blessée en montant ou en descendant du véhicule """,true,false,true,true,false,2,cause_externe,OWL_ANS,emissible,7518
V56.5,XX,XX/V56.5.md,"Occupant d'une camionnette blessé dans une collision avec un autre véhicule sans moteur - "" Conducteur blessé dans un accident de la circulation """,true,false,true,true,false,2,cause_externe,OWL_ANS,emissible,7514
V56.6,XX,XX/V56.6.md,"Occupant d'une camionnette blessé dans une collision avec un autre véhicule sans moteur - "" Passager blessé dans un accident de la circulation """,true,false,true,true,false,2,cause_externe,OWL_ANS,emissible,7512
V56.7,XX,XX/V56.7.md,"Occupant d'une camionnette blessé dans une collision avec un autre véhicule sans moteur - "" Personne à l'extérieur du véhicule blessée dans un accident de la circulation """,true,false,true,true,false,2,cause_externe,OWL_ANS,emissible,7539
V56.9,XX,XX/V56.9.md,"Occupant d'une camionnette blessé dans une collision avec un autre véhicule sans moteur - "" Occupant, sans précision, d'une camionnette, blessé dans un accident de la circulation """,true,false,true,true,false,2,cause_externe,OWL_ANS,emissible,7548
V57.0,XX,XX/V57.0.md,"Occupant d'une camionnette blessé dans une collision avec un objet fixe ou stationnaire - "" Conducteur blessé dans un accident en dehors de la circulation """,false,false,true,true,false,2,cause_externe,OWL_ANS,emissible,7373
V57.1,XX,XX/V57.1.md,"Occupant d'une camionnette blessé dans une collision avec un objet fixe ou stationnaire - "" Passager blessé dans un accident en dehors de la circulation """,false,false,true,true,false,2,cause_externe,OWL_ANS,emissible,7371
V57.2,XX,XX/V57.2.md,"Occupant d'une camionnette blessé dans une collision avec un objet fixe ou stationnaire - "" Personne à l'extérieur du véhicule blessée dans un accident en dehors de la circulation """,false,false,true,true,false,2,cause_externe,OWL_ANS,emissible,7398
V57.3,XX,XX/V57.3.md,"Occupant d'une camionnette blessé dans une collision avec un objet fixe ou stationnaire - "" Occupant, sans précision, d'une camionnette blessé dans un accident en dehors de la circulation """,false,false,true,true,false,2,cause_externe,OWL_ANS,emissible,7406
V57.4,XX,XX/V57.4.md,"Occupant d'une camionnette blessé dans une collision avec un objet fixe ou stationnaire - "" Personne blessée en montant ou en descendant du véhicule """,false,false,true,true,false,2,cause_externe,OWL_ANS,emissible,7367
V57.5,XX,XX/V57.5.md,"Occupant d'une camionnette blessé dans une collision avec un objet fixe ou stationnaire - "" Conducteur blessé dans un accident de la circulation """,false,false,true,true,false,2,cause_externe,OWL_ANS,emissible,7363
V57.6,XX,XX/V57.6.md,"Occupant d'une camionnette blessé dans une collision avec un objet fixe ou stationnaire - "" Passager blessé dans un accident de la circulation """,false,false,true,true,false,2,cause_externe,OWL_ANS,emissible,7361
V57.7,XX,XX/V57.7.md,"Occupant d'une camionnette blessé dans une collision avec un objet fixe ou stationnaire - "" Personne à l'extérieur du véhicule blessée dans un accident de la circulation """,false,false,true,true,false,2,cause_externe,OWL_ANS,emissible,7388
V57.9,XX,XX/V57.9.md,"Occupant d'une camionnette blessé dans une collision avec un objet fixe ou stationnaire - "" Occupant, sans précision, d'une camionnette, blessé dans un accident de la circulation """,false,false,true,true,false,2,cause_externe,OWL_ANS,emissible,7397
V58.0,XX,XX/V58.0.md,"Occupant d'une camionnette blessé dans un accident de transport, sans collision - "" Conducteur blessé dans un accident en dehors de la circulation """,true,false,true,true,false,2,cause_externe,OWL_ANS,emissible,7517
V58.1,XX,XX/V58.1.md,"Occupant d'une camionnette blessé dans un accident de transport, sans collision - "" Passager blessé dans un accident en dehors de la circulation """,true,false,true,true,false,2,cause_externe,OWL_ANS,emissible,7515
V58.2,XX,XX/V58.2.md,"Occupant d'une camionnette blessé dans un accident de transport, sans collision - "" Personne à l'extérieur du véhicule blessée dans un accident en dehors de la circulation """,true,false,true,true,false,2,cause_externe,OWL_ANS,emissible,7542
V58.3,XX,XX/V58.3.md,"Occupant d'une camionnette blessé dans un accident de transport, sans collision - "" Occupant, sans précision, d'une camionnette blessé dans un accident en dehors de la circulation """,true,false,true,true,false,2,cause_externe,OWL_ANS,emissible,7550
V58.4,XX,XX/V58.4.md,"Occupant d'une camionnette blessé dans un accident de transport, sans collision - "" Personne blessée en montant ou en descendant du véhicule """,true,false,true,true,false,2,cause_externe,OWL_ANS,emissible,7511
V58.5,XX,XX/V58.5.md,"Occupant d'une camionnette blessé dans un accident de transport, sans collision - "" Conducteur blessé dans un accident de la circulation """,true,false,true,true,false,2,cause_externe,OWL_ANS,emissible,7507
V58.6,XX,XX/V58.6.md,"Occupant d'une camionnette blessé dans un accident de transport, sans collision - "" Passager blessé dans un accident de la circulation """,true,false,true,true,false,2,cause_externe,OWL_ANS,emissible,7505
V58.7,XX,XX/V58.7.md,"Occupant d'une camionnette blessé dans un accident de transport, sans collision - "" Personne à l'extérieur du véhicule blessée dans un accident de la circulation """,true,false,true,true,false,2,cause_externe,OWL_ANS,emissible,7532
V58.9,XX,XX/V58.9.md,"Occupant d'une camionnette blessé dans un accident de transport, sans collision - "" Occupant, sans précision, d'une camionnette, blessé dans un accident de la circulation """,true,false,true,true,false,2,cause_externe,OWL_ANS,emissible,7541
V59.0,XX,XX/V59.0.md,"Conducteur blessé dans une collision avec des véhicules à moteur,  autres et sans précision, dans un accident en dehors de la circulation",false,false,true,true,false,2,cause_externe,OWL_ANS,emissible,7224
V59.1,XX,XX/V59.1.md,"Passager blessé dans une collision avec des véhicules à moteur, autres et sans précision, dans un accident en dehors de la circulation",false,false,true,true,false,2,cause_externe,OWL_ANS,emissible,7221
V59.2,XX,XX/V59.2.md,"Occupant, sans précision, d'une camionnette, blessé dans une collision avec des véhicules à moteur, autres et sans précision, dans un accident en dehors de la circulation",true,false,true,true,false,2,cause_externe,OWL_ANS,emissible,7381
V59.3,XX,XX/V59.3.md,"Occupant [tout type] d'une camionnette, blessé dans un accident, sans précision, en dehors de la circulation",true,false,true,true,false,2,cause_externe,OWL_ANS,emissible,7404
V59.4,XX,XX/V59.4.md,"Conducteur blessé dans une collision avec des véhicules à moteur, autres et sans précision, dans un accident de la circulation",false,false,true,true,false,2,cause_externe,OWL_ANS,emissible,7213
V59.5,XX,XX/V59.5.md,"Passager blessé dans une collision avec des véhicules à moteur, autres et sans précision, dans un accident de la circulation",false,false,true,true,false,2,cause_externe,OWL_ANS,emissible,7211
V59.6,XX,XX/V59.6.md,"Occupant, sans précision, d'une camionnette, blessé dans une collision avec des véhicules à moteur, autres et sans précision, dans un accident de la circulation",true,false,true,true,false,2,cause_externe,OWL_ANS,emissible,7364
V59.8,XX,XX/V59.8.md,"Occupant [tout type] d'une camionnette, blessé dans d'autres accidents de transport précisés",true,false,true,true,false,2,cause_externe,OWL_ANS,emissible,8382
V59.9,XX,XX/V59.9.md,"Occupant [tout type] d'une camionnette, blessé dans un accident de la circulation, sans précision",true,false,true,true,false,2,cause_externe,OWL_ANS,emissible,7278
V60.0,XX,XX/V60.0.md,"Occupant d'un véhicule lourd blessé dans une collision avec un piéton ou un animal - "" Conducteur blessé dans un accident en dehors de la circulation """,false,false,true,true,false,2,cause_externe,OWL_ANS,emissible,7486
V60.1,XX,XX/V60.1.md,"Occupant d'un véhicule lourd blessé dans une collision avec un piéton ou un animal - "" Passager blessé dans un accident en dehors de la circulation """,false,false,true,true,false,2,cause_externe,OWL_ANS,emissible,7484
V60.2,XX,XX/V60.2.md,"Occupant d'un véhicule lourd blessé dans une collision avec un piéton ou un animal - "" Personne à l'extérieur du véhicule blessée dans un accident en dehors de la circulation """,false,false,true,true,false,2,cause_externe,OWL_ANS,emissible,7511
V60.3,XX,XX/V60.3.md,"Occupant d'un véhicule lourd blessé dans une collision avec un piéton ou un animal - "" Occupant, sans précision, d'un véhicule lourd blessé dans un accident en dehors de la circulation """,false,false,true,true,false,2,cause_externe,OWL_ANS,emissible,7521
V60.4,XX,XX/V60.4.md,"Occupant d'un véhicule lourd blessé dans une collision avec un piéton ou un animal - "" Personne blessée en montant ou en descendant du véhicule """,false,false,true,true,false,2,cause_externe,OWL_ANS,emissible,7480
V60.5,XX,XX/V60.5.md,"Occupant d'un véhicule lourd blessé dans une collision avec un piéton ou un animal - "" Conducteur blessé dans un accident de la circulation """,false,false,true,true,false,2,cause_externe,OWL_ANS,emissible,7476
V60.6,XX,XX/V60.6.md,"Occupant d'un véhicule lourd blessé dans une collision avec un piéton ou un animal - "" Passager blessé dans un accident de la circulation """,false,false,true,true,false,2,cause_externe,OWL_ANS,emissible,7474
V60.7,XX,XX/V60.7.md,"Occupant d'un véhicule lourd blessé dans une collision avec un piéton ou un animal - "" Personne à l'extérieur du véhicule blessée dans un accident de la circulation """,false,false,true,true,false,2,cause_externe,OWL_ANS,emissible,7501
V60.9,XX,XX/V60.9.md,"Occupant d'un véhicule lourd blessé dans une collision avec un piéton ou un animal - "" Occupant, sans précision, d'un véhicule lourd, blessé dans un accident de la circulation """,false,false,true,true,false,2,cause_externe,OWL_ANS,emissible,7512
V61.0,XX,XX/V61.0.md,"Occupant d'un véhicule lourd blessé dans une collision avec un cycle - "" Conducteur blessé dans un accident en dehors de la circulation """,false,false,true,true,false,2,cause_externe,OWL_ANS,emissible,7331
V61.1,XX,XX/V61.1.md,"Occupant d'un véhicule lourd blessé dans une collision avec un cycle - "" Passager blessé dans un accident en dehors de la circulation """,false,false,true,true,false,2,cause_externe,OWL_ANS,emissible,7329
V61.2,XX,XX/V61.2.md,"Occupant d'un véhicule lourd blessé dans une collision avec un cycle - "" Personne à l'extérieur du véhicule blessée dans un accident en dehors de la circulation """,false,false,true,true,false,2,cause_externe,OWL_ANS,emissible,7356
V61.3,XX,XX/V61.3.md,"Occupant d'un véhicule lourd blessé dans une collision avec un cycle - "" Occupant, sans précision, d'un véhicule lourd blessé dans un accident en dehors de la circulation """,false,false,true,true,false,2,cause_externe,OWL_ANS,emissible,7366
V61.4,XX,XX/V61.4.md,"Occupant d'un véhicule lourd blessé dans une collision avec un cycle - "" Personne blessée en montant ou en descendant du véhicule """,false,false,true,true,false,2,cause_externe,OWL_ANS,emissible,7325
V61.5,XX,XX/V61.5.md,"Occupant d'un véhicule lourd blessé dans une collision avec un cycle - "" Conducteur blessé dans un accident de la circulation """,false,false,true,true,false,2,cause_externe,OWL_ANS,emissible,7321
V61.6,XX,XX/V61.6.md,"Occupant d'un véhicule lourd blessé dans une collision avec un cycle - "" Passager blessé dans un accident de la circulation """,false,false,true,true,false,2,cause_externe,OWL_ANS,emissible,7319
V61.7,XX,XX/V61.7.md,"Occupant d'un véhicule lourd blessé dans une collision avec un cycle - "" Personne à l'extérieur du véhicule blessée dans un accident de la circulation """,false,false,true,true,false,2,cause_externe,OWL_ANS,emissible,7346
V61.9,XX,XX/V61.9.md,"Occupant d'un véhicule lourd blessé dans une collision avec un cycle - "" Occupant, sans précision, d'un véhicule lourd, blessé dans un accident de la circulation """,false,false,true,true,false,2,cause_externe,OWL_ANS,emissible,7357
V62.0,XX,XX/V62.0.md,"Occupant d'un véhicule lourd blessé dans une collision avec un véhicule à moteur à deux ou à trois roues - "" Conducteur blessé dans un accident en dehors de la circulation """,false,false,true,true,false,2,cause_externe,OWL_ANS,emissible,7367
V62.1,XX,XX/V62.1.md,"Occupant d'un véhicule lourd blessé dans une collision avec un véhicule à moteur à deux ou à trois roues - "" Passager blessé dans un accident en dehors de la circulation """,false,false,true,true,false,2,cause_externe,OWL_ANS,emissible,7365
V62.2,XX,XX/V62.2.md,"Occupant d'un véhicule lourd blessé dans une collision avec un véhicule à moteur à deux ou à trois roues - "" Personne à l'extérieur du véhicule blessée dans un accident en dehors de la circulation """,false,false,true,true,false,2,cause_externe,OWL_ANS,emissible,7392
V62.3,XX,XX/V62.3.md,"Occupant d'un véhicule lourd blessé dans une collision avec un véhicule à moteur à deux ou à trois roues - "" Occupant, sans précision, d'un véhicule lourd blessé dans un accident en dehors de la circulation """,false,false,true,true,false,2,cause_externe,OWL_ANS,emissible,7402
V62.4,XX,XX/V62.4.md,"Occupant d'un véhicule lourd blessé dans une collision avec un véhicule à moteur à deux ou à trois roues - "" Personne blessée en montant ou en descendant du véhicule """,false,false,true,true,false,2,cause_externe,OWL_ANS,emissible,7361
V62.5,XX,XX/V62.5.md,"Occupant d'un véhicule lourd blessé dans une collision avec un véhicule à moteur à deux ou à trois roues - "" Conducteur blessé dans un accident de la circulation """,false,false,true,true,false,2,cause_externe,OWL_ANS,emissible,7357
V62.6,XX,XX/V62.6.md,"Occupant d'un véhicule lourd blessé dans une collision avec un véhicule à moteur à deux ou à trois roues - "" Passager blessé dans un accident de la circulation """,false,false,true,true,false,2,cause_externe,OWL_ANS,emissible,7355
V62.7,XX,XX/V62.7.md,"Occupant d'un véhicule lourd blessé dans une collision avec un véhicule à moteur à deux ou à trois roues - "" Personne à l'extérieur du véhicule blessée dans un accident de la circulation """,false,false,true,true,false,2,cause_externe,OWL_ANS,emissible,7382
V62.9,XX,XX/V62.9.md,"Occupant d'un véhicule lourd blessé dans une collision avec un véhicule à moteur à deux ou à trois roues - "" Occupant, sans précision, d'un véhicule lourd, blessé dans un accident de la circulation """,false,false,true,true,false,2,cause_externe,OWL_ANS,emissible,7393
V63.0,XX,XX/V63.0.md,"Occupant d'un véhicule lourd blessé dans une collision avec une automobile ou une camionnette - "" Conducteur blessé dans un accident en dehors de la circulation """,false,false,true,true,false,2,cause_externe,OWL_ANS,emissible,7356
V63.1,XX,XX/V63.1.md,"Occupant d'un véhicule lourd blessé dans une collision avec une automobile ou une camionnette - "" Passager blessé dans un accident en dehors de la circulation """,false,false,true,true,false,2,cause_externe,OWL_ANS,emissible,7354
V63.2,XX,XX/V63.2.md,"Occupant d'un véhicule lourd blessé dans une collision avec une automobile ou une camionnette - "" Personne à l'extérieur du véhicule blessée dans un accident en dehors de la circulation """,false,false,true,true,false,2,cause_externe,OWL_ANS,emissible,7381
V63.3,XX,XX/V63.3.md,"Occupant d'un véhicule lourd blessé dans une collision avec une automobile ou une camionnette - "" Occupant, sans précision, d'un véhicule lourd blessé dans un accident en dehors de la circulation """,false,false,true,true,false,2,cause_externe,OWL_ANS,emissible,7391
V63.4,XX,XX/V63.4.md,"Occupant d'un véhicule lourd blessé dans une collision avec une automobile ou une camionnette - "" Personne blessée en montant ou en descendant du véhicule """,false,false,true,true,false,2,cause_externe,OWL_ANS,emissible,7350
V63.5,XX,XX/V63.5.md,"Occupant d'un véhicule lourd blessé dans une collision avec une automobile ou une camionnette - "" Conducteur blessé dans un accident de la circulation """,false,false,true,true,false,2,cause_externe,OWL_ANS,emissible,7346
V63.6,XX,XX/V63.6.md,"Occupant d'un véhicule lourd blessé dans une collision avec une automobile ou une camionnette - "" Passager blessé dans un accident de la circulation """,false,false,true,true,false,2,cause_externe,OWL_ANS,emissible,7344
V63.7,XX,XX/V63.7.md,"Occupant d'un véhicule lourd blessé dans une collision avec une automobile ou une camionnette - "" Personne à l'extérieur du véhicule blessée dans un accident de la circulation """,false,false,true,true,false,2,cause_externe,OWL_ANS,emissible,7371
V63.9,XX,XX/V63.9.md,"Occupant d'un véhicule lourd blessé dans une collision avec une automobile ou une camionnette - "" Occupant, sans précision, d'un véhicule lourd, blessé dans un accident de la circulation """,false,false,true,true,false,2,cause_externe,OWL_ANS,emissible,7382
V64.0,XX,XX/V64.0.md,"Occupant d'un véhicule lourd blessé dans une collision avec un véhicule lourd ou un autobus - "" Conducteur blessé dans un accident en dehors de la circulation """,false,false,true,true,false,2,cause_externe,OWL_ANS,emissible,7354
V64.1,XX,XX/V64.1.md,"Occupant d'un véhicule lourd blessé dans une collision avec un véhicule lourd ou un autobus - "" Passager blessé dans un accident en dehors de la circulation """,false,false,true,true,false,2,cause_externe,OWL_ANS,emissible,7352
V64.2,XX,XX/V64.2.md,"Occupant d'un véhicule lourd blessé dans une collision avec un véhicule lourd ou un autobus - "" Personne à l'extérieur du véhicule blessée dans un accident en dehors de la circulation """,false,false,true,true,false,2,cause_externe,OWL_ANS,emissible,7379
V64.3,XX,XX/V64.3.md,"Occupant d'un véhicule lourd blessé dans une collision avec un véhicule lourd ou un autobus - "" Occupant, sans précision, d'un véhicule lourd blessé dans un accident en dehors de la circulation """,false,false,true,true,false,2,cause_externe,OWL_ANS,emissible,7389
V64.4,XX,XX/V64.4.md,"Occupant d'un véhicule lourd blessé dans une collision avec un véhicule lourd ou un autobus - "" Personne blessée en montant ou en descendant du véhicule """,false,false,true,true,false,2,cause_externe,OWL_ANS,emissible,7348
V64.5,XX,XX/V64.5.md,"Occupant d'un véhicule lourd blessé dans une collision avec un véhicule lourd ou un autobus - "" Conducteur blessé dans un accident de la circulation """,false,false,true,true,false,2,cause_externe,OWL_ANS,emissible,7344
V64.6,XX,XX/V64.6.md,"Occupant d'un véhicule lourd blessé dans une collision avec un véhicule lourd ou un autobus - "" Passager blessé dans un accident de la circulation """,false,false,true,true,false,2,cause_externe,OWL_ANS,emissible,7342
V64.7,XX,XX/V64.7.md,"Occupant d'un véhicule lourd blessé dans une collision avec un véhicule lourd ou un autobus - "" Personne à l'extérieur du véhicule blessée dans un accident de la circulation """,false,false,true,true,false,2,cause_externe,OWL_ANS,emissible,7369
V64.9,XX,XX/V64.9.md,"Occupant d'un véhicule lourd blessé dans une collision avec un véhicule lourd ou un autobus - "" Occupant, sans précision, d'un véhicule lourd, blessé dans un accident de la circulation """,false,false,true,true,false,2,cause_externe,OWL_ANS,emissible,7380
V65.0,XX,XX/V65.0.md,"Occupant d'un véhicule lourd blessé dans une collision avec un train ou un véhicule ferroviaire - "" Conducteur blessé dans un accident en dehors de la circulation """,false,false,true,true,false,2,cause_externe,OWL_ANS,emissible,7358
V65.1,XX,XX/V65.1.md,"Occupant d'un véhicule lourd blessé dans une collision avec un train ou un véhicule ferroviaire - "" Passager blessé dans un accident en dehors de la circulation """,false,false,true,true,false,2,cause_externe,OWL_ANS,emissible,7356
V65.2,XX,XX/V65.2.md,"Occupant d'un véhicule lourd blessé dans une collision avec un train ou un véhicule ferroviaire - "" Personne à l'extérieur du véhicule blessée dans un accident en dehors de la circulation """,false,false,true,true,false,2,cause_externe,OWL_ANS,emissible,7383
V65.3,XX,XX/V65.3.md,"Occupant d'un véhicule lourd blessé dans une collision avec un train ou un véhicule ferroviaire - "" Occupant, sans précision, d'un véhicule lourd blessé dans un accident en dehors de la circulation """,false,false,true,true,false,2,cause_externe,OWL_ANS,emissible,7393
V65.4,XX,XX/V65.4.md,"Occupant d'un véhicule lourd blessé dans une collision avec un train ou un véhicule ferroviaire - "" Personne blessée en montant ou en descendant du véhicule """,false,false,true,true,false,2,cause_externe,OWL_ANS,emissible,7352
V65.5,XX,XX/V65.5.md,"Occupant d'un véhicule lourd blessé dans une collision avec un train ou un véhicule ferroviaire - "" Conducteur blessé dans un accident de la circulation """,false,false,true,true,false,2,cause_externe,OWL_ANS,emissible,7348
V65.6,XX,XX/V65.6.md,"Occupant d'un véhicule lourd blessé dans une collision avec un train ou un véhicule ferroviaire - "" Passager blessé dans un accident de la circulation """,false,false,true,true,false,2,cause_externe,OWL_ANS,emissible,7346
V65.7,XX,XX/V65.7.md,"Occupant d'un véhicule lourd blessé dans une collision avec un train ou un véhicule ferroviaire - "" Personne à l'extérieur du véhicule blessée dans un accident de la circulation """,false,false,true,true,false,2,cause_externe,OWL_ANS,emissible,7373
V65.9,XX,XX/V65.9.md,"Occupant d'un véhicule lourd blessé dans une collision avec un train ou un véhicule ferroviaire - "" Occupant, sans précision, d'un véhicule lourd, blessé dans un accident de la circulation """,false,false,true,true,false,2,cause_externe,OWL_ANS,emissible,7384
V66.0,XX,XX/V66.0.md,"Occupant d'un véhicule lourd blessé dans une collision avec un autre véhicule sans moteur - "" Conducteur blessé dans un accident en dehors de la circulation """,true,false,true,true,false,2,cause_externe,OWL_ANS,emissible,7503
V66.1,XX,XX/V66.1.md,"Occupant d'un véhicule lourd blessé dans une collision avec un autre véhicule sans moteur - "" Passager blessé dans un accident en dehors de la circulation """,true,false,true,true,false,2,cause_externe,OWL_ANS,emissible,7501
V66.2,XX,XX/V66.2.md,"Occupant d'un véhicule lourd blessé dans une collision avec un autre véhicule sans moteur - "" Personne à l'extérieur du véhicule blessée dans un accident en dehors de la circulation """,true,false,true,true,false,2,cause_externe,OWL_ANS,emissible,7528
V66.3,XX,XX/V66.3.md,"Occupant d'un véhicule lourd blessé dans une collision avec un autre véhicule sans moteur - "" Occupant, sans précision, d'un véhicule lourd blessé dans un accident en dehors de la circulation """,true,false,true,true,false,2,cause_externe,OWL_ANS,emissible,7538
V66.4,XX,XX/V66.4.md,"Occupant d'un véhicule lourd blessé dans une collision avec un autre véhicule sans moteur - "" Personne blessée en montant ou en descendant du véhicule """,true,false,true,true,false,2,cause_externe,OWL_ANS,emissible,7497
V66.5,XX,XX/V66.5.md,"Occupant d'un véhicule lourd blessé dans une collision avec un autre véhicule sans moteur - "" Conducteur blessé dans un accident de la circulation """,true,false,true,true,false,2,cause_externe,OWL_ANS,emissible,7493
V66.6,XX,XX/V66.6.md,"Occupant d'un véhicule lourd blessé dans une collision avec un autre véhicule sans moteur - "" Passager blessé dans un accident de la circulation """,true,false,true,true,false,2,cause_externe,OWL_ANS,emissible,7491
V66.7,XX,XX/V66.7.md,"Occupant d'un véhicule lourd blessé dans une collision avec un autre véhicule sans moteur - "" Personne à l'extérieur du véhicule blessée dans un accident de la circulation """,true,false,true,true,false,2,cause_externe,OWL_ANS,emissible,7518
V66.9,XX,XX/V66.9.md,"Occupant d'un véhicule lourd blessé dans une collision avec un autre véhicule sans moteur - "" Occupant, sans précision, d'un véhicule lourd, blessé dans un accident de la circulation """,true,false,true,true,false,2,cause_externe,OWL_ANS,emissible,7529
V67.0,XX,XX/V67.0.md,"Occupant d'un véhicule lourd blessé dans une collision avec un objet fixe ou stationnaire - "" Conducteur blessé dans un accident en dehors de la circulation """,false,false,true,true,false,2,cause_externe,OWL_ANS,emissible,7352
V67.1,XX,XX/V67.1.md,"Occupant d'un véhicule lourd blessé dans une collision avec un objet fixe ou stationnaire - "" Passager blessé dans un accident en dehors de la circulation """,false,false,true,true,false,2,cause_externe,OWL_ANS,emissible,7350
V67.2,XX,XX/V67.2.md,"Occupant d'un véhicule lourd blessé dans une collision avec un objet fixe ou stationnaire - "" Personne à l'extérieur du véhicule blessée dans un accident en dehors de la circulation """,false,false,true,true,false,2,cause_externe,OWL_ANS,emissible,7377
V67.3,XX,XX/V67.3.md,"Occupant d'un véhicule lourd blessé dans une collision avec un objet fixe ou stationnaire - "" Occupant, sans précision, d'un véhicule lourd blessé dans un accident en dehors de la circulation """,false,false,true,true,false,2,cause_externe,OWL_ANS,emissible,7387
V67.4,XX,XX/V67.4.md,"Occupant d'un véhicule lourd blessé dans une collision avec un objet fixe ou stationnaire - "" Personne blessée en montant ou en descendant du véhicule """,false,false,true,true,false,2,cause_externe,OWL_ANS,emissible,7346
V67.5,XX,XX/V67.5.md,"Occupant d'un véhicule lourd blessé dans une collision avec un objet fixe ou stationnaire - "" Conducteur blessé dans un accident de la circulation """,false,false,true,true,false,2,cause_externe,OWL_ANS,emissible,7342
V67.6,XX,XX/V67.6.md,"Occupant d'un véhicule lourd blessé dans une collision avec un objet fixe ou stationnaire - "" Passager blessé dans un accident de la circulation """,false,false,true,true,false,2,cause_externe,OWL_ANS,emissible,7340
V67.7,XX,XX/V67.7.md,"Occupant d'un véhicule lourd blessé dans une collision avec un objet fixe ou stationnaire - "" Personne à l'extérieur du véhicule blessée dans un accident de la circulation """,false,false,true,true,false,2,cause_externe,OWL_ANS,emissible,7367
V67.9,XX,XX/V67.9.md,"Occupant d'un véhicule lourd blessé dans une collision avec un objet fixe ou stationnaire - "" Occupant, sans précision, d'un véhicule lourd, blessé dans un accident de la circulation """,false,false,true,true,false,2,cause_externe,OWL_ANS,emissible,7378
V68.0,XX,XX/V68.0.md,"Occupant d'un véhicule lourd blessé dans un accident de transport, sans collision - "" Conducteur blessé dans un accident en dehors de la circulation """,true,false,true,true,false,2,cause_externe,OWL_ANS,emissible,7496
V68.1,XX,XX/V68.1.md,"Occupant d'un véhicule lourd blessé dans un accident de transport, sans collision - "" Passager blessé dans un accident en dehors de la circulation """,true,false,true,true,false,2,cause_externe,OWL_ANS,emissible,7494
V68.2,XX,XX/V68.2.md,"Occupant d'un véhicule lourd blessé dans un accident de transport, sans collision - "" Personne à l'extérieur du véhicule blessée dans un accident en dehors de la circulation """,true,false,true,true,false,2,cause_externe,OWL_ANS,emissible,7521
V68.3,XX,XX/V68.3.md,"Occupant d'un véhicule lourd blessé dans un accident de transport, sans collision - "" Occupant, sans précision, d'un véhicule lourd blessé dans un accident en dehors de la circulation """,true,false,true,true,false,2,cause_externe,OWL_ANS,emissible,7531
V68.4,XX,XX/V68.4.md,"Occupant d'un véhicule lourd blessé dans un accident de transport, sans collision - "" Personne blessée en montant ou en descendant du véhicule """,true,false,true,true,false,2,cause_externe,OWL_ANS,emissible,7490
V68.5,XX,XX/V68.5.md,"Occupant d'un véhicule lourd blessé dans un accident de transport, sans collision - "" Conducteur blessé dans un accident de la circulation """,true,false,true,true,false,2,cause_externe,OWL_ANS,emissible,7486
V68.6,XX,XX/V68.6.md,"Occupant d'un véhicule lourd blessé dans un accident de transport, sans collision - "" Passager blessé dans un accident de la circulation """,true,false,true,true,false,2,cause_externe,OWL_ANS,emissible,7484
V68.7,XX,XX/V68.7.md,"Occupant d'un véhicule lourd blessé dans un accident de transport, sans collision - "" Personne à l'extérieur du véhicule blessée dans un accident de la circulation """,true,false,true,true,false,2,cause_externe,OWL_ANS,emissible,7511
V68.9,XX,XX/V68.9.md,"Occupant d'un véhicule lourd blessé dans un accident de transport, sans collision - "" Occupant, sans précision, d'un véhicule lourd, blessé dans un accident de la circulation """,true,false,true,true,false,2,cause_externe,OWL_ANS,emissible,7522
V69.0,XX,XX/V69.0.md,"Conducteur blessé dans une collision avec des véhicules à moteur, autres et sans précision, dans un accident en dehors de la circulation",false,false,true,true,false,2,cause_externe,OWL_ANS,emissible,7200
V69.1,XX,XX/V69.1.md,"Passager blessé dans une collision avec des véhicules à moteur, autres et sans précision, dans un accident en dehors de la circulation",false,false,true,true,false,2,cause_externe,OWL_ANS,emissible,7198
V69.2,XX,XX/V69.2.md,"Occupant, sans précision, d'un véhicule lourd, blessé dans une collision avec des véhicules à moteur, autres et sans précision, dans un accident en dehors de la circulation",true,false,true,true,false,2,cause_externe,OWL_ANS,emissible,7362
V69.3,XX,XX/V69.3.md,"Occupant [tout type] d'un véhicule lourd blessé dans un accident de transport, sans précision, en dehors de la circulation",true,false,true,true,false,2,cause_externe,OWL_ANS,emissible,7399
V69.4,XX,XX/V69.4.md,"Conducteur blessé dans une collision avec des véhicules à moteur, autres et sans précision, dans un accident de la circulation",false,false,true,true,false,2,cause_externe,OWL_ANS,emissible,7190
V69.5,XX,XX/V69.5.md,"Passager blessé dans une collision avec des véhicules à moteur, autres et sans précision, dans un accident de la circulation",false,false,true,true,false,2,cause_externe,OWL_ANS,emissible,7188
V69.6,XX,XX/V69.6.md,"Occupant, sans précision, d'un véhicule lourd, blessé dans une collision avec des véhicules à moteur, autres et sans précision, dans un accident de la circulation",true,false,true,true,false,2,cause_externe,OWL_ANS,emissible,7345
V69.8,XX,XX/V69.8.md,"Occupant [tout type] d'un véhicule lourd, blessé dans d'autres accidents de transport précisés",true,false,true,true,false,2,cause_externe,OWL_ANS,emissible,8380
V69.9,XX,XX/V69.9.md,"Occupant [tout type] d'un véhicule lourd, blessé dans un accident de la circulation, sans précision",true,false,true,true,false,2,cause_externe,OWL_ANS,emissible,7259
V70.0,XX,XX/V70.0.md,"Occupant d'un autobus blessé dans une collision avec un piéton ou un animal - "" Conducteur blessé dans un accident en dehors de la circulation """,false,false,true,true,false,2,cause_externe,OWL_ANS,emissible,7490
V70.1,XX,XX/V70.1.md,"Occupant d'un autobus blessé dans une collision avec un piéton ou un animal - "" Passager blessé dans un accident en dehors de la circulation """,false,false,true,true,false,2,cause_externe,OWL_ANS,emissible,7488
V70.2,XX,XX/V70.2.md,"Occupant d'un autobus blessé dans une collision avec un piéton ou un animal - "" Personne à l'extérieur du véhicule blessée dans un accident en dehors de la circulation """,false,false,true,true,false,2,cause_externe,OWL_ANS,emissible,7515
V70.3,XX,XX/V70.3.md,"Occupant d'un autobus blessé dans une collision avec un piéton ou un animal - "" Occupant, sans précision, d'un autobus, blessé dans un accident en dehors de la circulation """,false,false,true,true,false,2,cause_externe,OWL_ANS,emissible,7519
V70.4,XX,XX/V70.4.md,"Occupant d'un autobus blessé dans une collision avec un piéton ou un animal - "" Personne blessée en montant ou en descendant du véhicule """,false,false,true,true,false,2,cause_externe,OWL_ANS,emissible,7484
V70.5,XX,XX/V70.5.md,"Occupant d'un autobus blessé dans une collision avec un piéton ou un animal - "" Conducteur blessé dans un accident de la circulation """,false,false,true,true,false,2,cause_externe,OWL_ANS,emissible,7480
V70.6,XX,XX/V70.6.md,"Occupant d'un autobus blessé dans une collision avec un piéton ou un animal - "" Passager blessé dans un accident de la circulation """,false,false,true,true,false,2,cause_externe,OWL_ANS,emissible,7478
V70.7,XX,XX/V70.7.md,"Occupant d'un autobus blessé dans une collision avec un piéton ou un animal - "" Personne à l'extérieur du véhicule blessée dans un accident de la circulation """,false,false,true,true,false,2,cause_externe,OWL_ANS,emissible,7505
V70.9,XX,XX/V70.9.md,"Occupant d'un autobus blessé dans une collision avec un piéton ou un animal - "" Occupant, sans précision, d'un autobus, blessé dans un accident de la circulation """,false,false,true,true,false,2,cause_externe,OWL_ANS,emissible,7509
V71.0,XX,XX/V71.0.md,"Occupant d'un autobus blessé dans une collision avec un cycle - "" Conducteur blessé dans un accident en dehors de la circulation """,false,false,true,true,false,2,cause_externe,OWL_ANS,emissible,7335
V71.1,XX,XX/V71.1.md,"Occupant d'un autobus blessé dans une collision avec un cycle - "" Passager blessé dans un accident en dehors de la circulation """,false,false,true,true,false,2,cause_externe,OWL_ANS,emissible,7333
V71.2,XX,XX/V71.2.md,"Occupant d'un autobus blessé dans une collision avec un cycle - "" Personne à l'extérieur du véhicule blessée dans un accident en dehors de la circulation """,false,false,true,true,false,2,cause_externe,OWL_ANS,emissible,7360
V71.3,XX,XX/V71.3.md,"Occupant d'un autobus blessé dans une collision avec un cycle - "" Occupant, sans précision, d'un autobus, blessé dans un accident en dehors de la circulation """,false,false,true,true,false,2,cause_externe,OWL_ANS,emissible,7364
V71.4,XX,XX/V71.4.md,"Occupant d'un autobus blessé dans une collision avec un cycle - "" Personne blessée en montant ou en descendant du véhicule """,false,false,true,true,false,2,cause_externe,OWL_ANS,emissible,7329
V71.5,XX,XX/V71.5.md,"Occupant d'un autobus blessé dans une collision avec un cycle - "" Conducteur blessé dans un accident de la circulation """,false,false,true,true,false,2,cause_externe,OWL_ANS,emissible,7325
V71.6,XX,XX/V71.6.md,"Occupant d'un autobus blessé dans une collision avec un cycle - "" Passager blessé dans un accident de la circulation """,false,false,true,true,false,2,cause_externe,OWL_ANS,emissible,7323
V71.7,XX,XX/V71.7.md,"Occupant d'un autobus blessé dans une collision avec un cycle - "" Personne à l'extérieur du véhicule blessée dans un accident de la circulation """,false,false,true,true,false,2,cause_externe,OWL_ANS,emissible,7350
V71.9,XX,XX/V71.9.md,"Occupant d'un autobus blessé dans une collision avec un cycle - "" Occupant, sans précision, d'un autobus, blessé dans un accident de la circulation """,false,false,true,true,false,2,cause_externe,OWL_ANS,emissible,7354
V72.0,XX,XX/V72.0.md,"Occupant d'un autobus blessé dans une collision avec un véhicule à moteur à deux ou trois roues - "" Conducteur blessé dans un accident en dehors de la circulation """,false,false,true,true,false,2,cause_externe,OWL_ANS,emissible,7369
V72.1,XX,XX/V72.1.md,"Occupant d'un autobus blessé dans une collision avec un véhicule à moteur à deux ou trois roues - "" Passager blessé dans un accident en dehors de la circulation """,false,false,true,true,false,2,cause_externe,OWL_ANS,emissible,7367
V72.2,XX,XX/V72.2.md,"Occupant d'un autobus blessé dans une collision avec un véhicule à moteur à deux ou trois roues - "" Personne à l'extérieur du véhicule blessée dans un accident en dehors de la circulation """,false,false,true,true,false,2,cause_externe,OWL_ANS,emissible,7394
V72.3,XX,XX/V72.3.md,"Occupant d'un autobus blessé dans une collision avec un véhicule à moteur à deux ou trois roues - "" Occupant, sans précision, d'un autobus, blessé dans un accident en dehors de la circulation """,false,false,true,true,false,2,cause_externe,OWL_ANS,emissible,7398
V72.4,XX,XX/V72.4.md,"Occupant d'un autobus blessé dans une collision avec un véhicule à moteur à deux ou trois roues - "" Personne blessée en montant ou en descendant du véhicule """,false,false,true,true,false,2,cause_externe,OWL_ANS,emissible,7363
V72.5,XX,XX/V72.5.md,"Occupant d'un autobus blessé dans une collision avec un véhicule à moteur à deux ou trois roues - "" Conducteur blessé dans un accident de la circulation """,false,false,true,true,false,2,cause_externe,OWL_ANS,emissible,7359
V72.6,XX,XX/V72.6.md,"Occupant d'un autobus blessé dans une collision avec un véhicule à moteur à deux ou trois roues - "" Passager blessé dans un accident de la circulation """,false,false,true,true,false,2,cause_externe,OWL_ANS,emissible,7357
V72.7,XX,XX/V72.7.md,"Occupant d'un autobus blessé dans une collision avec un véhicule à moteur à deux ou trois roues - "" Personne à l'extérieur du véhicule blessée dans un accident de la circulation """,false,false,true,true,false,2,cause_externe,OWL_ANS,emissible,7384
V72.9,XX,XX/V72.9.md,"Occupant d'un autobus blessé dans une collision avec un véhicule à moteur à deux ou trois roues - "" Occupant, sans précision, d'un autobus, blessé dans un accident de la circulation """,false,false,true,true,false,2,cause_externe,OWL_ANS,emissible,7388
V73.0,XX,XX/V73.0.md,"Occupant d'un autobus blessé dans une collision avec une automobile ou une camionnette - "" Conducteur blessé dans un accident en dehors de la circulation """,false,false,true,true,false,2,cause_externe,OWL_ANS,emissible,7360
V73.1,XX,XX/V73.1.md,"Occupant d'un autobus blessé dans une collision avec une automobile ou une camionnette - "" Passager blessé dans un accident en dehors de la circulation """,false,false,true,true,false,2,cause_externe,OWL_ANS,emissible,7358
V73.2,XX,XX/V73.2.md,"Occupant d'un autobus blessé dans une collision avec une automobile ou une camionnette - "" Personne à l'extérieur du véhicule blessée dans un accident en dehors de la circulation """,false,false,true,true,false,2,cause_externe,OWL_ANS,emissible,7385
V73.3,XX,XX/V73.3.md,"Occupant d'un autobus blessé dans une collision avec une automobile ou une camionnette - "" Occupant, sans précision, d'un autobus, blessé dans un accident en dehors de la circulation """,false,false,true,true,false,2,cause_externe,OWL_ANS,emissible,7389
V73.4,XX,XX/V73.4.md,"Occupant d'un autobus blessé dans une collision avec une automobile ou une camionnette - "" Personne blessée en montant ou en descendant du véhicule """,false,false,true,true,false,2,cause_externe,OWL_ANS,emissible,7354
V73.5,XX,XX/V73.5.md,"Occupant d'un autobus blessé dans une collision avec une automobile ou une camionnette - "" Conducteur blessé dans un accident de la circulation """,false,false,true,true,false,2,cause_externe,OWL_ANS,emissible,7350
V73.6,XX,XX/V73.6.md,"Occupant d'un autobus blessé dans une collision avec une automobile ou une camionnette - "" Passager blessé dans un accident de la circulation """,false,false,true,true,false,2,cause_externe,OWL_ANS,emissible,7348
V73.7,XX,XX/V73.7.md,"Occupant d'un autobus blessé dans une collision avec une automobile ou une camionnette - "" Personne à l'extérieur du véhicule blessée dans un accident de la circulation """,false,false,true,true,false,2,cause_externe,OWL_ANS,emissible,7375
V73.9,XX,XX/V73.9.md,"Occupant d'un autobus blessé dans une collision avec une automobile ou une camionnette - "" Occupant, sans précision, d'un autobus, blessé dans un accident de la circulation """,false,false,true,true,false,2,cause_externe,OWL_ANS,emissible,7379
V74.0,XX,XX/V74.0.md,"Occupant d'un autobus blessé dans une collision avec un véhicule lourd ou un autobus - "" Conducteur blessé dans un accident en dehors de la circulation """,false,false,true,true,false,2,cause_externe,OWL_ANS,emissible,7358
V74.1,XX,XX/V74.1.md,"Occupant d'un autobus blessé dans une collision avec un véhicule lourd ou un autobus - "" Passager blessé dans un accident en dehors de la circulation """,false,false,true,true,false,2,cause_externe,OWL_ANS,emissible,7356
V74.2,XX,XX/V74.2.md,"Occupant d'un autobus blessé dans une collision avec un véhicule lourd ou un autobus - "" Personne à l'extérieur du véhicule blessée dans un accident en dehors de la circulation """,false,false,true,true,false,2,cause_externe,OWL_ANS,emissible,7383
V74.3,XX,XX/V74.3.md,"Occupant d'un autobus blessé dans une collision avec un véhicule lourd ou un autobus - "" Occupant, sans précision, d'un autobus, blessé dans un accident en dehors de la circulation """,false,false,true,true,false,2,cause_externe,OWL_ANS,emissible,7387
V74.4,XX,XX/V74.4.md,"Occupant d'un autobus blessé dans une collision avec un véhicule lourd ou un autobus - "" Personne blessée en montant ou en descendant du véhicule """,false,false,true,true,false,2,cause_externe,OWL_ANS,emissible,7352
V74.5,XX,XX/V74.5.md,"Occupant d'un autobus blessé dans une collision avec un véhicule lourd ou un autobus - "" Conducteur blessé dans un accident de la circulation """,false,false,true,true,false,2,cause_externe,OWL_ANS,emissible,7348
V74.6,XX,XX/V74.6.md,"Occupant d'un autobus blessé dans une collision avec un véhicule lourd ou un autobus - "" Passager blessé dans un accident de la circulation """,false,false,true,true,false,2,cause_externe,OWL_ANS,emissible,7346
V74.7,XX,XX/V74.7.md,"Occupant d'un autobus blessé dans une collision avec un véhicule lourd ou un autobus - "" Personne à l'extérieur du véhicule blessée dans un accident de la circulation """,false,false,true,true,false,2,cause_externe,OWL_ANS,emissible,7373
V74.9,XX,XX/V74.9.md,"Occupant d'un autobus blessé dans une collision avec un véhicule lourd ou un autobus - "" Occupant, sans précision, d'un autobus, blessé dans un accident de la circulation """,false,false,true,true,false,2,cause_externe,OWL_ANS,emissible,7377
V75.0,XX,XX/V75.0.md,"Occupant d'un autobus blessé dans une collision avec un train ou un véhicule ferroviaire - "" Conducteur blessé dans un accident en dehors de la circulation """,false,false,true,true,false,2,cause_externe,OWL_ANS,emissible,7362
V75.1,XX,XX/V75.1.md,"Occupant d'un autobus blessé dans une collision avec un train ou un véhicule ferroviaire - "" Passager blessé dans un accident en dehors de la circulation """,false,false,true,true,false,2,cause_externe,OWL_ANS,emissible,7360
V75.2,XX,XX/V75.2.md,"Occupant d'un autobus blessé dans une collision avec un train ou un véhicule ferroviaire - "" Personne à l'extérieur du véhicule blessée dans un accident en dehors de la circulation """,false,false,true,true,false,2,cause_externe,OWL_ANS,emissible,7387
V75.3,XX,XX/V75.3.md,"Occupant d'un autobus blessé dans une collision avec un train ou un véhicule ferroviaire - "" Occupant, sans précision, d'un autobus, blessé dans un accident en dehors de la circulation """,false,false,true,true,false,2,cause_externe,OWL_ANS,emissible,7391
V75.4,XX,XX/V75.4.md,"Occupant d'un autobus blessé dans une collision avec un train ou un véhicule ferroviaire - "" Personne blessée en montant ou en descendant du véhicule """,false,false,true,true,false,2,cause_externe,OWL_ANS,emissible,7356
V75.5,XX,XX/V75.5.md,"Occupant d'un autobus blessé dans une collision avec un train ou un véhicule ferroviaire - "" Conducteur blessé dans un accident de la circulation """,false,false,true,true,false,2,cause_externe,OWL_ANS,emissible,7352
V75.6,XX,XX/V75.6.md,"Occupant d'un autobus blessé dans une collision avec un train ou un véhicule ferroviaire - "" Passager blessé dans un accident de la circulation """,false,false,true,true,false,2,cause_externe,OWL_ANS,emissible,7350
V75.7,XX,XX/V75.7.md,"Occupant d'un autobus blessé dans une collision avec un train ou un véhicule ferroviaire - "" Personne à l'extérieur du véhicule blessée dans un accident de la circulation """,false,false,true,true,false,2,cause_externe,OWL_ANS,emissible,7377
V75.9,XX,XX/V75.9.md,"Occupant d'un autobus blessé dans une collision avec un train ou un véhicule ferroviaire - "" Occupant, sans précision, d'un autobus, blessé dans un accident de la circulation """,false,false,true,true,false,2,cause_externe,OWL_ANS,emissible,7381
V76.0,XX,XX/V76.0.md,"Occupant d'un autobus blessé dans une collision avec un autre véhicule sans moteur - "" Conducteur blessé dans un accident en dehors de la circulation """,true,false,true,true,false,2,cause_externe,OWL_ANS,emissible,7507
V76.1,XX,XX/V76.1.md,"Occupant d'un autobus blessé dans une collision avec un autre véhicule sans moteur - "" Passager blessé dans un accident en dehors de la circulation """,true,false,true,true,false,2,cause_externe,OWL_ANS,emissible,7505
V76.2,XX,XX/V76.2.md,"Occupant d'un autobus blessé dans une collision avec un autre véhicule sans moteur - "" Personne à l'extérieur du véhicule blessée dans un accident en dehors de la circulation """,true,false,true,true,false,2,cause_externe,OWL_ANS,emissible,7532
V76.3,XX,XX/V76.3.md,"Occupant d'un autobus blessé dans une collision avec un autre véhicule sans moteur - "" Occupant, sans précision, d'un autobus, blessé dans un accident en dehors de la circulation """,true,false,true,true,false,2,cause_externe,OWL_ANS,emissible,7536
V76.4,XX,XX/V76.4.md,"Occupant d'un autobus blessé dans une collision avec un autre véhicule sans moteur - "" Personne blessée en montant ou en descendant du véhicule """,true,false,true,true,false,2,cause_externe,OWL_ANS,emissible,7501
V76.5,XX,XX/V76.5.md,"Occupant d'un autobus blessé dans une collision avec un autre véhicule sans moteur - "" Conducteur blessé dans un accident de la circulation """,true,false,true,true,false,2,cause_externe,OWL_ANS,emissible,7497
V76.6,XX,XX/V76.6.md,"Occupant d'un autobus blessé dans une collision avec un autre véhicule sans moteur - "" Passager blessé dans un accident de la circulation """,true,false,true,true,false,2,cause_externe,OWL_ANS,emissible,7495
V76.7,XX,XX/V76.7.md,"Occupant d'un autobus blessé dans une collision avec un autre véhicule sans moteur - "" Personne à l'extérieur du véhicule blessée dans un accident de la circulation """,true,false,true,true,false,2,cause_externe,OWL_ANS,emissible,7522
V76.9,XX,XX/V76.9.md,"Occupant d'un autobus blessé dans une collision avec un autre véhicule sans moteur - "" Occupant, sans précision, d'un autobus, blessé dans un accident de la circulation """,true,false,true,true,false,2,cause_externe,OWL_ANS,emissible,7526
V77.0,XX,XX/V77.0.md,"Occupant d'un autobus blessé dans une collision avec un objet fixe ou stationnaire - "" Conducteur blessé dans un accident en dehors de la circulation """,false,false,true,true,false,2,cause_externe,OWL_ANS,emissible,7356
V77.1,XX,XX/V77.1.md,"Occupant d'un autobus blessé dans une collision avec un objet fixe ou stationnaire - "" Passager blessé dans un accident en dehors de la circulation """,false,false,true,true,false,2,cause_externe,OWL_ANS,emissible,7354
V77.2,XX,XX/V77.2.md,"Occupant d'un autobus blessé dans une collision avec un objet fixe ou stationnaire - "" Personne à l'extérieur du véhicule blessée dans un accident en dehors de la circulation """,false,false,true,true,false,2,cause_externe,OWL_ANS,emissible,7381
V77.3,XX,XX/V77.3.md,"Occupant d'un autobus blessé dans une collision avec un objet fixe ou stationnaire - "" Occupant, sans précision, d'un autobus, blessé dans un accident en dehors de la circulation """,false,false,true,true,false,2,cause_externe,OWL_ANS,emissible,7385
V77.4,XX,XX/V77.4.md,"Occupant d'un autobus blessé dans une collision avec un objet fixe ou stationnaire - "" Personne blessée en montant ou en descendant du véhicule """,false,false,true,true,false,2,cause_externe,OWL_ANS,emissible,7350
V77.5,XX,XX/V77.5.md,"Occupant d'un autobus blessé dans une collision avec un objet fixe ou stationnaire - "" Conducteur blessé dans un accident de la circulation """,false,false,true,true,false,2,cause_externe,OWL_ANS,emissible,7346
V77.6,XX,XX/V77.6.md,"Occupant d'un autobus blessé dans une collision avec un objet fixe ou stationnaire - "" Passager blessé dans un accident de la circulation """,false,false,true,true,false,2,cause_externe,OWL_ANS,emissible,7344
V77.7,XX,XX/V77.7.md,"Occupant d'un autobus blessé dans une collision avec un objet fixe ou stationnaire - "" Personne à l'extérieur du véhicule blessée dans un accident de la circulation """,false,false,true,true,false,2,cause_externe,OWL_ANS,emissible,7371
V77.9,XX,XX/V77.9.md,"Occupant d'un autobus blessé dans une collision avec un objet fixe ou stationnaire - "" Occupant, sans précision, d'un autobus, blessé dans un accident de la circulation """,false,false,true,true,false,2,cause_externe,OWL_ANS,emissible,7375
V78.0,XX,XX/V78.0.md,"Occupant d'un autobus blessé dans un accident de transport, sans collision - "" Conducteur blessé dans un accident en dehors de la circulation """,true,false,true,true,false,2,cause_externe,OWL_ANS,emissible,7500
V78.1,XX,XX/V78.1.md,"Occupant d'un autobus blessé dans un accident de transport, sans collision - "" Passager blessé dans un accident en dehors de la circulation """,true,false,true,true,false,2,cause_externe,OWL_ANS,emissible,7498
V78.2,XX,XX/V78.2.md,"Occupant d'un autobus blessé dans un accident de transport, sans collision - "" Personne à l'extérieur du véhicule blessée dans un accident en dehors de la circulation """,true,false,true,true,false,2,cause_externe,OWL_ANS,emissible,7525
V78.3,XX,XX/V78.3.md,"Occupant d'un autobus blessé dans un accident de transport, sans collision - "" Occupant, sans précision, d'un autobus, blessé dans un accident en dehors de la circulation """,true,false,true,true,false,2,cause_externe,OWL_ANS,emissible,7529
V78.4,XX,XX/V78.4.md,"Occupant d'un autobus blessé dans un accident de transport, sans collision - "" Personne blessée en montant ou en descendant du véhicule """,true,false,true,true,false,2,cause_externe,OWL_ANS,emissible,7494
V78.5,XX,XX/V78.5.md,"Occupant d'un autobus blessé dans un accident de transport, sans collision - "" Conducteur blessé dans un accident de la circulation """,true,false,true,true,false,2,cause_externe,OWL_ANS,emissible,7490
V78.6,XX,XX/V78.6.md,"Occupant d'un autobus blessé dans un accident de transport, sans collision - "" Passager blessé dans un accident de la circulation """,true,false,true,true,false,2,cause_externe,OWL_ANS,emissible,7488
V78.7,XX,XX/V78.7.md,"Occupant d'un autobus blessé dans un accident de transport, sans collision - "" Personne à l'extérieur du véhicule blessée dans un accident de la circulation """,true,false,true,true,false,2,cause_externe,OWL_ANS,emissible,7515
V78.9,XX,XX/V78.9.md,"Occupant d'un autobus blessé dans un accident de transport, sans collision - "" Occupant, sans précision, d'un autobus, blessé dans un accident de la circulation """,true,false,true,true,false,2,cause_externe,OWL_ANS,emissible,7519
V79.0,XX,XX/V79.0.md,"Conducteur blessé dans une collision avec des véhicules à moteur, autres et sans précision, dans un accident en dehors de la circulation",false,false,true,true,false,2,cause_externe,OWL_ANS,emissible,7211
V79.1,XX,XX/V79.1.md,"Passager blessé dans une collision avec des véhicules à moteur, autres et sans précision, dans un accident en dehors de la circulation",false,false,true,true,false,2,cause_externe,OWL_ANS,emissible,7209
V79.2,XX,XX/V79.2.md,"Occupant, sans précision, d'un autobus, blessé dans une collision avec des véhicules à moteur, autres et sans précision, dans un accident en dehors de la circulation",true,false,true,true,false,2,cause_externe,OWL_ANS,emissible,7347
V79.3,XX,XX/V79.3.md,"Occupant [tout type] d'un autobus, blessé dans un accident sans précision, en dehors de la circulation",true,false,true,true,false,2,cause_externe,OWL_ANS,emissible,7361
V79.4,XX,XX/V79.4.md,"Conducteur blessé dans une collision avec des véhicules à moteur, autres et sans précision, dans un accident de la circulation",false,false,true,true,false,2,cause_externe,OWL_ANS,emissible,7201
V79.5,XX,XX/V79.5.md,"Passager blessé dans une collision avec des véhicules à moteur, autres et sans précision, dans un accident de la circulation",false,false,true,true,false,2,cause_externe,OWL_ANS,emissible,7199
V79.6,XX,XX/V79.6.md,"Occupant, sans précision, d'un autobus, blessé dans une collision avec des véhicules à moteur, autres et sans précision, dans un accident de la circulation",true,false,true,true,false,2,cause_externe,OWL_ANS,emissible,7330
V79.8,XX,XX/V79.8.md,"Occupant [tout type] d'un autobus, blessé dans d'autres accidents de transport précisés",true,false,true,true,false,2,cause_externe,OWL_ANS,emissible,8343
V79.9,XX,XX/V79.9.md,"Occupant [tout type] d'un autobus, blessé dans un accident de la circulation, sans précision",true,false,true,true,false,2,cause_externe,OWL_ANS,emissible,7244
V80.0,XX,XX/V80.0.md,Chute ou éjection d'une personne montant un animal ou occupant un véhicule à traction animale dans un accident sans collision,true,false,true,true,false,2,cause_externe,OWL_ANS,emissible,7256
V80.1,XX,XX/V80.1.md,Personne montant un animal ou occupant un véhicule à traction animale blessée dans une collision avec un piéton ou un animal,false,false,true,true,false,2,cause_externe,OWL_ANS,emissible,7274
V80.2,XX,XX/V80.2.md,Personne montant un animal ou occupant un véhicule à traction animale blessée dans une collision avec un cycle,false,false,true,true,false,2,cause_externe,OWL_ANS,emissible,7148
V80.3,XX,XX/V80.3.md,Personne montant un animal ou occupant un véhicule à traction animale blessée dans une collision avec un véhicule à moteur à deux ou trois roues,false,false,true,true,false,2,cause_externe,OWL_ANS,emissible,7182
V80.4,XX,XX/V80.4.md,"Personne montant un animal ou occupant un véhicule à traction animale blessée dans une collision avec une automobile, une camionnette, un véhicule lourd ou un autobus",false,false,true,true,false,2,cause_externe,OWL_ANS,emissible,7204
V80.5,XX,XX/V80.5.md,Personne montant un animal ou occupant un véhicule à traction animale blessée dans une collision avec un autre véhicule à moteur précisé,false,false,true,true,false,2,cause_externe,OWL_ANS,emissible,7174
V80.6,XX,XX/V80.6.md,Personne montant un animal ou occupant un véhicule à traction animale blessée dans une collision avec un train ou un véhicule ferroviaire,false,false,true,true,false,2,cause_externe,OWL_ANS,emissible,7175
V80.7,XX,XX/V80.7.md,Personne montant un animal ou occupant un véhicule à traction animale blessée dans une collision avec un autre véhicule sans moteur,true,false,true,true,false,2,cause_externe,OWL_ANS,emissible,7321
V80.8,XX,XX/V80.8.md,Personne montant un animal ou occupant un véhicule à traction animale blessée dans une collision avec un objet fixe ou stationnaire,false,false,true,true,false,2,cause_externe,OWL_ANS,emissible,8387
V80.9,XX,XX/V80.9.md,"Personne montant un animal ou occupant un véhicule à traction animale blessée dans des accidents de transport, autres et sans précision",true,false,true,true,false,2,cause_externe,OWL_ANS,emissible,7318
V81.0,XX,XX/V81.0.md,Occupant d'un train ou d'un véhicule ferroviaire blessé dans une collision avec un véhicule à moteur dans un accident en dehors de la circulation,true,false,true,true,false,2,cause_externe,OWL_ANS,emissible,7298
V81.1,XX,XX/V81.1.md,Occupant d'un train ou d'un véhicule ferroviaire blessé dans une collision avec un véhicule à moteur dans un accident de la circulation,true,false,true,true,false,2,cause_externe,OWL_ANS,emissible,7288
V81.2,XX,XX/V81.2.md,Occupant d'un train ou d'un véhicule ferroviaire blessé dans une collision avec du matériel roulant ou heurté par celui-ci,true,false,true,true,false,2,cause_externe,OWL_ANS,emissible,7275
V81.3,XX,XX/V81.3.md,Occupant d'un train ou d'un véhicule ferroviaire blessé dans une collision avec un autre objet,true,false,true,true,false,2,cause_externe,OWL_ANS,emissible,7293
V81.4,XX,XX/V81.4.md,Personne blessée en montant ou en descendant d'un train ou d'un véhicule ferroviaire,true,false,true,true,false,2,cause_externe,OWL_ANS,emissible,7237
V81.5,XX,XX/V81.5.md,Occupant d'un train ou d'un véhicule ferroviaire blessé lors d'une chute dans un train ou un véhicule ferroviaire,true,false,true,true,false,2,cause_externe,OWL_ANS,emissible,7461
V81.6,XX,XX/V81.6.md,Occupant d'un train ou d'un véhicule ferroviaire blessé lors d'une chute d'un train ou d'un véhicule ferroviaire,true,false,true,true,false,2,cause_externe,OWL_ANS,emissible,7460
V81.7,XX,XX/V81.7.md,Occupant d'un train ou d'un véhicule ferroviaire blessé lors d'un déraillement sans collision préalable,true,false,true,true,false,2,cause_externe,OWL_ANS,emissible,7256
V81.8,XX,XX/V81.8.md,Occupant d'un train ou d'un véhicule ferroviaire blessé lors d'autres accidents de chemin de fer précisés,true,false,true,true,false,2,cause_externe,OWL_ANS,emissible,8570
V81.9,XX,XX/V81.9.md,"Occupant d'un train ou d'un véhicule ferroviaire blessé dans un accident de chemin de fer, sans précision",true,false,true,true,false,2,cause_externe,OWL_ANS,emissible,7311
V82.0,XX,XX/V82.0.md,Occupant d'un tramway blessé dans une collision avec un véhicule à moteur dans un accident en dehors de la circulation,true,false,true,true,false,2,cause_externe,OWL_ANS,emissible,7268
V82.1,XX,XX/V82.1.md,Occupant d'un tramway blessé dans une collision avec un véhicule à moteur dans un accident de la circulation,true,false,true,true,false,2,cause_externe,OWL_ANS,emissible,7258
V82.2,XX,XX/V82.2.md,Occupant d'un tramway blessé dans une collision avec du matériel roulant ou heurté par celui-ci,true,false,true,true,false,2,cause_externe,OWL_ANS,emissible,7245
V82.3,XX,XX/V82.3.md,Occupant d'un tramway blessé dans une collision avec un autre objet,true,false,true,true,false,2,cause_externe,OWL_ANS,emissible,7329
V82.4,XX,XX/V82.4.md,Personne blessée en montant ou en descendant d'un tramway,true,false,true,true,false,2,cause_externe,OWL_ANS,emissible,7207
V82.5,XX,XX/V82.5.md,Occupant d'un tramway blessé lors d'une chute dans un tramway,true,false,true,true,false,2,cause_externe,OWL_ANS,emissible,7339
V82.6,XX,XX/V82.6.md,Occupant d'un tramway blessé lors d'une chute d'un tramway,true,false,true,true,false,2,cause_externe,OWL_ANS,emissible,7336
V82.7,XX,XX/V82.7.md,Occupant d'un tramway blessé lors d'un déraillement sans collision préalable,true,false,true,true,false,2,cause_externe,OWL_ANS,emissible,7226
V82.8,XX,XX/V82.8.md,Occupant d'un tramway blessé dans d'autres accidents de transport précisés,true,false,true,true,false,2,cause_externe,OWL_ANS,emissible,8089
V82.9,XX,XX/V82.9.md,"Occupant d'un tramway blessé dans un accident de la circulation, sans précision",true,false,true,true,false,2,cause_externe,OWL_ANS,emissible,7276
V83.0,XX,XX/V83.0.md,"Conducteur d'un véhicule spécial utilisé essentiellement sur un site industriel, blessé dans un accident de la circulation",false,false,true,true,false,2,cause_externe,OWL_ANS,emissible,7279
V83.1,XX,XX/V83.1.md,"Passager d'un véhicule spécial utilisé essentiellement sur un site industriel, blessé dans un accident de la circulation",false,false,true,true,false,2,cause_externe,OWL_ANS,emissible,7277
V83.2,XX,XX/V83.2.md,"Personne à l'extérieur d'un véhicule spécial utilisé essentiellement sur un site industriel, blessée dans un accident de la circulation",false,false,true,true,false,2,cause_externe,OWL_ANS,emissible,7292
V83.3,XX,XX/V83.3.md,"Occupant, sans précision, d'un véhicule spécial utilisé essentiellement sur un site industriel, blessé dans un accident de la circulation",false,false,true,true,false,2,cause_externe,OWL_ANS,emissible,7294
V83.4,XX,XX/V83.4.md,Personne blessée en montant ou en descendant d'un véhicule spécial utilisé essentiellement sur un site industriel,false,false,true,true,false,2,cause_externe,OWL_ANS,emissible,7270
V83.5,XX,XX/V83.5.md,"Conducteur d'un véhicule spécial utilisé essentiellement sur un site industriel, blessé dans un accident en dehors de la circulation",false,false,true,true,false,2,cause_externe,OWL_ANS,emissible,7289
V83.6,XX,XX/V83.6.md,"Passager d'un véhicule spécial utilisé essentiellement sur un site industriel, blessé dans un accident en dehors de la circulation",false,false,true,true,false,2,cause_externe,OWL_ANS,emissible,7287
V83.7,XX,XX/V83.7.md,"Personne à l'extérieur d'un véhicule spécial utilisé essentiellement sur un site industriel, blessée dans un accident en dehors de la circulation",false,false,true,true,false,2,cause_externe,OWL_ANS,emissible,7302
V83.9,XX,XX/V83.9.md,"Occupant, sans précision, d'un véhicule spécial utilisé essentiellement sur un site industriel, blessé dans un accident en dehors de la circulation",true,false,true,true,false,2,cause_externe,OWL_ANS,emissible,7411
V84.0,XX,XX/V84.0.md,"Conducteur d'un véhicule spécial utilisé essentiellement pour des travaux agricoles, blessé dans un accident de la circulation",false,false,true,true,false,2,cause_externe,OWL_ANS,emissible,7283
V84.1,XX,XX/V84.1.md,"Passager d'un véhicule spécial utilisé essentiellement pour des travaux agricoles, blessé dans un accident de la circulation",false,false,true,true,false,2,cause_externe,OWL_ANS,emissible,7281
V84.2,XX,XX/V84.2.md,"Personne à l'extérieur d'un véhicule spécial utilisé essentiellement pour des travaux agricoles, blessée dans un accident de la circulation",false,false,true,true,false,2,cause_externe,OWL_ANS,emissible,7296
V84.3,XX,XX/V84.3.md,"Occupant, sans précision, d'un véhicule spécial utilisé essentiellement pour des travaux agricoles, blessé dans un accident de la circulation",false,false,true,true,false,2,cause_externe,OWL_ANS,emissible,7298
V84.4,XX,XX/V84.4.md,Personne blessée en montant ou en descendant d'un véhicule spécial utilisé essentiellement pour des travaux agricoles,false,false,true,true,false,2,cause_externe,OWL_ANS,emissible,7274
V84.5,XX,XX/V84.5.md,"Conducteur d'un véhicule spécial utilisé essentiellement pour des travaux agricoles, blessé dans un accident en dehors de la circulation",false,false,true,true,false,2,cause_externe,OWL_ANS,emissible,7293
V84.6,XX,XX/V84.6.md,"Passager d'un véhicule spécial utilisé essentiellement pour des travaux agricoles, blessé dans un accident en dehors de la circulation",false,false,true,true,false,2,cause_externe,OWL_ANS,emissible,7291
V84.7,XX,XX/V84.7.md,"Personne à l'extérieur d'un véhicule spécial utilisé essentiellement pour des travaux agricoles, blessée dans un accident en dehors de la circulation",false,false,true,true,false,2,cause_externe,OWL_ANS,emissible,7306
V84.9,XX,XX/V84.9.md,"Occupant, sans précision, d'un véhicule spécial utilisé essentiellement pour des travaux agricoles, blessé dans un accident en dehors de la circulation",true,false,true,true,false,2,cause_externe,OWL_ANS,emissible,7419
V85.0,XX,XX/V85.0.md,Conducteur d'un véhicule spécial de construction blessé dans un accident de la circulation,false,false,true,true,false,2,cause_externe,OWL_ANS,emissible,7247
V85.1,XX,XX/V85.1.md,Passager d'un véhicule spécial de construction blessé dans un accident de la circulation,false,false,true,true,false,2,cause_externe,OWL_ANS,emissible,7245
V85.2,XX,XX/V85.2.md,Personne à l'extérieur d'un véhicule spécial de construction blessée dans un accident de la circulation,false,false,true,true,false,2,cause_externe,OWL_ANS,emissible,7260
V85.3,XX,XX/V85.3.md,"Occupant, sans précision, d'un véhicule spécial de construction blessé dans un accident de la circulation",false,false,true,true,false,2,cause_externe,OWL_ANS,emissible,7262
V85.4,XX,XX/V85.4.md,Personne blessée en montant ou en descendant d'un véhicule spécial de construction,false,false,true,true,false,2,cause_externe,OWL_ANS,emissible,7239
V85.5,XX,XX/V85.5.md,Conducteur d'un véhicule spécial de construction blessé dans un accident en dehors de la circulation,false,false,true,true,false,2,cause_externe,OWL_ANS,emissible,7257
V85.6,XX,XX/V85.6.md,Passager d'un véhicule spécial de construction blessé dans un accident en dehors de la circulation,false,false,true,true,false,2,cause_externe,OWL_ANS,emissible,7255
V85.7,XX,XX/V85.7.md,Personne à l'extérieur d'un véhicule spécial de construction blessée dans un accident en dehors de la circulation,false,false,true,true,false,2,cause_externe,OWL_ANS,emissible,7270
V85.9,XX,XX/V85.9.md,"Occupant, sans précision, d'un véhicule spécial de construction blessé dans un accident en dehors de la circulation",true,false,true,true,false,2,cause_externe,OWL_ANS,emissible,7348
V86.0,XX,XX/V86.0.md,"Conducteur d'un véhicule tout-terrain ou autre véhicule à moteur essentiellement conçu pour être utilisé hors d'une route, blessé dans un accident de la circulation",false,false,true,true,false,2,cause_externe,OWL_ANS,emissible,7321
V86.1,XX,XX/V86.1.md,"Passager d'un véhicule tout-terrain ou autre véhicule à moteur essentiellement conçu pour être utilisé hors d'une route, blessé dans un accident de la circulation",false,false,true,true,false,2,cause_externe,OWL_ANS,emissible,7319
V86.2,XX,XX/V86.2.md,"Personne à l'extérieur d'un véhicule tout-terrain ou autre véhicule à moteur essentiellement conçu pour être utilisé hors d'une route, blessée dans un accident de la circulation",false,false,true,true,false,2,cause_externe,OWL_ANS,emissible,7334
V86.3,XX,XX/V86.3.md,"Occupant, sans précision, d'un véhicule tout-terrain ou autre véhicule à moteur essentiellement conçu pour être utilisé hors d'une route, blessé dans un accident de la circulation",false,false,true,true,false,2,cause_externe,OWL_ANS,emissible,7336
V86.4,XX,XX/V86.4.md,Personne blessée en montant ou en descendant d'un véhicule tout-terrain ou autre véhicule à moteur essentiellement conçu pour être utilisé hors d'une route,false,false,true,true,false,2,cause_externe,OWL_ANS,emissible,7312
V86.5,XX,XX/V86.5.md,"Conducteur d'un véhicule tout-terrain ou autre véhicule à moteur essentiellement conçu pour être utilisé hors d'une route, blessé dans un accident en dehors de la circulation",false,false,true,true,false,2,cause_externe,OWL_ANS,emissible,7331
V86.6,XX,XX/V86.6.md,"Passager d'un véhicule tout-terrain ou autre véhicule à moteur essentiellement conçu pour être utilisé hors d'une route, blessé dans un accident en dehors de la circulation",false,false,true,true,false,2,cause_externe,OWL_ANS,emissible,7329
V86.7,XX,XX/V86.7.md,"Personne à l'extérieur d'un véhicule tout-terrain ou autre véhicule à moteur essentiellement conçu pour être utilisé hors d'une route, blessée dans un accident en dehors de la circulation",false,false,true,true,false,2,cause_externe,OWL_ANS,emissible,7344
V86.9,XX,XX/V86.9.md,"Occupant, sans précision, d'un véhicule tout-terrain ou autre véhicule à moteur essentiellement conçu pour être utilisé hors d'une route, blessé dans un accident en dehors de la circulation",true,false,true,true,false,2,cause_externe,OWL_ANS,emissible,7506
V87.0,XX,XX/V87.0.md,Personne blessée dans une collision entre une automobile et un véhicule à moteur à deux ou trois roues (dans la circulation),false,false,true,true,false,2,cause_externe,OWL_ANS,emissible,7295
V87.1,XX,XX/V87.1.md,Personne blessée dans une collision entre un autre véhicule à moteur et un véhicule à moteur à deux ou trois roues (dans la circulation),false,false,true,true,false,2,cause_externe,OWL_ANS,emissible,7307
V87.2,XX,XX/V87.2.md,Personne blessée dans une collision entre une automobile et une camionnette (dans la circulation),false,false,true,true,false,2,cause_externe,OWL_ANS,emissible,7268
V87.3,XX,XX/V87.3.md,Personne blessée dans une collision entre une automobile et un autobus (dans la circulation),false,false,true,true,false,2,cause_externe,OWL_ANS,emissible,7263
V87.4,XX,XX/V87.4.md,Personne blessée dans une collision entre une automobile et un véhicule lourd (dans la circulation),false,false,true,true,false,2,cause_externe,OWL_ANS,emissible,7270
V87.5,XX,XX/V87.5.md,Personne blessée dans une collision entre un véhicule lourd et un autobus (dans la circulation),false,false,true,true,false,2,cause_externe,OWL_ANS,emissible,7266
V87.6,XX,XX/V87.6.md,Personne blessée dans une collision entre un train ou un véhicule ferroviaire et une automobile (dans la circulation),false,false,true,true,false,2,cause_externe,OWL_ANS,emissible,7288
V87.7,XX,XX/V87.7.md,Personne blessée dans une collision entre d'autres véhicules à moteur précisés (dans la circulation),false,false,true,true,false,2,cause_externe,OWL_ANS,emissible,7271
V87.8,XX,XX/V87.8.md,"Personne blessée dans d'autres accidents de transport précisés, sans collision, impliquant un véhicule à moteur (dans la circulation)",false,false,true,true,false,2,cause_externe,OWL_ANS,emissible,8309
V87.9,XX,XX/V87.9.md,Personne blessée dans d'autres accidents de transport précisés (avec collision) (sans collision) impliquant un véhicule sans moteur (dans la circulation),false,false,true,true,false,2,cause_externe,OWL_ANS,emissible,7295
V88.0,XX,XX/V88.0.md,"Personne blessée dans une collision entre une automobile et un véhicule à moteur à deux ou trois roues, en dehors de la circulation",false,false,true,true,false,2,cause_externe,OWL_ANS,emissible,7302
V88.1,XX,XX/V88.1.md,"Personne blessée dans une collision entre un autre véhicule à moteur et un véhicule à moteur à deux ou trois roues, en dehors de la circulation",false,false,true,true,false,2,cause_externe,OWL_ANS,emissible,7314
V88.2,XX,XX/V88.2.md,"Personne blessée dans une collision entre une automobile et une camionnette, en dehors de la circulation",false,false,true,true,false,2,cause_externe,OWL_ANS,emissible,7275
V88.3,XX,XX/V88.3.md,"Personne blessée dans une collision entre une automobile et un autobus, en dehors de la circulation",false,false,true,true,false,2,cause_externe,OWL_ANS,emissible,7270
V88.4,XX,XX/V88.4.md,"Personne blessée dans une collision entre une automobile et un véhicule lourd, en dehors de la circulation",false,false,true,true,false,2,cause_externe,OWL_ANS,emissible,7277
V88.5,XX,XX/V88.5.md,"Personne blessée dans une collision entre un véhicule lourd et un autobus, en dehors de la circulation",false,false,true,true,false,2,cause_externe,OWL_ANS,emissible,7273
V88.6,XX,XX/V88.6.md,"Personne blessée dans une collision entre un train ou un véhicule ferroviaire et une automobile, en dehors de la circulation",false,false,true,true,false,2,cause_externe,OWL_ANS,emissible,7295
V88.7,XX,XX/V88.7.md,"Personne blessée dans une collision entre d'autres véhicules à moteur précisés, en dehors de la circulation",false,false,true,true,false,2,cause_externe,OWL_ANS,emissible,7278
V88.8,XX,XX/V88.8.md,"Personne blessée dans d'autres accidents de transport précisés, sans collision, impliquant un véhicule à moteur, en dehors de la circulation",false,false,true,true,false,2,cause_externe,OWL_ANS,emissible,8372
V88.9,XX,XX/V88.9.md,"Personne blessée dans d'autres accidents de transport précisés (avec collision) (sans collision) impliquant un véhicule sans moteur, en dehors de la circulation",false,false,true,true,false,2,cause_externe,OWL_ANS,emissible,7302
V89.0,XX,XX/V89.0.md,"Personne blessée dans un accident avec un véhicule à moteur, sans précision, en dehors de la circulation",true,false,true,true,false,2,cause_externe,OWL_ANS,emissible,7261
V89.1,XX,XX/V89.1.md,"Personne blessée dans un accident avec un véhicule sans moteur, sans précision, en dehors de la circulation",true,false,true,true,false,2,cause_externe,OWL_ANS,emissible,7268
V89.2,XX,XX/V89.2.md,"Personne blessée dans un accident de la circulation avec un véhicule à moteur, sans précision",true,false,true,true,false,2,cause_externe,OWL_ANS,emissible,7252
V89.3,XX,XX/V89.3.md,"Personne blessée dans un accident de la circulation avec un véhicule sans moteur, sans précision",true,false,true,true,false,2,cause_externe,OWL_ANS,emissible,7248
V89.9,XX,XX/V89.9.md,"Personne blessée dans un accident avec un véhicule, sans précision",true,false,true,true,false,2,cause_externe,OWL_ANS,emissible,7172
V90.0,XX,XX/V90.0.md,"Accident de bateau entraînant la noyade et la submersion - "" Navire marchand """,true,false,true,false,false,2,cause_externe,OWL_ANS,emissible,7684
V90.1,XX,XX/V90.1.md,"Accident de bateau entraînant la noyade et la submersion - "" Navire de transport de passagers """,true,false,true,false,false,2,cause_externe,OWL_ANS,emissible,7735
V90.2,XX,XX/V90.2.md,"Accident de bateau entraînant la noyade et la submersion - "" Bateau de pêche """,true,false,true,false,false,2,cause_externe,OWL_ANS,emissible,7684
V90.3,XX,XX/V90.3.md,"Accident de bateau entraînant la noyade et la submersion - "" Autres embarcations à moteur """,true,false,true,false,false,2,cause_externe,OWL_ANS,emissible,7752
V90.4,XX,XX/V90.4.md,"Accident de bateau entraînant la noyade et la submersion - "" Bateau à voiles """,true,false,true,false,false,2,cause_externe,OWL_ANS,emissible,7713
V90.5,XX,XX/V90.5.md,"Accident de bateau entraînant la noyade et la submersion - "" Canoë ou kayak """,true,false,true,false,false,2,cause_externe,OWL_ANS,emissible,7683
V90.6,XX,XX/V90.6.md,"Accident de bateau entraînant la noyade et la submersion - "" Canot pneumatique (sans moteur) """,true,false,true,false,false,2,cause_externe,OWL_ANS,emissible,7700
V90.7,XX,XX/V90.7.md,"Accident de bateau entraînant la noyade et la submersion - "" Ski nautique """,true,false,true,false,false,2,cause_externe,OWL_ANS,emissible,7681
V90.8,XX,XX/V90.8.md,"Accident de bateau entraînant la noyade et la submersion - "" Autres embarcations sans moteur """,true,false,true,false,false,2,cause_externe,OWL_ANS,emissible,8568
V90.9,XX,XX/V90.9.md,"Accident de bateau entraînant la noyade et la submersion - "" Embarcation non précisée """,true,false,true,false,false,2,cause_externe,OWL_ANS,emissible,7758
V91.0,XX,XX/V91.0.md,"Accident de bateau provoquant d'autres lésions traumatiques - "" Navire marchand """,true,false,true,false,false,2,cause_externe,OWL_ANS,emissible,8325
V91.1,XX,XX/V91.1.md,"Accident de bateau provoquant d'autres lésions traumatiques - "" Navire de transport de passagers """,true,false,true,false,false,2,cause_externe,OWL_ANS,emissible,8376
V91.2,XX,XX/V91.2.md,"Accident de bateau provoquant d'autres lésions traumatiques - "" Bateau de pêche """,true,false,true,false,false,2,cause_externe,OWL_ANS,emissible,8325
V91.3,XX,XX/V91.3.md,"Accident de bateau provoquant d'autres lésions traumatiques - "" Autres embarcations à moteur """,true,false,true,false,false,2,cause_externe,OWL_ANS,emissible,8393
V91.4,XX,XX/V91.4.md,"Accident de bateau provoquant d'autres lésions traumatiques - "" Bateau à voiles """,true,false,true,false,false,2,cause_externe,OWL_ANS,emissible,8354
V91.5,XX,XX/V91.5.md,"Accident de bateau provoquant d'autres lésions traumatiques - "" Canoë ou kayak """,true,false,true,false,false,2,cause_externe,OWL_ANS,emissible,8324
V91.6,XX,XX/V91.6.md,"Accident de bateau provoquant d'autres lésions traumatiques - "" Canot pneumatique (sans moteur) """,true,false,true,false,false,2,cause_externe,OWL_ANS,emissible,8341
V91.7,XX,XX/V91.7.md,"Accident de bateau provoquant d'autres lésions traumatiques - "" Ski nautique """,true,false,true,false,false,2,cause_externe,OWL_ANS,emissible,8322
V91.8,XX,XX/V91.8.md,"Accident de bateau provoquant d'autres lésions traumatiques - "" Autres embarcations sans moteur """,true,false,true,false,false,2,cause_externe,OWL_ANS,emissible,9233
V91.9,XX,XX/V91.9.md,"Accident de bateau provoquant d'autres lésions traumatiques - "" Embarcation non précisée """,true,false,true,false,false,2,cause_externe,OWL_ANS,emissible,8399
V92.0,XX,XX/V92.0.md,"Noyade et submersion durant un transport par eau, sans accident de bateau - "" Navire marchand """,true,false,true,false,false,2,cause_externe,OWL_ANS,emissible,8026
V92.1,XX,XX/V92.1.md,"Noyade et submersion durant un transport par eau, sans accident de bateau - "" Navire de transport de passagers """,true,false,true,false,false,2,cause_externe,OWL_ANS,emissible,8077
V92.2,XX,XX/V92.2.md,"Noyade et submersion durant un transport par eau, sans accident de bateau - "" Bateau de pêche """,true,false,true,false,false,2,cause_externe,OWL_ANS,emissible,8026
V92.3,XX,XX/V92.3.md,"Noyade et submersion durant un transport par eau, sans accident de bateau - "" Autres embarcations à moteur """,true,false,true,false,false,2,cause_externe,OWL_ANS,emissible,8094
V92.4,XX,XX/V92.4.md,"Noyade et submersion durant un transport par eau, sans accident de bateau - "" Bateau à voiles """,true,false,true,false,false,2,cause_externe,OWL_ANS,emissible,8055
V92.5,XX,XX/V92.5.md,"Noyade et submersion durant un transport par eau, sans accident de bateau - "" Canoë ou kayak """,true,false,true,false,false,2,cause_externe,OWL_ANS,emissible,8025
V92.6,XX,XX/V92.6.md,"Noyade et submersion durant un transport par eau, sans accident de bateau - "" Canot pneumatique (sans moteur) """,true,false,true,false,false,2,cause_externe,OWL_ANS,emissible,8042
V92.7,XX,XX/V92.7.md,"Noyade et submersion durant un transport par eau, sans accident de bateau - "" Ski nautique """,true,false,true,false,false,2,cause_externe,OWL_ANS,emissible,8023
V92.8,XX,XX/V92.8.md,"Noyade et submersion durant un transport par eau, sans accident de bateau - "" Autres embarcations sans moteur """,true,false,true,false,false,2,cause_externe,OWL_ANS,emissible,9046
V92.9,XX,XX/V92.9.md,"Noyade et submersion durant un transport par eau, sans accident de bateau - "" Embarcation non précisée """,true,false,true,false,false,2,cause_externe,OWL_ANS,emissible,8100
V93.0,XX,XX/V93.0.md,"Accident à bord d'un bateau, sans accident du bateau, ne causant ni noyade ni submersion - "" Navire marchand """,true,false,true,false,false,2,cause_externe,OWL_ANS,emissible,8741
V93.1,XX,XX/V93.1.md,"Accident à bord d'un bateau, sans accident du bateau, ne causant ni noyade ni submersion - "" Navire de transport de passagers """,true,false,true,false,false,2,cause_externe,OWL_ANS,emissible,8792
V93.2,XX,XX/V93.2.md,"Accident à bord d'un bateau, sans accident du bateau, ne causant ni noyade ni submersion - "" Bateau de pêche """,true,false,true,false,false,2,cause_externe,OWL_ANS,emissible,8741
V93.3,XX,XX/V93.3.md,"Accident à bord d'un bateau, sans accident du bateau, ne causant ni noyade ni submersion - "" Autres embarcations à moteur """,true,false,true,false,false,2,cause_externe,OWL_ANS,emissible,8809
V93.4,XX,XX/V93.4.md,"Accident à bord d'un bateau, sans accident du bateau, ne causant ni noyade ni submersion - "" Bateau à voiles """,true,false,true,false,false,2,cause_externe,OWL_ANS,emissible,8770
V93.5,XX,XX/V93.5.md,"Accident à bord d'un bateau, sans accident du bateau, ne causant ni noyade ni submersion - "" Canoë ou kayak """,true,false,true,false,false,2,cause_externe,OWL_ANS,emissible,8740
V93.6,XX,XX/V93.6.md,"Accident à bord d'un bateau, sans accident du bateau, ne causant ni noyade ni submersion - "" Canot pneumatique (sans moteur) """,true,false,true,false,false,2,cause_externe,OWL_ANS,emissible,8757
V93.7,XX,XX/V93.7.md,"Accident à bord d'un bateau, sans accident du bateau, ne causant ni noyade ni submersion - "" Ski nautique """,true,false,true,false,false,2,cause_externe,OWL_ANS,emissible,8738
V93.8,XX,XX/V93.8.md,"Accident à bord d'un bateau, sans accident du bateau, ne causant ni noyade ni submersion - "" Autres embarcations sans moteur """,true,false,true,false,false,2,cause_externe,OWL_ANS,emissible,9881
V93.9,XX,XX/V93.9.md,"Accident à bord d'un bateau, sans accident du bateau, ne causant ni noyade ni submersion - "" Embarcation non précisée """,true,false,true,false,false,2,cause_externe,OWL_ANS,emissible,8815
V94.0,XX,XX/V94.0.md,"Accidents de transport par eau, autres et sans précision - "" Navire marchand """,true,false,true,false,false,2,cause_externe,OWL_ANS,emissible,7278
V94.1,XX,XX/V94.1.md,"Accidents de transport par eau, autres et sans précision - "" Navire de transport de passagers """,true,false,true,false,false,2,cause_externe,OWL_ANS,emissible,7329
V94.2,XX,XX/V94.2.md,"Accidents de transport par eau, autres et sans précision - "" Bateau de pêche """,true,false,true,false,false,2,cause_externe,OWL_ANS,emissible,7278
V94.3,XX,XX/V94.3.md,"Accidents de transport par eau, autres et sans précision - "" Autres embarcations à moteur """,true,false,true,false,false,2,cause_externe,OWL_ANS,emissible,7346
V94.4,XX,XX/V94.4.md,"Accidents de transport par eau, autres et sans précision - "" Bateau à voiles """,true,false,true,false,false,2,cause_externe,OWL_ANS,emissible,7307
V94.5,XX,XX/V94.5.md,"Accidents de transport par eau, autres et sans précision - "" Canoë ou kayak """,true,false,true,false,false,2,cause_externe,OWL_ANS,emissible,7277
V94.6,XX,XX/V94.6.md,"Accidents de transport par eau, autres et sans précision - "" Canot pneumatique (sans moteur) """,true,false,true,false,false,2,cause_externe,OWL_ANS,emissible,7294
V94.7,XX,XX/V94.7.md,"Accidents de transport par eau, autres et sans précision - "" Ski nautique """,true,false,true,false,false,2,cause_externe,OWL_ANS,emissible,7275
V94.8,XX,XX/V94.8.md,"Accidents de transport par eau, autres et sans précision - "" Autres embarcations sans moteur """,true,false,true,false,false,2,cause_externe,OWL_ANS,emissible,8162
V94.9,XX,XX/V94.9.md,"Accidents de transport par eau, autres et sans précision - "" Embarcation non précisée """,true,false,true,false,false,2,cause_externe,OWL_ANS,emissible,7352
V95.0,XX,XX/V95.0.md,Accident d'hélicoptère blessant un occupant,true,false,true,false,false,2,cause_externe,OWL_ANS,emissible,7470
V95.1,XX,XX/V95.1.md,"Accident de planeur à moteur, ultraléger motorisé (ULM) blessant un occupant",true,false,true,false,false,2,cause_externe,OWL_ANS,emissible,7503
V95.2,XX,XX/V95.2.md,Accident d'autres aéronefs privés à voilure fixe blessant un occupant,true,false,true,false,false,2,cause_externe,OWL_ANS,emissible,7496
V95.3,XX,XX/V95.3.md,Accident d'aéronef commercial à voilure fixe blessant un occupant,true,false,true,false,false,2,cause_externe,OWL_ANS,emissible,7492
V95.4,XX,XX/V95.4.md,Accident de vaisseau spatial blessant un occupant,true,false,true,false,false,2,cause_externe,OWL_ANS,emissible,7476
V95.8,XX,XX/V95.8.md,Autres accidents d'aéronef blessant un occupant,true,false,true,false,false,2,cause_externe,OWL_ANS,emissible,7882
V95.9,XX,XX/V95.9.md,"Accident d'aéronef, sans précision, blessant un occupant",true,false,true,false,false,2,cause_externe,OWL_ANS,emissible,7564
V96.0,XX,XX/V96.0.md,Accident de ballon blessant un occupant,true,false,true,false,false,2,cause_externe,OWL_ANS,emissible,7476
V96.1,XX,XX/V96.1.md,Accident de deltaplane blessant un occupant,true,false,true,false,false,2,cause_externe,OWL_ANS,emissible,7480
V96.2,XX,XX/V96.2.md,Accident de planeur (sans moteur) blessant un occupant,true,false,true,false,false,2,cause_externe,OWL_ANS,emissible,7491
V96.8,XX,XX/V96.8.md,Autres accidents d'aéronef sans moteur blessant un occupant,true,false,true,false,false,2,cause_externe,OWL_ANS,emissible,7768
V96.9,XX,XX/V96.9.md,"Accident d'aéronef sans moteur, sans précision, blessant un occupant",true,false,true,false,false,2,cause_externe,OWL_ANS,emissible,7563
V97.0,XX,XX/V97.0.md,Occupant d'un aéronef blessé dans d'autres accidents de transport aérien précisés,true,false,true,false,false,2,cause_externe,OWL_ANS,emissible,7124
V97.1,XX,XX/V97.1.md,Personne blessée en montant ou descendant de l'aéronef,true,false,true,false,false,2,cause_externe,OWL_ANS,emissible,6903
V97.2,XX,XX/V97.2.md,Parachutiste blessé dans un accident de transport aérien,true,false,true,false,false,2,cause_externe,OWL_ANS,emissible,7017
V97.3,XX,XX/V97.3.md,Personne au sol blessée dans un accident de transport aérien,true,false,true,false,false,2,cause_externe,OWL_ANS,emissible,7031
V97.8,XX,XX/V97.8.md,"Autres accidents de transport aérien, non classés ailleurs",true,false,true,false,false,2,cause_externe,OWL_ANS,emissible,7508
V98,XX,XX/V98.md,Autres accidents de transport précisés,true,false,true,false,false,2,cause_externe,OWL_ANS,emissible,6796
V99,XX,XX/V99.md,"Accident de transport, sans précision",false,false,true,false,false,2,cause_externe,OWL_ANS,emissible,6212
W00,XX,XX/W00.md,Chute de plain-pied due à la glace et la neige,false,false,true,false,false,3,pere_interdit,OWL_ANS,tronc_composition,2834
W01,XX,XX/W01.md,"Chute de plain-pied résultant de glissade, faux-pas et trébuchement",false,false,true,false,false,3,pere_interdit,OWL_ANS,tronc_composition,2805
W02,XX,XX/W02.md,"Chute impliquant des patins à glace, des skis, des patins à roulettes ou une planche à roulettes",false,false,true,false,false,3,pere_interdit,OWL_ANS,tronc_composition,2754
W03,XX,XX/W03.md,Autre chute de plain-pied due à une collision avec un tiers ou une poussée par un tiers,true,false,true,false,false,3,pere_interdit,OWL_ANS,tronc_composition,3064
W04,XX,XX/W04.md,"Chute, en étant porté ou soutenu par des tiers",true,false,true,false,false,3,pere_interdit,OWL_ANS,tronc_composition,2799
W05,XX,XX/W05.md,Chute d'un fauteuil roulant,false,false,true,false,false,3,pere_interdit,OWL_ANS,tronc_composition,2685
W06,XX,XX/W06.md,Chute d'un lit,false,false,true,false,false,3,pere_interdit,OWL_ANS,tronc_composition,2672
W07,XX,XX/W07.md,Chute d'une chaise,false,false,true,false,false,3,pere_interdit,OWL_ANS,tronc_composition,2676
W08,XX,XX/W08.md,Chute d'un autre meuble,false,false,true,false,false,3,pere_interdit,OWL_ANS,tronc_composition,2681
W09,XX,XX/W09.md,Chute du haut d'agrès équipant un terrain de jeux,false,false,true,false,false,3,pere_interdit,OWL_ANS,tronc_composition,2793
W10,XX,XX/W10.md,Chute dans et d'un escalier et de marches,true,false,true,false,false,3,pere_interdit,OWL_ANS,tronc_composition,3006
W11,XX,XX/W11.md,Chute sur ou d'une échelle,false,false,true,false,false,3,pere_interdit,OWL_ANS,tronc_composition,2684
W12,XX,XX/W12.md,Chute sur ou d'un échafaudage,false,false,true,false,false,3,pere_interdit,OWL_ANS,tronc_composition,2687
W13,XX,XX/W13.md,Chute du haut d'un bâtiment ou d'un autre ouvrage,true,false,true,false,false,3,pere_interdit,OWL_ANS,tronc_composition,3355
W14,XX,XX/W14.md,Chute du haut d'un arbre,false,false,true,false,false,3,pere_interdit,OWL_ANS,tronc_composition,2682
W15,XX,XX/W15.md,Chute d'une falaise,false,false,true,false,false,3,pere_interdit,OWL_ANS,tronc_composition,2677
W16,XX,XX/W16.md,Plongée ou saut dans l'eau provoquant une lésion traumatique autre que noyade ou submersion,true,false,true,false,false,3,pere_interdit,OWL_ANS,tronc_composition,3173
W17,XX,XX/W17.md,Autre chute d'un niveau à un autre,true,false,true,false,false,3,pere_interdit,OWL_ANS,tronc_composition,3024
W18,XX,XX/W18.md,Autre chute de plain-pied,true,false,true,false,false,3,pere_interdit,OWL_ANS,tronc_composition,2837
W19,XX,XX/W19.md,"Chute, sans précision",true,false,true,false,false,3,pere_interdit,OWL_ANS,tronc_composition,2756
W20,XX,XX/W20.md,Heurt causé par le lancement ou la chute (d'un)(d') objet(s),true,false,true,false,false,3,pere_interdit,OWL_ANS,tronc_composition,3059
W21,XX,XX/W21.md,Heurt contre ou par du matériel de sport,true,false,true,false,false,3,pere_interdit,OWL_ANS,tronc_composition,2635
W22,XX,XX/W22.md,Heurt contre ou par (un)(d')autre(s) objet(s),true,false,true,false,false,3,pere_interdit,OWL_ANS,tronc_composition,2604
W23,XX,XX/W23.md,"Compression, écrasement ou blocage dans des objets ou entre des objets",true,false,true,false,false,3,pere_interdit,OWL_ANS,tronc_composition,3621
W24,XX,XX/W24.md,"Contact avec (un)(des) dispositif(s) de levage et de transmission, non classé(s) ailleurs",true,false,true,false,false,3,pere_interdit,OWL_ANS,tronc_composition,2769
W25,XX,XX/W25.md,Contact avec du verre tranchant,false,false,true,false,false,3,pere_interdit,OWL_ANS,tronc_composition,2703
W26.0,XX,XX/W26.0.md,"Contact avec un couteau, une épée ou un poignard",false,false,true,false,false,2,cause_externe,OWL_ANS,emissible,2477
W26.8,XX,XX/W26.8.md,"Contact avec d'autres objets tranchants, non classé ailleurs",true,false,true,false,false,2,cause_externe,OWL_ANS,emissible,2700
W26.9,XX,XX/W26.9.md,"Contact avec un objet tranchant, sans précision",false,false,true,false,false,2,cause_externe,OWL_ANS,emissible,2447
W27,XX,XX/W27.md,Contact avec un outil à main non électrique,true,false,true,false,false,3,pere_interdit,OWL_ANS,tronc_composition,2874
W28,XX,XX/W28.md,Contact avec tondeuse à gazon à moteur,false,false,true,false,false,3,pere_interdit,OWL_ANS,tronc_composition,2591
W29,XX,XX/W29.md,Contact avec d'autres outils manuels électriques et appareils électro-ménagers,true,false,true,false,false,3,pere_interdit,OWL_ANS,tronc_composition,2972
W30,XX,XX/W30.md,Contact avec du matériel agricole,true,false,true,false,false,3,pere_interdit,OWL_ANS,tronc_composition,2877
W31,XX,XX/W31.md,"Contact avec des appareils, autres et sans précision",true,false,true,false,false,3,pere_interdit,OWL_ANS,tronc_composition,2788
W32,XX,XX/W32.md,Décharge d'arme de poing,true,false,true,false,false,3,pere_interdit,OWL_ANS,tronc_composition,2673
W33,XX,XX/W33.md,"Décharge de fusil, de carabine et d'arme de plus grande taille",true,false,true,false,false,3,pere_interdit,OWL_ANS,tronc_composition,2706
W34,XX,XX/W34.md,"Décharge d'armes, autres et sans précision",true,false,true,false,false,3,pere_interdit,OWL_ANS,tronc_composition,2657
W35,XX,XX/W35.md,Explosion et éclatement d'une chaudière,false,false,true,false,false,3,pere_interdit,OWL_ANS,tronc_composition,2512
W36,XX,XX/W36.md,Explosion et éclatement d'une bouteille de gaz,true,false,true,false,false,3,pere_interdit,OWL_ANS,tronc_composition,2639
W37,XX,XX/W37.md,Explosion et éclatement de pneumatique ou de tuyau sous pression,false,false,true,false,false,3,pere_interdit,OWL_ANS,tronc_composition,2537
W38,XX,XX/W38.md,Explosion et éclatement d'autres appareils précisés sous pression,false,false,true,false,false,3,pere_interdit,OWL_ANS,tronc_composition,2538
W39,XX,XX/W39.md,Projections de feu d'artifice,false,false,true,false,false,3,pere_interdit,OWL_ANS,tronc_composition,2502
W40,XX,XX/W40.md,Explosion d'autres matériaux,true,false,true,false,false,3,pere_interdit,OWL_ANS,tronc_composition,2745
W41,XX,XX/W41.md,Exposition à un jet à haute pression,true,false,true,false,false,3,pere_interdit,OWL_ANS,tronc_composition,2597
W42,XX,XX/W42.md,Exposition au bruit,true,false,true,false,false,3,pere_interdit,OWL_ANS,tronc_composition,2582
W43,XX,XX/W43.md,Exposition aux vibrations,true,false,true,false,false,3,pere_interdit,OWL_ANS,tronc_composition,2561
W44,XX,XX/W44.md,Corps étranger pénétrant dans l'œil ou un orifice naturel,false,false,true,false,false,3,pere_interdit,OWL_ANS,tronc_composition,2689
W45,XX,XX/W45.md,Corps étranger ou objet pénétrant dans la peau,true,false,true,false,false,3,pere_interdit,OWL_ANS,tronc_composition,2898
W46,XX,XX/W46.md,Contact avec aiguille à usage médical [aiguille hypodermique],false,false,true,false,false,3,pere_interdit,OWL_ANS,tronc_composition,2534
W49,XX,XX/W49.md,"Exposition à des forces mécaniques, autres et sans précision",true,false,true,false,false,3,pere_interdit,OWL_ANS,tronc_composition,2626
W50,XX,XX/W50.md,"Coup, torsion, morsure ou écorchure infligés par un tiers",false,false,true,false,false,3,pere_interdit,OWL_ANS,tronc_composition,2562
W51,XX,XX/W51.md,Collision entre deux personnes,false,false,true,false,false,3,pere_interdit,OWL_ANS,tronc_composition,2625
W52,XX,XX/W52.md,"Ecrasement, poussée ou piétinement par une foule humaine",false,false,true,false,false,3,pere_interdit,OWL_ANS,tronc_composition,2471
W53,XX,XX/W53.md,Morsure de rat,false,false,true,false,false,3,pere_interdit,OWL_ANS,tronc_composition,2429
W54,XX,XX/W54.md,Morsure ou coup donné par un chien,false,false,true,false,false,3,pere_interdit,OWL_ANS,tronc_composition,2449
W55,XX,XX/W55.md,Morsure ou coup donné par d'autres mammifères,false,false,true,false,false,3,pere_interdit,OWL_ANS,tronc_composition,2539
W56,XX,XX/W56.md,Contact avec un animal marin,true,false,true,false,false,3,pere_interdit,OWL_ANS,tronc_composition,2539
W57,XX,XX/W57.md,Morsure ou piqure non venimeuse d'insectes et autres arthropodes,false,false,true,false,false,3,pere_interdit,OWL_ANS,tronc_composition,2479
W58,XX,XX/W58.md,Morsure ou coup donné par un crocodile ou un alligator,false,false,true,false,false,3,pere_interdit,OWL_ANS,tronc_composition,2469
W59,XX,XX/W59.md,Morsure ou écrasement par d'autres reptiles,true,false,true,false,false,3,pere_interdit,OWL_ANS,tronc_composition,2542
W60,XX,XX/W60.md,Contact avec des épines de plantes et des feuilles acérées,false,false,true,false,false,3,pere_interdit,OWL_ANS,tronc_composition,2473
W64,XX,XX/W64.md,"Exposition à des forces animées, autres et sans précision",false,false,true,false,false,3,pere_interdit,OWL_ANS,tronc_composition,2472
W65,XX,XX/W65.md,Noyade et submersion dans une baignoire,false,false,true,false,false,3,pere_interdit,OWL_ANS,tronc_composition,2487
W66,XX,XX/W66.md,Noyade et submersion consécutives à une chute dans une baignoire,false,false,true,false,false,3,pere_interdit,OWL_ANS,tronc_composition,2512
W67,XX,XX/W67.md,Noyade et submersion dans une piscine,false,false,true,false,false,3,pere_interdit,OWL_ANS,tronc_composition,2485
W68,XX,XX/W68.md,Noyade et submersion consécutives à une chute dans une piscine,false,false,true,false,false,3,pere_interdit,OWL_ANS,tronc_composition,2510
W69,XX,XX/W69.md,Noyade et submersion dans des eaux naturelles,true,false,true,false,false,3,pere_interdit,OWL_ANS,tronc_composition,2691
W70,XX,XX/W70.md,Noyade et submersion consécutives à une chute dans des eaux naturelles,false,false,true,false,false,3,pere_interdit,OWL_ANS,tronc_composition,2518
W73,XX,XX/W73.md,Autres formes de noyade et submersion précisées,true,false,true,false,false,3,pere_interdit,OWL_ANS,tronc_composition,2630
W74,XX,XX/W74.md,"Noyade et submersion, sans précision",true,false,true,false,false,3,pere_interdit,OWL_ANS,tronc_composition,2572
W75,XX,XX/W75.md,Suffocation et strangulation accidentelles dans un lit,true,false,false,false,false,3,pere_interdit,OWL_ANS,tronc_composition,2544
W76,XX,XX/W76.md,Autre pendaison et strangulation accidentelles,false,false,false,false,false,3,pere_interdit,OWL_ANS,tronc_composition,2325
W77,XX,XX/W77.md,"Danger pour la respiration dû à un affaissement du sol, une coulée de terre et d'autres substances",true,false,true,false,false,3,pere_interdit,OWL_ANS,tronc_composition,2618
W78,XX,XX/W78.md,Inhalation du contenu de l'estomac,true,false,true,false,false,3,pere_interdit,OWL_ANS,tronc_composition,3162
W79,XX,XX/W79.md,Inhalation et ingestion d'aliments provoquant une obstruction des voies respiratoires,true,false,true,false,false,3,pere_interdit,OWL_ANS,tronc_composition,3313
W80,XX,XX/W80.md,Inhalation et ingestion d'autres objets provoquant une obstruction des voies respiratoires,true,false,true,false,false,3,pere_interdit,OWL_ANS,tronc_composition,3430
W81,XX,XX/W81.md,Confinement ou emprisonnement dans un environnement pauvre en oxygène,true,false,true,false,false,3,pere_interdit,OWL_ANS,tronc_composition,2640
W83,XX,XX/W83.md,Autres dangers pour la respiration,true,false,false,false,false,3,pere_interdit,OWL_ANS,tronc_composition,2408
W84,XX,XX/W84.md,"Danger pour la respiration, sans précision",true,false,false,false,false,3,pere_interdit,OWL_ANS,tronc_composition,2423
W85,XX,XX/W85.md,Exposition aux lignes électriques,false,false,true,false,false,3,pere_interdit,OWL_ANS,tronc_composition,2818
W86,XX,XX/W86.md,Exposition à d'autres formes précisées de courant électrique,false,false,true,false,false,3,pere_interdit,OWL_ANS,tronc_composition,2845
W87,XX,XX/W87.md,"Exposition au courant électrique, sans précision",true,false,true,false,false,3,pere_interdit,OWL_ANS,tronc_composition,2995
W88,XX,XX/W88.md,Exposition aux rayonnements ionisants,true,false,true,false,false,3,pere_interdit,OWL_ANS,tronc_composition,2908
W89,XX,XX/W89.md,Exposition à une source lumineuse artificielle visible et aux ultraviolets,true,false,true,false,false,3,pere_interdit,OWL_ANS,tronc_composition,2945
W90,XX,XX/W90.md,Exposition à d'autres rayonnements non ionisants,true,false,true,false,false,3,pere_interdit,OWL_ANS,tronc_composition,2966
W91,XX,XX/W91.md,"Exposition aux rayonnements, sans précision",false,false,true,false,false,3,pere_interdit,OWL_ANS,tronc_composition,2828
W92,XX,XX/W92.md,Exposition à une chaleur artificielle excessive,false,false,true,false,false,3,pere_interdit,OWL_ANS,tronc_composition,2832
W93,XX,XX/W93.md,Exposition à un froid artificiel excessif,true,false,true,false,false,3,pere_interdit,OWL_ANS,tronc_composition,3110
W94,XX,XX/W94.md,Exposition à une dépression et une hyperpression et à des changements de pression barométriques,true,false,true,false,false,3,pere_interdit,OWL_ANS,tronc_composition,3643
W99,XX,XX/W99.md,"Exposition à des facteurs propres à un environnement artificiel, autres et sans précision",false,false,true,false,false,3,pere_interdit,OWL_ANS,tronc_composition,2874
X00,XX,XX/X00.md,"Exposition à un feu non maitrisé, dans un bâtiment ou un ouvrage",true,false,true,false,false,3,pere_interdit,OWL_ANS,tronc_composition,3016
X01,XX,XX/X01.md,"Exposition à un feu non maitrisé, hors d'un bâtiment ou d'un ouvrage",true,false,true,false,false,3,pere_interdit,OWL_ANS,tronc_composition,2682
X02,XX,XX/X02.md,"Exposition à un feu maitrisé, dans un bâtiment ou un ouvrage",true,false,true,false,false,3,pere_interdit,OWL_ANS,tronc_composition,2694
X03,XX,XX/X03.md,"Exposition à un feu maitrisé, hors d'un bâtiment ou d'un ouvrage",true,false,true,false,false,3,pere_interdit,OWL_ANS,tronc_composition,2672
X04,XX,XX/X04.md,Exposition à l'inflammation d'une substance très inflammable,true,false,true,false,false,3,pere_interdit,OWL_ANS,tronc_composition,2733
X05,XX,XX/X05.md,Exposition à l'inflammation ou la fonte de vêtements de nuit,true,false,true,false,false,3,pere_interdit,OWL_ANS,tronc_composition,2633
X06,XX,XX/X06.md,Exposition à l'inflammation ou la fonte d'autres vêtements et parures,true,false,true,false,false,3,pere_interdit,OWL_ANS,tronc_composition,2748
X08,XX,XX/X08.md,"Exposition à d'autres fumées, feux et flammes précisés",true,false,true,false,false,3,pere_interdit,OWL_ANS,tronc_composition,2627
X09,XX,XX/X09.md,"Exposition à la fumée, au feu et aux flammes, sans précision",true,false,true,false,false,3,pere_interdit,OWL_ANS,tronc_composition,2687
X10,XX,XX/X10.md,"Contact avec des boissons, aliments, graisses comestibles et huiles de cuisson brulants",false,false,true,false,false,3,pere_interdit,OWL_ANS,tronc_composition,2555
X11,XX,XX/X11.md,Contact avec de l'eau bouillante provenant d'un robinet,true,false,true,false,false,3,pere_interdit,OWL_ANS,tronc_composition,2799
X12,XX,XX/X12.md,Contact avec d'autres liquides brulants,true,false,true,false,false,3,pere_interdit,OWL_ANS,tronc_composition,2664
X13,XX,XX/X13.md,Contact avec de la vapeur d'eau et des vapeurs brulantes,false,false,true,false,false,3,pere_interdit,OWL_ANS,tronc_composition,2524
X14,XX,XX/X14.md,Contact avec de l'air et des gaz brulants,true,false,true,false,false,3,pere_interdit,OWL_ANS,tronc_composition,2599
X15,XX,XX/X15.md,Contact avec des appareils ménagers brulants,true,false,true,false,false,3,pere_interdit,OWL_ANS,tronc_composition,2751
X16,XX,XX/X16.md,"Contact avec des appareils de chauffage, radiateurs et tuyaux brulants",false,false,true,false,false,3,pere_interdit,OWL_ANS,tronc_composition,2538
X17,XX,XX/X17.md,"Contact avec des moteurs, des machines et des outils brulants",false,false,true,false,false,3,pere_interdit,OWL_ANS,tronc_composition,2667
X18,XX,XX/X18.md,Contact avec d'autres métaux chauffés,true,false,true,false,false,3,pere_interdit,OWL_ANS,tronc_composition,2575
X19,XX,XX/X19.md,"Contact avec des sources de chaleur et des substances brulantes, autres et sans précision",false,false,true,false,false,3,pere_interdit,OWL_ANS,tronc_composition,2703
X20,XX,XX/X20.md,Contact avec des serpents et des lézards venimeux,true,false,true,false,false,3,pere_interdit,OWL_ANS,tronc_composition,3173
X21,XX,XX/X21.md,Contact avec des araignées venimeuses,true,false,true,false,false,3,pere_interdit,OWL_ANS,tronc_composition,2967
X22,XX,XX/X22.md,Contact avec des scorpions,true,false,true,false,false,3,pere_interdit,OWL_ANS,tronc_composition,2909
X23,XX,XX/X23.md,"Contact avec des frelons, guêpes et abeilles",true,false,true,false,false,3,pere_interdit,OWL_ANS,tronc_composition,2979
X24,XX,XX/X24.md,Contact avec des centipodes et myriapodes venimeux (tropicaux),true,false,true,false,false,3,pere_interdit,OWL_ANS,tronc_composition,2945
X25,XX,XX/X25.md,Contact avec d'autres arthropodes venimeux,true,false,true,false,false,3,pere_interdit,OWL_ANS,tronc_composition,2966
X26,XX,XX/X26.md,Contact avec des animaux venimeux marins et des plantes vénéneuses marines,true,false,true,false,false,3,pere_interdit,OWL_ANS,tronc_composition,3148
X27,XX,XX/X27.md,Contact avec d'autres animaux venimeux précisés,true,false,true,false,false,3,pere_interdit,OWL_ANS,tronc_composition,2930
X28,XX,XX/X28.md,Contact avec d'autres plantes vénéneuses précisées,true,false,true,false,false,3,pere_interdit,OWL_ANS,tronc_composition,3187
X29,XX,XX/X29.md,"Contact avec un animal venimeux ou une plante vénéneuse, sans précision",true,false,true,false,false,3,pere_interdit,OWL_ANS,tronc_composition,3024
X30,XX,XX/X30.md,Exposition à une chaleur naturelle excessive,true,false,true,false,false,3,pere_interdit,OWL_ANS,tronc_composition,2536
X31,XX,XX/X31.md,Exposition à un froid naturel excessif,true,false,true,false,false,3,pere_interdit,OWL_ANS,tronc_composition,2702
X32,XX,XX/X32.md,Exposition à la lumière solaire,false,false,false,false,false,3,pere_interdit,OWL_ANS,tronc_composition,2303
X33,XX,XX/X33.md,Victime de la foudre,false,false,true,false,false,3,pere_interdit,OWL_ANS,tronc_composition,2489
X34.0,XX,XX/X34.0.md,Victime de mouvements telluriques cataclysmiques causés par un tremblement de terre,true,false,false,false,false,2,cause_externe,OWL_ANS,emissible,2346
X34.1,XX,XX/X34.1.md,Victime de tsunami,false,false,false,false,false,2,cause_externe,OWL_ANS,emissible,2126
X34.8,XX,XX/X34.8.md,Victime d'autres effets précisés de tremblement de terre,false,false,true,false,false,2,cause_externe,OWL_ANS,emissible,2353
X34.9,XX,XX/X34.9.md,"Victime de tremblement de terre, sans précision",false,false,false,false,false,2,cause_externe,OWL_ANS,emissible,2155
X35,XX,XX/X35.md,Victime d'éruption volcanique,false,false,false,false,false,3,pere_interdit,OWL_ANS,tronc_composition,2301
X36,XX,XX/X36.md,"Victime d'avalanche, glissement de terrain et autres mouvements telluriques",true,false,true,false,false,3,pere_interdit,OWL_ANS,tronc_composition,2672
X37,XX,XX/X37.md,Victime de tempête cataclysmique,true,false,true,false,false,3,pere_interdit,OWL_ANS,tronc_composition,2740
X38,XX,XX/X38.md,Victime d'inondation,true,false,true,false,false,3,pere_interdit,OWL_ANS,tronc_composition,2717
X39,XX,XX/X39.md,"Exposition à des forces de la nature, autres et sans précision",true,false,true,false,false,3,pere_interdit,OWL_ANS,tronc_composition,2532
X40,XX,XX/X40.md,"Intoxication accidentelle par des analgésiques, antipyrétiques et antirhumatismaux, non opiacés et exposition à ces produits",true,false,true,true,false,3,pere_interdit,OWL_ANS,tronc_composition,4637
X41,XX,XX/X41.md,"Intoxication accidentelle par des antiépileptiques, sédatifs, hypnotiques, antiparkinsoniens et psychotropes et exposition à ces produits, non classés ailleurs",true,false,true,true,false,3,pere_interdit,OWL_ANS,tronc_composition,4743
X42,XX,XX/X42.md,"Intoxication accidentelle par des narcotiques et psychodysleptiques [hallucinogènes] et exposition à ces produits, non classés ailleurs",true,false,true,true,false,3,pere_interdit,OWL_ANS,tronc_composition,4650
X43,XX,XX/X43.md,Intoxication accidentelle par d'autres substances pharmacologiques agissant sur le système nerveux autonome et exposition à ces substances,true,false,true,true,false,3,pere_interdit,OWL_ANS,tronc_composition,4730
X44,XX,XX/X44.md,"Intoxication accidentelle par des médicaments et substances biologiques et exposition à ces produits, autres et sans précision",true,false,true,true,false,3,pere_interdit,OWL_ANS,tronc_composition,5048
X45,XX,XX/X45.md,Intoxication accidentelle par l'alcool et exposition à l'alcool,true,false,true,false,false,3,pere_interdit,OWL_ANS,tronc_composition,4202
X46,XX,XX/X46.md,Intoxication accidentelle par des solvants organiques et des hydrocarbures halogénés et leurs émanations et exposition à ces produits,true,false,true,false,false,3,pere_interdit,OWL_ANS,tronc_composition,4192
X47.0,XX,XX/X47.0.md,Intoxication accidentelle par le monoxyde de carbone issu de gaz d'échappement de moteur,true,false,true,false,false,2,cause_externe,OWL_ANS,emissible,4583
X47.1,XX,XX/X47.1.md,Intoxication accidentelle par le monoxyde de carbone issu de gaz domestique,true,false,true,false,false,2,cause_externe,OWL_ANS,emissible,4453
X47.2,XX,XX/X47.2.md,Intoxication accidentelle par le monoxyde de carbone issu d'autres combustibles domestiques,true,false,true,false,false,2,cause_externe,OWL_ANS,emissible,4714
X47.3,XX,XX/X47.3.md,Intoxication accidentelle par le monoxyde de carbone issu d'autres sources,true,false,true,false,false,2,cause_externe,OWL_ANS,emissible,4403
X47.4,XX,XX/X47.4.md,Intoxication accidentelle par le monoxyde de carbone de source non précisée,true,false,true,false,false,2,cause_externe,OWL_ANS,emissible,4226
X47.8,XX,XX/X47.8.md,Intoxication accidentelle par d'autres gaz et vapeurs,true,false,true,false,false,2,cause_externe,OWL_ANS,emissible,4889
X47.9,XX,XX/X47.9.md,Intoxication accidentelle par gaz et vapeurs non précisés,true,false,true,false,false,2,cause_externe,OWL_ANS,emissible,4179
X48,XX,XX/X48.md,Intoxication accidentelle par des pesticides et exposition à ces produits,true,false,true,false,false,3,pere_interdit,OWL_ANS,tronc_composition,4197
X49,XX,XX/X49.md,"Intoxication accidentelle par des produits chimiques et substances nocives et exposition à ces produits, autres et sans précision",true,false,true,false,false,3,pere_interdit,OWL_ANS,tronc_composition,4651
X50,XX,XX/X50.md,Surmenage et mouvements épuisants ou répétés,true,false,true,false,false,3,pere_interdit,OWL_ANS,tronc_composition,2588
X51,XX,XX/X51.md,Voyage et mouvement,false,false,true,false,false,3,pere_interdit,OWL_ANS,tronc_composition,2427
X52,XX,XX/X52.md,Séjour prolongé en apesanteur,true,false,true,false,false,2,cause_externe,OWL_ANS,emissible,1391
X53,XX,XX/X53.md,Privation d'aliments,true,false,true,false,false,3,pere_interdit,OWL_ANS,tronc_composition,2827
X54,XX,XX/X54.md,Privation d'eau,true,false,true,false,false,3,pere_interdit,OWL_ANS,tronc_composition,2776
X57,XX,XX/X57.md,"Privation, sans précision",true,false,true,false,false,3,pere_interdit,OWL_ANS,tronc_composition,2497
X58,XX,XX/X58.md,Exposition à d'autres facteurs précisés,false,false,false,false,false,3,pere_interdit,OWL_ANS,tronc_composition,2341
X59,XX,XX/X59.md,"Exposition à des facteurs, sans précision",false,false,false,false,false,3,pere_interdit,OWL_ANS,tronc_composition,1093
X59.0,XX,XX/X59.0.md,Exposition à des facteurs non précisés responsables de fracture,true,false,false,false,false,2,cause_externe,OWL_ANS,emissible,1326
X59.9,XX,XX/X59.9.md,Exposition à des facteurs non précisés responsables de lésions autres et non précisées,true,false,false,false,false,2,cause_externe,OWL_ANS,emissible,1402
X60,XX,XX/X60.md,"Auto-intoxication par des analgésiques, antipyrétiques et antirhumatismaux non opiacés et exposition à ces produits",true,false,false,true,false,3,pere_interdit,OWL_ANS,tronc_composition,3582
X61,XX,XX/X61.md,"Auto-intoxication par des antiépileptiques, sédatifs, hypnotiques, antiparkinsoniens et psychotropes et exposition à ces produits, non classés ailleurs",true,false,false,true,false,3,pere_interdit,OWL_ANS,tronc_composition,3689
X62,XX,XX/X62.md,"Auto-intoxication par des narcotiques et psychodysleptiques [hallucinogènes] et exposition à ces produits, non classés ailleurs",true,false,false,true,false,3,pere_interdit,OWL_ANS,tronc_composition,3596
X63,XX,XX/X63.md,Auto-intoxication par d'autres substances pharmacologiques agissant sur le système nerveux autonome et exposition à ces produits,true,false,false,true,false,3,pere_interdit,OWL_ANS,tronc_composition,3674
X64,XX,XX/X64.md,"Auto-intoxication par des médicaments et substances biologiques et exposition à ces produits, autres et sans précision",true,false,false,true,false,3,pere_interdit,OWL_ANS,tronc_composition,4055
X65,XX,XX/X65.md,Auto-intoxication par l'alcool et exposition à l'alcool,true,false,false,true,false,3,pere_interdit,OWL_ANS,tronc_composition,3212
X66,XX,XX/X66.md,Auto-intoxication par des solvants organiques et des hydrocarbures halogénés et leurs émanations et exposition à ces produits,true,false,false,true,false,3,pere_interdit,OWL_ANS,tronc_composition,3202
X67.0,XX,XX/X67.0.md,Auto-intoxication  par le monoxyde de carbone issu de gaz d'échappement de moteur,true,false,true,true,false,2,cause_externe,OWL_ANS,emissible,3466
X67.1,XX,XX/X67.1.md,Auto-intoxication  par le monoxyde de carbone issu de gaz domestique,true,false,true,true,false,2,cause_externe,OWL_ANS,emissible,3482
X67.2,XX,XX/X67.2.md,Auto-intoxication par le monoxyde de carbone issu d'autres combustibles domestiques,true,false,true,true,false,2,cause_externe,OWL_ANS,emissible,3742
X67.3,XX,XX/X67.3.md,Auto-intoxication par le monoxyde de carbone issu d'autres sources,true,false,true,true,false,2,cause_externe,OWL_ANS,emissible,3431
X67.4,XX,XX/X67.4.md,Auto-intoxication par le monoxyde de carbone de source non précisée,true,false,true,true,false,2,cause_externe,OWL_ANS,emissible,3254
X67.8,XX,XX/X67.8.md,Auto-intoxication par d'autres gaz et vapeurs,true,false,true,true,false,2,cause_externe,OWL_ANS,emissible,3879
X67.9,XX,XX/X67.9.md,Auto-intoxication par gaz et vapeurs non précisés,true,false,true,true,false,2,cause_externe,OWL_ANS,emissible,3207
X68,XX,XX/X68.md,Auto-intoxication par des pesticides et exposition à ces produits,true,false,true,true,false,3,pere_interdit,OWL_ANS,tronc_composition,3228
X69,XX,XX/X69.md,"Auto-intoxication par des produits chimiques et substances nocives et exposition à ces produits, autres et sans précision",true,false,false,true,false,3,pere_interdit,OWL_ANS,tronc_composition,3336
X70,XX,XX/X70.md,"Lésion auto-infligée par pendaison, strangulation et suffocation",true,false,false,true,false,3,pere_interdit,OWL_ANS,tronc_composition,3001
X71,XX,XX/X71.md,Lésion auto-infligée par noyade et submersion,true,false,false,true,false,3,pere_interdit,OWL_ANS,tronc_composition,2982
X72,XX,XX/X72.md,Lésion auto-infligée par décharge d'une arme de poing,true,false,false,true,false,3,pere_interdit,OWL_ANS,tronc_composition,2990
X73,XX,XX/X73.md,"Lésion auto-infligée par décharge de fusil, de carabine et d'arme de plus grande taille",true,false,false,true,false,3,pere_interdit,OWL_ANS,tronc_composition,3024
X74,XX,XX/X74.md,"Lésion auto-infligée par décharge d'armes à feu, autres et sans précision",true,false,false,true,false,3,pere_interdit,OWL_ANS,tronc_composition,3010
X75,XX,XX/X75.md,Lésion auto-infligée par utilisation de matériel explosif,true,false,false,true,false,3,pere_interdit,OWL_ANS,tronc_composition,2994
X76,XX,XX/X76.md,"Lésion auto-infligée par exposition à la fumée, au feu et aux flammes",true,false,false,true,false,3,pere_interdit,OWL_ANS,tronc_composition,3006
X77,XX,XX/X77.md,"Lésion auto-infligée par exposition à la vapeur d'eau, à des gaz et objets brulants",true,false,false,true,false,3,pere_interdit,OWL_ANS,tronc_composition,3020
X78,XX,XX/X78.md,Lésion auto-infligée par utilisation d'objet tranchant,true,false,false,true,false,3,pere_interdit,OWL_ANS,tronc_composition,2991
X79,XX,XX/X79.md,Lésion auto-infligée par utilisation d'objet contondant,true,false,false,true,false,3,pere_interdit,OWL_ANS,tronc_composition,2992
X80,XX,XX/X80.md,Lésion auto-infligée par saut dans le vide,true,false,false,true,false,3,pere_interdit,OWL_ANS,tronc_composition,3046
X81,XX,XX/X81.md,Lésion auto-infligée en sautant ou en se couchant devant un objet en mouvement,true,false,false,true,false,3,pere_interdit,OWL_ANS,tronc_composition,3015
X82,XX,XX/X82.md,Lésion auto-infligée par collision d'un véhicule à moteur,true,false,true,true,false,3,pere_interdit,OWL_ANS,tronc_composition,3232
X83,XX,XX/X83.md,Lésion auto-infligée par d'autres moyens précisés,true,false,false,true,false,3,pere_interdit,OWL_ANS,tronc_composition,3164
X84,XX,XX/X84.md,Lésion auto-infligée par un moyen non précisé,true,false,false,true,false,3,pere_interdit,OWL_ANS,tronc_composition,2982
X85,XX,XX/X85.md,Agression par médicaments et substances biologiques,true,false,true,false,false,3,pere_interdit,OWL_ANS,tronc_composition,2881
X86,XX,XX/X86.md,Agression par une substance corrosive,true,false,true,false,false,3,pere_interdit,OWL_ANS,tronc_composition,2741
X87,XX,XX/X87.md,Agression par des pesticides,true,false,true,false,false,3,pere_interdit,OWL_ANS,tronc_composition,2790
X88.0,XX,XX/X88.0.md,Agression  par le monoxyde de carbone issu de gaz d'échappement de moteur,true,false,true,false,false,2,cause_externe,OWL_ANS,emissible,2892
X88.1,XX,XX/X88.1.md,Agression  par le monoxyde de carbone issu de gaz domestique,true,false,true,false,false,2,cause_externe,OWL_ANS,emissible,2908
X88.2,XX,XX/X88.2.md,Agression par le monoxyde de carbone issu d'autres combustibles domestiques,true,false,true,false,false,2,cause_externe,OWL_ANS,emissible,3168
X88.3,XX,XX/X88.3.md,Agression par le monoxyde de carbone issu d'autres sources,true,false,true,false,false,2,cause_externe,OWL_ANS,emissible,2857
X88.4,XX,XX/X88.4.md,Agression par le monoxyde de carbone de source non précisée,true,false,true,false,false,2,cause_externe,OWL_ANS,emissible,2680
X88.8,XX,XX/X88.8.md,Agression par d'autres gaz et vapeurs,true,false,true,false,false,2,cause_externe,OWL_ANS,emissible,3195
X88.9,XX,XX/X88.9.md,Agression par gaz et vapeurs non précisés,true,false,true,false,false,2,cause_externe,OWL_ANS,emissible,2633
X89,XX,XX/X89.md,Agression par d'autres produits chimiques et nocifs précisés,true,false,true,false,false,3,pere_interdit,OWL_ANS,tronc_composition,2744
X90,XX,XX/X90.md,"Agression par un produit chimique ou nocif, sans précision",true,false,true,false,false,3,pere_interdit,OWL_ANS,tronc_composition,2757
X91,XX,XX/X91.md,"Agression par pendaison, strangulation et suffocation",true,false,true,false,false,3,pere_interdit,OWL_ANS,tronc_composition,2697
X92,XX,XX/X92.md,Agression par noyade et submersion,true,false,true,false,false,3,pere_interdit,OWL_ANS,tronc_composition,2678
X93,XX,XX/X93.md,Agression par arme de poing,true,false,true,false,false,3,pere_interdit,OWL_ANS,tronc_composition,2671
X94,XX,XX/X94.md,"Agression par fusil, carabine et arme de plus grande taille",true,false,true,false,false,3,pere_interdit,OWL_ANS,tronc_composition,2703
X95,XX,XX/X95.md,"Agression par des armes à feu, autres et sans précision",true,false,true,false,false,3,pere_interdit,OWL_ANS,tronc_composition,2699
X96,XX,XX/X96.md,Agression par matériel explosif,true,false,true,false,false,3,pere_interdit,OWL_ANS,tronc_composition,2745
X97,XX,XX/X97.md,"Agression par la fumée, le feu et les flammes",true,false,true,false,false,3,pere_interdit,OWL_ANS,tronc_composition,2770
X98,XX,XX/X98.md,"Agression par la vapeur d'eau, des gaz et objets brulants",true,false,true,false,false,3,pere_interdit,OWL_ANS,tronc_composition,2701
X99,XX,XX/X99.md,Agression par objet tranchant,true,false,true,false,false,3,pere_interdit,OWL_ANS,tronc_composition,2716
Y00,XX,XX/Y00.md,Agression par objet contondant,true,false,true,false,false,3,pere_interdit,OWL_ANS,tronc_composition,2674
Y01,XX,XX/Y01.md,Agression par précipitation dans le vide,true,false,true,false,false,3,pere_interdit,OWL_ANS,tronc_composition,2684
Y02,XX,XX/Y02.md,Agression en poussant ou plaçant la victime devant un objet en mouvement,true,false,true,false,false,3,pere_interdit,OWL_ANS,tronc_composition,2716
Y03,XX,XX/Y03.md,Agression en provoquant une collision de véhicule à moteur,true,false,true,false,false,3,pere_interdit,OWL_ANS,tronc_composition,2781
Y04,XX,XX/Y04.md,Agression par la force physique,true,false,true,false,false,3,pere_interdit,OWL_ANS,tronc_composition,2936
Y05,XX,XX/Y05.md,Agression sexuelle par la force physique,true,false,true,false,false,3,pere_interdit,OWL_ANS,tronc_composition,2752
Y06.0,XX,XX/Y06.0.md,Délaissement et abandon par le conjoint ou le partenaire,true,false,true,false,false,2,cause_externe,OWL_ANS,emissible,1555
Y06.1,XX,XX/Y06.1.md,Délaissement et abandon par un(e) parent(e),true,false,true,false,false,2,cause_externe,OWL_ANS,emissible,1542
Y06.2,XX,XX/Y06.2.md,Délaissement et abandon par une relation ou un(e) ami(e),true,false,true,false,false,2,cause_externe,OWL_ANS,emissible,1555
Y06.8,XX,XX/Y06.8.md,Délaissement et abandon par d'autres personnes précisées,true,false,true,false,false,2,cause_externe,OWL_ANS,emissible,1790
Y06.9,XX,XX/Y06.9.md,Délaissement et abandon par une personne non précisée,true,false,true,false,false,2,cause_externe,OWL_ANS,emissible,1552
Y07.0,XX,XX/Y07.0.md,Autres mauvais traitements par le conjoint ou le partenaire,true,false,true,false,false,2,cause_externe,OWL_ANS,emissible,1876
Y07.1,XX,XX/Y07.1.md,Autres mauvais traitements par un(e) parent(e),true,false,true,false,false,2,cause_externe,OWL_ANS,emissible,1863
Y07.2,XX,XX/Y07.2.md,Autres mauvais traitements par une relation ou un(e) ami(e),true,false,true,false,false,2,cause_externe,OWL_ANS,emissible,1876
Y07.3,XX,XX/Y07.3.md,Autres mauvais traitements par des autorités officielles,true,false,true,false,false,2,cause_externe,OWL_ANS,emissible,1873
Y07.8,XX,XX/Y07.8.md,Autres mauvais traitements par d'autres personnes précisées,true,false,true,false,false,2,cause_externe,OWL_ANS,emissible,2189
Y07.9,XX,XX/Y07.9.md,Autres mauvais traitements par une personne non précisée,true,false,true,false,false,2,cause_externe,OWL_ANS,emissible,1844
Y08,XX,XX/Y08.md,Agression par d'autres moyens précisés,true,false,true,false,false,3,pere_interdit,OWL_ANS,tronc_composition,2682
Y09,XX,XX/Y09.md,Agression par un moyen non précisé,true,false,true,false,false,3,pere_interdit,OWL_ANS,tronc_composition,2815
Y10,XX,XX/Y10.md,"Intoxication par des analgésiques, antipyrétiques et antirhumatismaux non opiacés et exposition à ces produits, intention non déterminée",true,false,false,false,false,3,pere_interdit,OWL_ANS,tronc_composition,2993
Y11,XX,XX/Y11.md,"Intoxication par des antiépileptiques, sédatifs, hypnotiques, antiparkinsoniens et psychotropes et exposition à ces produits, non classés ailleurs, intention non déterminée",true,false,false,false,false,3,pere_interdit,OWL_ANS,tronc_composition,3100
Y12,XX,XX/Y12.md,"Intoxication par des narcotiques et psychodysleptiques [hallucinogènes] et exposition à ces produits, non classés ailleurs, intention non déterminée",true,false,false,false,false,3,pere_interdit,OWL_ANS,tronc_composition,3007
Y13,XX,XX/Y13.md,"Intoxication par d'autres substances pharmacologiques agissant sur le système nerveux autonome et exposition à ces produits, intention non déterminée",true,false,false,false,false,3,pere_interdit,OWL_ANS,tronc_composition,3085
Y14,XX,XX/Y14.md,"Intoxication par des médicaments et substances biologiques, autres et sans précision et exposition à ces produits, intention non déterminée",true,false,false,false,false,3,pere_interdit,OWL_ANS,tronc_composition,3411
Y15,XX,XX/Y15.md,"Intoxication par l'alcool et exposition à l'alcool, intention non déterminée",true,false,false,false,false,3,pere_interdit,OWL_ANS,tronc_composition,3009
Y16,XX,XX/Y16.md,"Intoxication par des solvants organiques et des hydrocarbures halogénés et leurs émanations et exposition à ces produits, intention non déterminée",true,false,false,false,false,3,pere_interdit,OWL_ANS,tronc_composition,2999
Y17.0,XX,XX/Y17.0.md,"Intoxication  par le monoxyde de carbone issu de gaz d'échappement de moteur, intention non déterminée",true,false,true,false,false,2,cause_externe,OWL_ANS,emissible,3274
Y17.1,XX,XX/Y17.1.md,Intoxication  par le monoxyde de carbone issu de gaz domestique,true,false,true,false,false,2,cause_externe,OWL_ANS,emissible,3264
Y17.2,XX,XX/Y17.2.md,"Intoxication par le monoxyde de carbone issu d'autres combustibles domestiques, intention non déterminée",true,false,true,false,false,2,cause_externe,OWL_ANS,emissible,3550
Y17.3,XX,XX/Y17.3.md,"Intoxication par le monoxyde de carbone issu d'autres sources, intention non déterminée",true,false,true,false,false,2,cause_externe,OWL_ANS,emissible,3239
Y17.4,XX,XX/Y17.4.md,"Intoxication par le monoxyde de carbone de source non précisée, intention non déterminée",true,false,true,false,false,2,cause_externe,OWL_ANS,emissible,3062
Y17.8,XX,XX/Y17.8.md,Intoxication par d'autres gaz et vapeurs,true,false,true,false,false,2,cause_externe,OWL_ANS,emissible,3740
Y17.9,XX,XX/Y17.9.md,Intoxication par gaz et vapeurs non précisés,true,false,true,false,false,2,cause_externe,OWL_ANS,emissible,2989
Y18,XX,XX/Y18.md,"Intoxication par des pesticides et exposition à ces produits, intention non déterminée",true,false,true,false,false,3,pere_interdit,OWL_ANS,tronc_composition,3025
Y19,XX,XX/Y19.md,"Intoxication par des produits chimiques et substances nocives et exposition à ces produits, autres et sans précision, intention non déterminée",true,false,false,false,false,3,pere_interdit,OWL_ANS,tronc_composition,3116
Y20,XX,XX/Y20.md,"Pendaison, strangulation et suffocation, intention non déterminée",false,false,false,false,false,3,pere_interdit,OWL_ANS,tronc_composition,2747
Y21,XX,XX/Y21.md,"Noyade et submersion, intention non déterminée",false,false,false,false,false,3,pere_interdit,OWL_ANS,tronc_composition,2728
Y22,XX,XX/Y22.md,"Décharge d'une arme de poing, intention non déterminée",false,false,false,false,false,3,pere_interdit,OWL_ANS,tronc_composition,2736
Y23,XX,XX/Y23.md,"Décharge de fusil, de carabine et d'arme de plus grande taille, intention non déterminée",false,false,false,false,false,3,pere_interdit,OWL_ANS,tronc_composition,2770
Y24,XX,XX/Y24.md,"Décharge d'armes à feu, autres et sans précision, intention non déterminée",false,false,false,false,false,3,pere_interdit,OWL_ANS,tronc_composition,2756
Y25,XX,XX/Y25.md,"Contact avec matériel explosif, intention non déterminée",false,false,false,false,false,3,pere_interdit,OWL_ANS,tronc_composition,2738
Y26,XX,XX/Y26.md,"Exposition à la fumée, au feu et aux flammes, intention non déterminée",false,false,false,false,false,3,pere_interdit,OWL_ANS,tronc_composition,2752
Y27,XX,XX/Y27.md,"Contact avec de la vapeur d'eau, des gaz et objets brulants, intention non déterminée",false,false,false,false,false,3,pere_interdit,OWL_ANS,tronc_composition,2767
Y28,XX,XX/Y28.md,"Contact avec objet tranchant, intention non déterminée",false,false,false,false,false,3,pere_interdit,OWL_ANS,tronc_composition,2736
Y29,XX,XX/Y29.md,"Contact avec objet contondant, intention non déterminée",false,false,false,false,false,3,pere_interdit,OWL_ANS,tronc_composition,2737
Y30,XX,XX/Y30.md,"Chute, saut ou précipitation dans le vide, intention non déterminée",true,false,false,false,false,3,pere_interdit,OWL_ANS,tronc_composition,2872
Y31,XX,XX/Y31.md,"Lésion traumatique par un objet en mouvement (la victime étant tombée ou couchée devant l'objet ou entrée en collision avec celui-ci), intention non déterminée",false,false,false,false,false,3,pere_interdit,OWL_ANS,tronc_composition,2841
Y32,XX,XX/Y32.md,"Collision de véhicule à moteur, intention non déterminée",false,false,false,false,false,3,pere_interdit,OWL_ANS,tronc_composition,2738
Y33,XX,XX/Y33.md,"Autres événements précisés, intention non déterminée",false,false,false,false,false,3,pere_interdit,OWL_ANS,tronc_composition,2734
Y34,XX,XX/Y34.md,"Evénement sans précision, intention non déterminée",false,false,false,false,false,3,pere_interdit,OWL_ANS,tronc_composition,2259
Y35.0,XX,XX/Y35.0.md,Intervention de la force publique impliquant l'usage d'armes à feu,true,false,false,false,false,2,cause_externe,OWL_ANS,emissible,1621
Y35.1,XX,XX/Y35.1.md,Intervention de la force publique impliquant l'usage d'explosifs,true,false,false,false,false,2,cause_externe,OWL_ANS,emissible,1584
Y35.2,XX,XX/Y35.2.md,Intervention de la force publique impliquant l'usage de gaz,true,false,false,false,false,2,cause_externe,OWL_ANS,emissible,1538
Y35.3,XX,XX/Y35.3.md,Intervention de la force publique impliquant l'usage d'objets contondants,true,false,false,false,false,2,cause_externe,OWL_ANS,emissible,1575
Y35.4,XX,XX/Y35.4.md,Intervention de la force publique impliquant l'usage d'objets tranchants,true,false,false,false,false,2,cause_externe,OWL_ANS,emissible,1539
Y35.5,XX,XX/Y35.5.md,Exécution légale,true,false,false,false,false,2,cause_externe,OWL_ANS,emissible,2443
Y35.6,XX,XX/Y35.6.md,Intervention de la force publique impliquant d'autres moyens précisés,true,false,false,false,false,2,cause_externe,OWL_ANS,emissible,1489
Y35.7,XX,XX/Y35.7.md,"Intervention de la force publique, moyen non précisé",true,false,false,false,false,2,cause_externe,OWL_ANS,emissible,1438
Y36.0,XX,XX/Y36.0.md,Faits de guerre impliquant l'explosion d'armes navales,true,false,false,false,false,2,cause_externe,OWL_ANS,emissible,1420
Y36.1,XX,XX/Y36.1.md,Faits de guerre impliquant la destruction d'aéronef,true,false,false,false,false,2,cause_externe,OWL_ANS,emissible,1382
Y36.2,XX,XX/Y36.2.md,Faits de guerre impliquant d'autres explosions et éclats,true,false,false,false,false,2,cause_externe,OWL_ANS,emissible,1799
Y36.3,XX,XX/Y36.3.md,"Faits de guerre impliquant des incendies, des conflagrations et des produits brulants",true,false,false,false,false,2,cause_externe,OWL_ANS,emissible,1832
Y36.4,XX,XX/Y36.4.md,Faits de guerre impliquant le tir d'armes à feu et autres moyens de type classique,true,false,false,false,false,2,cause_externe,OWL_ANS,emissible,1512
Y36.5,XX,XX/Y36.5.md,Faits de guerre impliquant des armes nucléaires,true,false,false,false,false,2,cause_externe,OWL_ANS,emissible,1457
Y36.6,XX,XX/Y36.6.md,Faits de guerre impliquant des armes biologiques,true,false,false,false,false,2,cause_externe,OWL_ANS,emissible,1257
Y36.7,XX,XX/Y36.7.md,Faits de guerre impliquant des armes chimiques et autres moyens non classiques,true,false,false,false,false,2,cause_externe,OWL_ANS,emissible,1355
Y36.8,XX,XX/Y36.8.md,Faits de guerre survenu après la cessation des hostilités,true,false,true,false,false,2,cause_externe,OWL_ANS,emissible,2259
Y36.9,XX,XX/Y36.9.md,"Faits de guerre, sans précision",true,false,false,false,false,2,cause_externe,OWL_ANS,emissible,1240
Y40.0,XX,XX/Y40.0.md,Effets indésirables des pénicillines au cours de leur usage thérapeutique,true,false,true,true,false,2,cause_externe,OWL_ANS,emissible,3711
Y40.1,XX,XX/Y40.1.md,Effets indésirables des céphalosporines et autres bêtalactamines au cours de leur usage thérapeutique,true,false,true,true,false,2,cause_externe,OWL_ANS,emissible,3739
Y40.2,XX,XX/Y40.2.md,Effets indésirables des antibiotiques du groupe du chloramphénicol au cours de leur usage thérapeutique,true,false,true,true,false,2,cause_externe,OWL_ANS,emissible,3741
Y40.3,XX,XX/Y40.3.md,Effets indésirables des macrolides au cours de leur usage thérapeutique,true,false,true,true,false,2,cause_externe,OWL_ANS,emissible,3709
Y40.4,XX,XX/Y40.4.md,Effets indésirables des tétracyclines au cours de leur usage thérapeutique,true,false,true,true,false,2,cause_externe,OWL_ANS,emissible,3712
Y40.5,XX,XX/Y40.5.md,Effets indésirables des aminosides au cours de leur usage thérapeutique,true,false,true,true,false,2,cause_externe,OWL_ANS,emissible,3746
Y40.6,XX,XX/Y40.6.md,Effets indésirables des rifamycines au cours de leur usage thérapeutique,true,false,true,true,false,2,cause_externe,OWL_ANS,emissible,3710
Y40.7,XX,XX/Y40.7.md,Effets indésirables des antibiotiques antifongiques systémiques au cours de leur usage thérapeutique,true,false,true,true,false,2,cause_externe,OWL_ANS,emissible,3738
Y40.8,XX,XX/Y40.8.md,Effets indésirables d'autres antibiotiques systémiques au cours de leur usage thérapeutique,true,false,true,true,false,2,cause_externe,OWL_ANS,emissible,4539
Y40.9,XX,XX/Y40.9.md,"Effets indésirables d'un antibiotique systémique, sans précision au cours de son usage thérapeutique",true,false,true,true,false,2,cause_externe,OWL_ANS,emissible,3709
Y41.0,XX,XX/Y41.0.md,Effets indésirables des sulfamides au cours de leur usage thérapeutique,true,false,true,true,false,2,cause_externe,OWL_ANS,emissible,3680
Y41.1,XX,XX/Y41.1.md,Effets indésirables des antimycobactériens au cours de leur usage thérapeutique,true,false,true,true,false,2,cause_externe,OWL_ANS,emissible,3769
Y41.2,XX,XX/Y41.2.md,Effets indésirables des antipaludiques et médicaments agissant sur d'autres protozoaires du sang au cours de leur usage thérapeutique,true,false,true,true,false,2,cause_externe,OWL_ANS,emissible,3820
Y41.3,XX,XX/Y41.3.md,Effets indésirables d'autres antiprotozoaires au cours de leur usage thérapeutique,true,false,true,true,false,2,cause_externe,OWL_ANS,emissible,3691
Y41.4,XX,XX/Y41.4.md,Effets indésirables des anthelminthiques au cours de leur usage thérapeutique,true,false,true,true,false,2,cause_externe,OWL_ANS,emissible,3686
Y41.5,XX,XX/Y41.5.md,Effets indésirables des antiviraux au cours de leur usage thérapeutique,true,false,true,true,false,2,cause_externe,OWL_ANS,emissible,3757
Y41.8,XX,XX/Y41.8.md,Effets indésirables d'autres anti-infectieux et antiparasitaires systémiques précisés au cours de leur usage thérapeutique,true,false,true,true,false,2,cause_externe,OWL_ANS,emissible,4479
Y41.9,XX,XX/Y41.9.md,"Effets indésirables d'un anti-infectieux et antiparasitaire systémiques, sans précision au cours de son usage thérapeutique",true,false,true,true,false,2,cause_externe,OWL_ANS,emissible,3703
Y42.0,XX,XX/Y42.0.md,Effets indésirables des glucocorticoïdes et analogues synthétiques au cours de leur usage thérapeutique,true,false,true,true,false,2,cause_externe,OWL_ANS,emissible,3891
Y42.1,XX,XX/Y42.1.md,Effets indésirables des hormones thyroïdiennes et leurs dérivés au cours de leur usage thérapeutique,true,false,true,true,false,2,cause_externe,OWL_ANS,emissible,3808
Y42.2,XX,XX/Y42.2.md,Effets indésirables des antithyroïdiens au cours de leur usage thérapeutique,true,false,true,true,false,2,cause_externe,OWL_ANS,emissible,3784
Y42.3,XX,XX/Y42.3.md,Effets indésirables de l'insuline et des hypoglycémiants oraux [antidiabétiques] au cours de leur usage thérapeutique,true,false,true,true,false,2,cause_externe,OWL_ANS,emissible,3825
Y42.4,XX,XX/Y42.4.md,Effets indésirables des contraceptifs oraux au cours de leur usage thérapeutique,true,false,true,true,false,2,cause_externe,OWL_ANS,emissible,3867
Y42.5,XX,XX/Y42.5.md,Effets indésirables d'autres oestrogènes et progestatifs au cours de leur usage thérapeutique,true,false,true,true,false,2,cause_externe,OWL_ANS,emissible,3848
Y42.6,XX,XX/Y42.6.md,"Effets indésirables des antigonadotrophines, anti-oestrogènes, anti-androgènes, non classés ailleurs au cours de leur usage thérapeutique",true,false,true,true,false,2,cause_externe,OWL_ANS,emissible,3879
Y42.7,XX,XX/Y42.7.md,Effets indésirables des androgènes et autres anabolisants au cours de leur usage thérapeutique,true,false,true,true,false,2,cause_externe,OWL_ANS,emissible,3802
Y42.8,XX,XX/Y42.8.md,"Effets indésirables des hormones et leurs substituts synthétiques, autres et sans précision au cours de leur usage thérapeutique",true,false,true,true,false,2,cause_externe,OWL_ANS,emissible,4852
Y42.9,XX,XX/Y42.9.md,"Effets indésirables des antagonistes hormonaux, autres et sans précision au cours de leur usage thérapeutique",true,false,true,true,false,2,cause_externe,OWL_ANS,emissible,3788
Y43.0,XX,XX/Y43.0.md,Effets indésirables des anti-allergiques et anti-émétiques au cours de leur usage thérapeutique,true,false,true,true,false,2,cause_externe,OWL_ANS,emissible,3767
Y43.1,XX,XX/Y43.1.md,Effets indésirables des antimétabolites antitumoraux au cours de leur usage thérapeutique,true,false,true,true,false,2,cause_externe,OWL_ANS,emissible,3715
Y43.2,XX,XX/Y43.2.md,Effets indésirables des produits antitumoraux naturels au cours de leur usage thérapeutique,true,false,true,true,false,2,cause_externe,OWL_ANS,emissible,3683
Y43.3,XX,XX/Y43.3.md,Effets indésirables d'autres médicaments antitumoraux au cours de leur usage thérapeutique,true,false,true,true,false,2,cause_externe,OWL_ANS,emissible,3790
Y43.4,XX,XX/Y43.4.md,Effets indésirables des agents immunosuppresseurs au cours de leur usage thérapeutique,true,false,true,true,false,2,cause_externe,OWL_ANS,emissible,3678
Y43.5,XX,XX/Y43.5.md,Effets indésirables des acidifiants et alcalinisants au cours de leur usage thérapeutique,true,false,true,true,false,2,cause_externe,OWL_ANS,emissible,3681
Y43.6,XX,XX/Y43.6.md,"Effets indésirables des enzymes, non classés ailleurs au cours de leur usage thérapeutique",true,false,true,true,false,2,cause_externe,OWL_ANS,emissible,3682
Y43.8,XX,XX/Y43.8.md,"Effets indésirables d'autres substances d'action pharmacologique essentiellement systémique, non classées ailleurs au cours de leur usage thérapeutique",true,false,true,true,false,2,cause_externe,OWL_ANS,emissible,4559
Y43.9,XX,XX/Y43.9.md,"Effets indésirables d'une substance d'action pharmacologique essentiellement systémique, sans précision au cours de son usage thérapeutique",true,false,true,true,false,2,cause_externe,OWL_ANS,emissible,3702
Y44.0,XX,XX/Y44.0.md,Effets indésirables des préparations à base de fer et autres préparations prescrites dans les anémies hypochromes au cours de leur usage thérapeutique,true,false,true,true,false,2,cause_externe,OWL_ANS,emissible,3652
Y44.1,XX,XX/Y44.1.md,"Effets indésirables de la vitamine B12, de l'acide folique et autres préparations prescrites dans les anémies mégaloblastiques au cours de leur usage thérapeutique",true,false,true,true,false,2,cause_externe,OWL_ANS,emissible,3665
Y44.2,XX,XX/Y44.2.md,Effets indésirables des anticoagulants au cours de leur usage thérapeutique,true,false,true,true,false,2,cause_externe,OWL_ANS,emissible,3577
Y44.3,XX,XX/Y44.3.md,"Effets indésirables des antagonistes des anticoagulants, de la vitamine K et autres coagulants au cours de leur usage thérapeutique",true,false,true,true,false,2,cause_externe,OWL_ANS,emissible,3633
Y44.4,XX,XX/Y44.4.md,Effets indésirables des antithrombotiques [inhibiteurs de l'agrégation plaquettaire] au cours de leur usage thérapeutique,true,false,true,true,false,2,cause_externe,OWL_ANS,emissible,3715
Y44.5,XX,XX/Y44.5.md,Effets indésirables des thrombolytiques au cours de leur usage thérapeutique,true,false,true,true,false,2,cause_externe,OWL_ANS,emissible,3578
Y44.6,XX,XX/Y44.6.md,Effets indésirables du sang naturel et produits sanguins au cours de leur usage thérapeutique,true,false,true,true,false,2,cause_externe,OWL_ANS,emissible,3659
Y44.7,XX,XX/Y44.7.md,Effets indésirables des succédanés du plasma au cours de leur usage thérapeutique,true,false,true,true,false,2,cause_externe,OWL_ANS,emissible,3583
Y44.9,XX,XX/Y44.9.md,"Effets indésirables des substances agissant essentiellement sur les constituants du sang, autres et sans précision au cours de leur usage thérapeutique",true,false,true,true,false,2,cause_externe,OWL_ANS,emissible,3653
Y45.0,XX,XX/Y45.0.md,Effets indésirables des opioïdes et analgésiques apparentés au cours de leur usage thérapeutique,true,false,true,true,false,2,cause_externe,OWL_ANS,emissible,3598
Y45.1,XX,XX/Y45.1.md,Effets indésirables des salicylés au cours de leur usage thérapeutique,true,false,true,true,false,2,cause_externe,OWL_ANS,emissible,3572
Y45.2,XX,XX/Y45.2.md,Effets indésirables des dérivés de l'acide propionique au cours de leur usage thérapeutique,true,false,true,true,false,2,cause_externe,OWL_ANS,emissible,3647
Y45.3,XX,XX/Y45.3.md,Effets indésirables d'autres anti-inflammatoires non stéroïdiens [AINS] au cours de leur usage thérapeutique,true,false,true,true,false,2,cause_externe,OWL_ANS,emissible,3610
Y45.4,XX,XX/Y45.4.md,Effets indésirables des antirhumatismaux au cours de leur usage thérapeutique,true,false,true,true,false,2,cause_externe,OWL_ANS,emissible,3681
Y45.5,XX,XX/Y45.5.md,Effets indésirables des dérivés du 4-aminophénol au cours de leur usage thérapeutique,true,false,true,true,false,2,cause_externe,OWL_ANS,emissible,3587
Y45.8,XX,XX/Y45.8.md,"Effets indésirables d'autres médicaments analgésiques, antipyrétiques au cours de leur usage thérapeutique",true,false,true,true,false,2,cause_externe,OWL_ANS,emissible,4254
Y45.9,XX,XX/Y45.9.md,"Effets indésirables d'un médicament analgésique, antipyrétique et anti-inflammatoire, sans précision au cours de son usage thérapeutique",true,false,true,true,false,2,cause_externe,OWL_ANS,emissible,3638
Y46.0,XX,XX/Y46.0.md,Effets indésirables des succinimides au cours de leur usage thérapeutique,true,false,true,true,false,2,cause_externe,OWL_ANS,emissible,3735
Y46.1,XX,XX/Y46.1.md,Effets indésirables des oxazolidine-diones au cours de leur usage thérapeutique,true,false,true,true,false,2,cause_externe,OWL_ANS,emissible,3741
Y46.2,XX,XX/Y46.2.md,Effets indésirables des dérivés de l'hydantoïne au cours de leur usage thérapeutique,true,false,true,true,false,2,cause_externe,OWL_ANS,emissible,3746
Y46.3,XX,XX/Y46.3.md,Effets indésirables des désoxybarbituriques au cours de leur usage thérapeutique,true,false,true,true,false,2,cause_externe,OWL_ANS,emissible,3742
Y46.4,XX,XX/Y46.4.md,Effets indésirables des iminostilbènes au cours de leur usage thérapeutique,true,false,true,true,false,2,cause_externe,OWL_ANS,emissible,3774
Y46.5,XX,XX/Y46.5.md,Effets indésirables de l'acide valproïque au cours de son usage thérapeutique,true,false,true,true,false,2,cause_externe,OWL_ANS,emissible,3739
Y46.6,XX,XX/Y46.6.md,"Effets indésirables des anti-épileptiques, autres et sans précision au cours de leur usage thérapeutique",true,false,true,true,false,2,cause_externe,OWL_ANS,emissible,3766
Y46.7,XX,XX/Y46.7.md,Effets indésirables des  antiparkinsoniens au cours de leur usage thérapeutique,true,false,true,true,false,2,cause_externe,OWL_ANS,emissible,3775
Y46.8,XX,XX/Y46.8.md,Effets indésirables des myorelaxants d'action centrale au cours de leur usage thérapeutique,true,false,true,true,false,2,cause_externe,OWL_ANS,emissible,4612
Y47.0,XX,XX/Y47.0.md,"Effets indésirables des barbituriques, non classés ailleurs au cours de leur usage thérapeutique",true,false,true,true,false,2,cause_externe,OWL_ANS,emissible,3691
Y47.1,XX,XX/Y47.1.md,Effets indésirables des benzodiazépines au cours de leur usage thérapeutique,true,false,true,true,false,2,cause_externe,OWL_ANS,emissible,3578
Y47.2,XX,XX/Y47.2.md,Effets indésirables des dérivés du chloral au cours de leur usage thérapeutique,true,false,true,true,false,2,cause_externe,OWL_ANS,emissible,3581
Y47.3,XX,XX/Y47.3.md,Effets indésirables des paraldéhyde au cours de leur usage thérapeutique,true,false,true,true,false,2,cause_externe,OWL_ANS,emissible,3574
Y47.4,XX,XX/Y47.4.md,Effets indésirables des dérivés du brome au cours de leur usage thérapeutique,true,false,true,true,false,2,cause_externe,OWL_ANS,emissible,3579
Y47.5,XX,XX/Y47.5.md,"Effets indésirables des sédatifs et hypnotiques en association, non classés ailleurs au cours de leur usage thérapeutique",true,false,true,true,false,2,cause_externe,OWL_ANS,emissible,3623
Y47.8,XX,XX/Y47.8.md,"Effets indésirables d'autres sédatifs, hypnotiques et tranquillisants au cours de leur usage thérapeutique",true,false,true,true,false,2,cause_externe,OWL_ANS,emissible,4284
Y47.9,XX,XX/Y47.9.md,"Effets indésirables d'un sédatif, hypnotique et tranquillisant, sans précision au cours de son usage thérapeutique",true,false,true,true,false,2,cause_externe,OWL_ANS,emissible,3654
Y48.0,XX,XX/Y48.0.md,Effets indésirables des anesthésiques inhalés au cours de leur usage thérapeutique,true,false,true,true,false,2,cause_externe,OWL_ANS,emissible,3584
Y48.1,XX,XX/Y48.1.md,Effets indésirables des anesthésiques par voie parentérale au cours de leur usage thérapeutique,true,false,true,true,false,2,cause_externe,OWL_ANS,emissible,3638
Y48.2,XX,XX/Y48.2.md,"Effets indésirables des anesthésiques généraux, autres et sans précision au cours de leur usage thérapeutique",true,false,true,true,false,2,cause_externe,OWL_ANS,emissible,3611
Y48.3,XX,XX/Y48.3.md,Effets indésirables des anesthésiques locaux au cours de leur usage thérapeutique,true,false,true,true,false,2,cause_externe,OWL_ANS,emissible,3583
Y48.4,XX,XX/Y48.4.md,"Effets indésirables des anesthésiques, sans précision au cours de leur usage thérapeutique",true,false,true,true,false,2,cause_externe,OWL_ANS,emissible,3592
Y48.5,XX,XX/Y48.5.md,Effets indésirables des gaz thérapeutiques,true,false,true,true,false,2,cause_externe,OWL_ANS,emissible,3544
Y49.0,XX,XX/Y49.0.md,Effets indésirables des antidépresseurs tri- et tétracycliques au cours de leur usage thérapeutique,true,false,true,true,false,2,cause_externe,OWL_ANS,emissible,3820
Y49.1,XX,XX/Y49.1.md,Effets indésirables des antidépresseurs inhibiteurs de la mono-amine-oxydase au cours de leur usage thérapeutique,true,false,true,true,false,2,cause_externe,OWL_ANS,emissible,3834
Y49.2,XX,XX/Y49.2.md,"Effets indésirables des antidépresseurs, autres et sans précision au cours de leur usage thérapeutique",true,false,true,true,false,2,cause_externe,OWL_ANS,emissible,3823
Y49.3,XX,XX/Y49.3.md,Effets indésirables des antipsychotiques phénothiaziniques et neuroleptiques au cours de leur usage thérapeutique,true,false,true,true,false,2,cause_externe,OWL_ANS,emissible,3834
Y49.4,XX,XX/Y49.4.md,Effets indésirables des neuroleptiques à base de butyrophénone et de thioxanthène au cours de leur usage thérapeutique,true,false,true,true,false,2,cause_externe,OWL_ANS,emissible,3839
Y49.5,XX,XX/Y49.5.md,Effets indésirables d'autres antipsychotiques et neuroleptiques au cours de leur usage thérapeutique,true,false,true,true,false,2,cause_externe,OWL_ANS,emissible,3878
Y49.6,XX,XX/Y49.6.md,Effets indésirables des psychodysleptiques [hallucinogènes] au cours de leur usage thérapeutique,true,false,true,true,false,2,cause_externe,OWL_ANS,emissible,3817
Y49.7,XX,XX/Y49.7.md,Effets indésirables des psychostimulants pouvant faire l'objet d'un abus au cours de leur usage thérapeutique,true,false,true,true,false,2,cause_externe,OWL_ANS,emissible,3830
Y49.8,XX,XX/Y49.8.md,"Effets indésirables d'autres médicaments psychotropes, non classés ailleurs au cours de leur usage thérapeutique",true,false,true,true,false,2,cause_externe,OWL_ANS,emissible,4828
Y49.9,XX,XX/Y49.9.md,"Effets indésirables d'un médicament psychotrope, sans précision au cours de son usage thérapeutique",true,false,true,true,false,2,cause_externe,OWL_ANS,emissible,3791
Y50.0,XX,XX/Y50.0.md,Effets indésirables des analeptiques au cours de leur usage thérapeutique,true,false,true,true,false,2,cause_externe,OWL_ANS,emissible,3575
Y50.1,XX,XX/Y50.1.md,Effets indésirables d'un antagoniste des opioïdes au cours de son usage thérapeutique,true,false,true,true,false,2,cause_externe,OWL_ANS,emissible,3587
Y50.2,XX,XX/Y50.2.md,"Effets indésirables des méthylxanthines, non classés ailleurs au cours de leur usage thérapeutique",true,false,true,true,false,2,cause_externe,OWL_ANS,emissible,3733
Y50.8,XX,XX/Y50.8.md,Effets indésirables d'autres stimulants du système nerveux central au cours de leur usage thérapeutique,true,false,true,true,false,2,cause_externe,OWL_ANS,emissible,3941
Y50.9,XX,XX/Y50.9.md,"Effets indésirables d'un stimulant du système nerveux central, sans précision au cours de son usage thérapeutique",true,false,true,true,false,2,cause_externe,OWL_ANS,emissible,3615
Y51.0,XX,XX/Y51.0.md,Effets indésirables des anticholinestérasiques au cours de leur usage thérapeutique,true,false,true,true,false,2,cause_externe,OWL_ANS,emissible,3585
Y51.1,XX,XX/Y51.1.md,Effets indésirables d'autres parasympathomimétiques [cholinergiques] au cours de leur usage thérapeutique,true,false,true,true,false,2,cause_externe,OWL_ANS,emissible,3607
Y51.2,XX,XX/Y51.2.md,"Effets indésirables des ganglioplégiques, non classés ailleurs au cours de leur usage thérapeutique",true,false,true,true,false,2,cause_externe,OWL_ANS,emissible,3601
Y51.3,XX,XX/Y51.3.md,"Effets indésirables d'autres parasympatholytiques [anticholinergiques et antimuscariniques] et spasmolytiques, non classés ailleurs au cours de leur usage thérapeutique",true,false,true,true,false,2,cause_externe,OWL_ANS,emissible,3704
Y51.4,XX,XX/Y51.4.md,"Effets indésirables des agents principalement alpha-sympathomimétiques, non classés ailleurs au cours de leur usage thérapeutique",true,false,true,true,false,2,cause_externe,OWL_ANS,emissible,3666
Y51.5,XX,XX/Y51.5.md,"Effets indésirables des agents principalement bêta-sympathomimétiques, non classés ailleurs au cours de leur usage thérapeutique",true,false,true,true,false,2,cause_externe,OWL_ANS,emissible,3688
Y51.6,XX,XX/Y51.6.md,"Effets indésirables des alpha-bloquants, non classés ailleurs au cours de leur usage thérapeutique",true,false,true,true,false,2,cause_externe,OWL_ANS,emissible,3679
Y51.7,XX,XX/Y51.7.md,"Effets indésirables des bêta-bloquants, non classés ailleurs au cours de leur usage thérapeutique",true,false,true,true,false,2,cause_externe,OWL_ANS,emissible,3599
Y51.8,XX,XX/Y51.8.md,"Effets indésirables des agents bloquants neuronaux adrénergiques et d'action centrale, non classés ailleurs au cours de leur usage thérapeutique",true,false,true,true,false,2,cause_externe,OWL_ANS,emissible,4776
Y51.9,XX,XX/Y51.9.md,"Effets indésirables des médicaments agissant essentiellement sur le système nerveux autonome, autres et sans précision au cours de leur usage thérapeutique",true,false,true,true,false,2,cause_externe,OWL_ANS,emissible,3756
Y52.0,XX,XX/Y52.0.md,Effets indésirables des glucosides cardiotoniques et médicaments d'action similaire au cours de leur usage thérapeutique,true,false,true,true,false,2,cause_externe,OWL_ANS,emissible,3710
Y52.1,XX,XX/Y52.1.md,Effets indésirables des inhibiteurs calciques au cours de leur usage thérapeutique,true,false,true,true,false,2,cause_externe,OWL_ANS,emissible,3672
Y52.2,XX,XX/Y52.2.md,"Effets indésirables d'autres anti-arythmisants, non classés ailleurs au cours de leur usage thérapeutique",true,false,true,true,false,2,cause_externe,OWL_ANS,emissible,3756
Y52.3,XX,XX/Y52.3.md,"Effets indésirables des vasodilatateurs coronariens, non classés ailleurs au cours de leur usage thérapeutique",true,false,true,true,false,2,cause_externe,OWL_ANS,emissible,3827
Y52.4,XX,XX/Y52.4.md,Effets indésirables des inhibiteurs de l'enzyme de conversion au cours de leur usage thérapeutique,true,false,true,true,false,2,cause_externe,OWL_ANS,emissible,3688
Y52.5,XX,XX/Y52.5.md,"Effets indésirables d'autres antihypertenseurs, non classés ailleurs au cours de leur usage thérapeutique",true,false,true,true,false,2,cause_externe,OWL_ANS,emissible,3872
Y52.6,XX,XX/Y52.6.md,Effets indésirables des antihyperlipidémiants et anti-artériosclérosants au cours de leur usage thérapeutique,true,false,true,true,false,2,cause_externe,OWL_ANS,emissible,3699
Y52.7,XX,XX/Y52.7.md,Effets indésirables des vasodilatateurs périphériques au cours de leur usage thérapeutique,true,false,true,true,false,2,cause_externe,OWL_ANS,emissible,3789
Y52.8,XX,XX/Y52.8.md,"Effets indésirables des substances antivariqueuses, y compris les agents sclérosants au cours de leur usage thérapeutique",true,false,true,true,false,2,cause_externe,OWL_ANS,emissible,4675
Y52.9,XX,XX/Y52.9.md,"Effets indésirables des substances agissant essentiellement sur le système cardio-vasculaire, autres et sans précision au cours de leur usage thérapeutique",true,false,true,true,false,2,cause_externe,OWL_ANS,emissible,3716
Y53.0,XX,XX/Y53.0.md,Effets indésirables d'un inhibiteur des récepteurs histaminique H2 au cours de son usage thérapeutique,true,false,true,true,false,2,cause_externe,OWL_ANS,emissible,3604
Y53.1,XX,XX/Y53.1.md,Effets indésirables d'autres anti-acides et antisécrétoires gastriques au cours de leur usage thérapeutique,true,false,true,true,false,2,cause_externe,OWL_ANS,emissible,3609
Y53.2,XX,XX/Y53.2.md,Effets indésirables des laxatifs stimulants au cours de leur usage thérapeutique,true,false,true,true,false,2,cause_externe,OWL_ANS,emissible,3582
Y53.3,XX,XX/Y53.3.md,Effets indésirables des laxatifs salins et osmotiques au cours de leur usage thérapeutique,true,false,true,true,false,2,cause_externe,OWL_ANS,emissible,3592
Y53.4,XX,XX/Y53.4.md,Effets indésirables d'autres laxatifs au cours de leur usage thérapeutique,true,false,true,true,false,2,cause_externe,OWL_ANS,emissible,3637
Y53.5,XX,XX/Y53.5.md,Effets indésirables des médicaments facilitant la digestion au cours de leur usage thérapeutique,true,false,true,true,false,2,cause_externe,OWL_ANS,emissible,3598
Y53.6,XX,XX/Y53.6.md,Effets indésirables des antidiarrhéiques au cours de leur usage thérapeutique,true,false,true,true,false,2,cause_externe,OWL_ANS,emissible,3679
Y53.7,XX,XX/Y53.7.md,Effets indésirables des émétiques au cours de leur usage thérapeutique,true,false,true,true,false,2,cause_externe,OWL_ANS,emissible,3572
Y53.8,XX,XX/Y53.8.md,Effets indésirables d'autres substances agissant essentiellement sur le tractus gastro-intestinal au cours de leur usage thérapeutique,true,false,true,true,false,2,cause_externe,OWL_ANS,emissible,4477
Y53.9,XX,XX/Y53.9.md,"Effets indésirables d'une substance agissant essentiellement sur le tractus gastro-intestinal, sans précision au cours de son usage thérapeutique",true,false,true,true,false,2,cause_externe,OWL_ANS,emissible,3647
Y54.0,XX,XX/Y54.0.md,Effets indésirables des minéralocorticoïdes au cours de leur usage thérapeutique,true,false,true,true,false,2,cause_externe,OWL_ANS,emissible,3582
Y54.1,XX,XX/Y54.1.md,Effets indésirables des antagonistes des minéralocorticoïdes [antagonistes de l'aldostérone] au cours de leur usage thérapeutique,true,false,true,true,false,2,cause_externe,OWL_ANS,emissible,3631
Y54.2,XX,XX/Y54.2.md,Effets indésirables des inhibiteurs de l'anhydrase carbonique au cours de leur usage thérapeutique,true,false,true,true,false,2,cause_externe,OWL_ANS,emissible,3637
Y54.3,XX,XX/Y54.3.md,Effets indésirables des dérivés de la benzothiadiazine au cours de leur usage thérapeutique,true,false,true,true,false,2,cause_externe,OWL_ANS,emissible,3593
Y54.4,XX,XX/Y54.4.md,Effets indésirables des diurétiques de l'anse au cours de leur usage thérapeutique,true,false,true,true,false,2,cause_externe,OWL_ANS,emissible,3584
Y54.5,XX,XX/Y54.5.md,Effets indésirables d'autres diurétiques au cours de leur usage thérapeutique,true,false,true,true,false,2,cause_externe,OWL_ANS,emissible,3579
Y54.6,XX,XX/Y54.6.md,"Effets indésirables des produits agissant sur l'équilibre électrolytique, calorique et hydrique au cours de leur usage thérapeutique",true,false,true,true,false,2,cause_externe,OWL_ANS,emissible,3685
Y54.7,XX,XX/Y54.7.md,Effets indésirables des médicaments agissant sur le métabolisme du calcium au cours de leur usage thérapeutique,true,false,true,true,false,2,cause_externe,OWL_ANS,emissible,3700
Y54.8,XX,XX/Y54.8.md,Effets indésirables des médicaments agissant sur le métabolisme de l'acide urique au cours de leur usage thérapeutique,true,false,true,true,false,2,cause_externe,OWL_ANS,emissible,4565
Y54.9,XX,XX/Y54.9.md,"Effets indésirables des sels minéraux, non classés ailleurs au cours de leur usage thérapeutique",true,false,true,true,false,2,cause_externe,OWL_ANS,emissible,3598
Y55.0,XX,XX/Y55.0.md,Effets indésirables des ocytociques au cours de leur usage thérapeutique,true,false,true,true,false,2,cause_externe,OWL_ANS,emissible,3723
Y55.1,XX,XX/Y55.1.md,Effets indésirables des myorelaxants au cours de leur usage thérapeutique,true,false,true,true,false,2,cause_externe,OWL_ANS,emissible,3653
Y55.2,XX,XX/Y55.2.md,"Effets indésirables des médicaments agissant essentiellement sur les muscles, autres et sans précision au cours de leur usage thérapeutique",true,false,true,true,false,2,cause_externe,OWL_ANS,emissible,3641
Y55.3,XX,XX/Y55.3.md,Effets indésirables des antitussifs au cours de leur usage thérapeutique,true,false,true,true,false,2,cause_externe,OWL_ANS,emissible,3574
Y55.4,XX,XX/Y55.4.md,Effets indésirables des expectorants au cours de leur usage thérapeutique,true,false,true,true,false,2,cause_externe,OWL_ANS,emissible,3575
Y55.5,XX,XX/Y55.5.md,Effets indésirables des médicaments contre le coryza [rhume banal] au cours de leur usage thérapeutique,true,false,true,true,false,2,cause_externe,OWL_ANS,emissible,3605
Y55.6,XX,XX/Y55.6.md,"Effets indésirables des anti-asthmatiques, non classés ailleurs au cours de leur usage thérapeutique",true,false,true,true,false,2,cause_externe,OWL_ANS,emissible,3816
Y55.7,XX,XX/Y55.7.md,"Effets indésirables des substances agissant essentiellement sur l'appareil respiratoire, autres et sans précision au cours de leur usage thérapeutique",true,false,true,true,false,2,cause_externe,OWL_ANS,emissible,3652
Y56.0,XX,XX/Y56.0.md,"Effets indésirables des médicaments antifongiques, anti-infectieux et anti-inflammatoires pour application locale, non classés ailleurs au cours de leur usage thérapeutique",true,false,true,true,false,2,cause_externe,OWL_ANS,emissible,3752
Y56.1,XX,XX/Y56.1.md,Effets indésirables des antiprurigineux au cours de leur usage thérapeutique,true,false,true,true,false,2,cause_externe,OWL_ANS,emissible,3656
Y56.2,XX,XX/Y56.2.md,Effets indésirables des astringents et détergents locaux au cours de leur usage thérapeutique,true,false,true,true,false,2,cause_externe,OWL_ANS,emissible,3673
Y56.3,XX,XX/Y56.3.md,"Effets indésirables des émollients, adoucissants et protecteurs au cours de leur usage thérapeutique",true,false,true,true,false,2,cause_externe,OWL_ANS,emissible,3680
Y56.4,XX,XX/Y56.4.md,"Effets indésirables des kératolytiques, kératoplastiques et autres médicaments et préparations capillaires au cours de leur usage thérapeutique",true,false,true,true,false,2,cause_externe,OWL_ANS,emissible,3723
Y56.5,XX,XX/Y56.5.md,Effets indésirables des médicaments et préparations ophtalmologiques au cours de leur usage thérapeutique,true,false,true,true,false,2,cause_externe,OWL_ANS,emissible,3685
Y56.6,XX,XX/Y56.6.md,Effets indésirables des médicaments et préparations utilisés en oto-rhino-laryngologie au cours de leur usage thérapeutique,true,false,true,true,false,2,cause_externe,OWL_ANS,emissible,3703
Y56.7,XX,XX/Y56.7.md,Effets indésirables des médicaments dentaires pour application locale au cours de leur usage thérapeutique,true,false,true,true,false,2,cause_externe,OWL_ANS,emissible,3686
Y56.8,XX,XX/Y56.8.md,Effets indésirables d'autres topiques agissant essentiellement sur la peau et les muqueuses au cours de leur usage thérapeutique,true,false,true,true,false,2,cause_externe,OWL_ANS,emissible,4806
Y56.9,XX,XX/Y56.9.md,"Effets indésirables d'un topique agissant essentiellement sur la peau et les muqueuses, sans précision au cours de son usage thérapeutique",true,false,true,true,false,2,cause_externe,OWL_ANS,emissible,3718
Y57.0,XX,XX/Y57.0.md,Effets indésirables des dépresseurs de l'appétit [anorexigènes] au cours de leur usage thérapeutique,true,false,true,true,false,2,cause_externe,OWL_ANS,emissible,3602
Y57.1,XX,XX/Y57.1.md,Effets indésirables des lipotropes au cours de leur usage thérapeutique,true,false,true,true,false,2,cause_externe,OWL_ANS,emissible,3573
Y57.2,XX,XX/Y57.2.md,"Effets indésirables des antidotes et chélateurs, non classés ailleurs au cours de leur usage thérapeutique",true,false,true,true,false,2,cause_externe,OWL_ANS,emissible,3608
Y57.3,XX,XX/Y57.3.md,Effets indésirables des produits de désintoxication alcoolique au cours de leur usage thérapeutique,true,false,true,true,false,2,cause_externe,OWL_ANS,emissible,3601
Y57.4,XX,XX/Y57.4.md,Effets indésirables des excipients pharmaceutiques au cours de leur usage thérapeutique,true,false,true,true,false,2,cause_externe,OWL_ANS,emissible,3589
Y57.5,XX,XX/Y57.5.md,Effets indésirables d'un produit de contraste utilisé en radiologie au cours de son usage thérapeutique,true,false,true,true,false,2,cause_externe,OWL_ANS,emissible,3605
Y57.6,XX,XX/Y57.6.md,Effets indésirables d'autres agents de diagnostic au cours de leur usage thérapeutique,true,false,true,true,false,2,cause_externe,OWL_ANS,emissible,3588
Y57.7,XX,XX/Y57.7.md,"Effets indésirables des vitamines, non classées ailleurs au cours de leur usage thérapeutique",true,false,true,true,false,2,cause_externe,OWL_ANS,emissible,3715
Y57.8,XX,XX/Y57.8.md,Effets indésirables d'autres substances et médicaments au cours de leur usage thérapeutique,true,false,true,true,false,2,cause_externe,OWL_ANS,emissible,4483
Y57.9,XX,XX/Y57.9.md,"Effets indésirables d'une substance et médicament, sans précision au cours de son usage thérapeutique",true,false,true,true,false,2,cause_externe,OWL_ANS,emissible,3603
Y58.0,XX,XX/Y58.0.md,Effets indésirables du vaccin BCG,true,false,true,true,false,2,cause_externe,OWL_ANS,emissible,3535
Y58.1,XX,XX/Y58.1.md,Effets indésirables du vaccin antityphoïdique et paratyphoïdique,true,false,true,true,false,2,cause_externe,OWL_ANS,emissible,3566
Y58.2,XX,XX/Y58.2.md,Effets indésirables du vaccin anticholérique,true,false,true,true,false,2,cause_externe,OWL_ANS,emissible,3546
Y58.3,XX,XX/Y58.3.md,Effets indésirables du vaccin antipesteux,true,false,true,true,false,2,cause_externe,OWL_ANS,emissible,3543
Y58.4,XX,XX/Y58.4.md,Effets indésirables du vaccin antitétanique,true,false,true,true,false,2,cause_externe,OWL_ANS,emissible,3545
Y58.5,XX,XX/Y58.5.md,Effets indésirables du vaccin antidiphtérique,true,false,true,true,false,2,cause_externe,OWL_ANS,emissible,3547
Y58.6,XX,XX/Y58.6.md,"Effets indésirables du vaccin anticoquelucheux, y compris en association",true,false,true,true,false,2,cause_externe,OWL_ANS,emissible,3574
Y58.8,XX,XX/Y58.8.md,"Effets indésirables des vaccins bactériens mixtes, sauf ceux qui contiennent du vaccin anticoquelucheux",true,false,true,true,false,2,cause_externe,OWL_ANS,emissible,4079
Y58.9,XX,XX/Y58.9.md,"Effets indésirables des vaccins bactériens, autres et sans précision",true,false,true,true,false,2,cause_externe,OWL_ANS,emissible,3570
Y59.0,XX,XX/Y59.0.md,Effets indésirables des vaccins antiviraux,true,false,true,true,false,2,cause_externe,OWL_ANS,emissible,3544
Y59.1,XX,XX/Y59.1.md,Effets indésirables des vaccins antirickettsies,true,false,true,true,false,2,cause_externe,OWL_ANS,emissible,3549
Y59.2,XX,XX/Y59.2.md,Effets indésirables des vaccins antiprotozoaires,true,false,true,true,false,2,cause_externe,OWL_ANS,emissible,3550
Y59.3,XX,XX/Y59.3.md,Effets indésirables des immunoglobulines,true,false,true,true,false,2,cause_externe,OWL_ANS,emissible,3542
Y59.8,XX,XX/Y59.8.md,Effets indésirables d'autres vaccins et substances biologiques précisés,true,false,true,true,false,2,cause_externe,OWL_ANS,emissible,3843
Y59.9,XX,XX/Y59.9.md,"Effets indésirables de vaccin ou substance biologique, sans précision",true,false,true,true,false,2,cause_externe,OWL_ANS,emissible,3571
Y60.0,XX,XX/Y60.0.md,"Coupure, piqûre, perforation ou hémorragie accidentelles au cours d'une intervention chirurgicale",true,false,true,true,false,2,cause_externe,OWL_ANS,emissible,3516
Y60.1,XX,XX/Y60.1.md,"Coupure, piqûre, perforation ou hémorragie accidentelles au cours d'une perfusion ou transfusion",true,false,true,true,false,2,cause_externe,OWL_ANS,emissible,3515
Y60.2,XX,XX/Y60.2.md,"Coupure, piqûre, perforation ou hémorragie accidentelles au cours d'une dialyse rénale ou autre perfusion",true,false,true,true,false,2,cause_externe,OWL_ANS,emissible,3524
Y60.3,XX,XX/Y60.3.md,"Coupure, piqûre, perforation ou hémorragie accidentelles au cours d'une injection ou vaccination",true,false,true,true,false,2,cause_externe,OWL_ANS,emissible,3515
Y60.4,XX,XX/Y60.4.md,"Coupure, piqûre, perforation ou hémorragie accidentelles au cours d'une endoscopie",true,false,true,true,false,2,cause_externe,OWL_ANS,emissible,3501
Y60.5,XX,XX/Y60.5.md,"Coupure, piqûre, perforation ou hémorragie accidentelles au cours d'un cathétérisme cardiaque",true,false,true,true,false,2,cause_externe,OWL_ANS,emissible,3512
Y60.6,XX,XX/Y60.6.md,"Coupure, piqûre, perforation ou hémorragie accidentelles au cours d'une aspiration, d'une ponction et d'un autre cathétérisme",true,false,true,true,false,2,cause_externe,OWL_ANS,emissible,3544
Y60.7,XX,XX/Y60.7.md,"Coupure, piqûre, perforation ou hémorragie accidentelles au cours de l'administration d'un lavement",true,false,true,true,false,2,cause_externe,OWL_ANS,emissible,3518
Y60.8,XX,XX/Y60.8.md,"Coupure, piqûre, perforation ou hémorragie accidentelles au cours d'autres actes médicaux et chirurgicaux",true,false,true,true,false,2,cause_externe,OWL_ANS,emissible,4462
Y60.9,XX,XX/Y60.9.md,"Coupure, piqûre, perforation ou hémorragie accidentelles au cours d'un acte médical et chirurgical, sans précision",true,false,true,true,false,2,cause_externe,OWL_ANS,emissible,3533
Y61.0,XX,XX/Y61.0.md,Corps étranger accidentellement laissé dans l'organisme au cours d'une intervention chirurgicale,true,false,true,true,false,2,cause_externe,OWL_ANS,emissible,3515
Y61.1,XX,XX/Y61.1.md,Corps étranger accidentellement laissé dans l'organisme au cours d'une perfusion ou transfusion,true,false,true,true,false,2,cause_externe,OWL_ANS,emissible,3514
Y61.2,XX,XX/Y61.2.md,Corps étranger accidentellement laissé dans l'organisme au cours d'une dialyse rénale ou autre perfusion,true,false,true,true,false,2,cause_externe,OWL_ANS,emissible,3523
Y61.3,XX,XX/Y61.3.md,Corps étranger accidentellement laissé dans l'organisme au cours d'une injection ou vaccination,true,false,true,true,false,2,cause_externe,OWL_ANS,emissible,3514
Y61.4,XX,XX/Y61.4.md,Corps étranger accidentellement laissé dans l'organisme au cours d'une endoscopie,true,false,true,true,false,2,cause_externe,OWL_ANS,emissible,3500
Y61.5,XX,XX/Y61.5.md,Corps étranger accidentellement laissé dans l'organisme au cours d'un cathétérisme cardiaque,true,false,true,true,false,2,cause_externe,OWL_ANS,emissible,3511
Y61.6,XX,XX/Y61.6.md,"Corps étranger accidentellement laissé dans l'organisme au cours d'une aspiration, d'une ponction et d'un autre cathétérisme",true,false,true,true,false,2,cause_externe,OWL_ANS,emissible,3543
Y61.7,XX,XX/Y61.7.md,Corps étranger accidentellement laissé dans l'organisme au cours de l'extraction d'un cathéter ou d'un tamponnement,true,false,true,true,false,2,cause_externe,OWL_ANS,emissible,3534
Y61.8,XX,XX/Y61.8.md,Corps étranger accidentellement laissé dans l'organisme au cours d'autres actes médicaux et chirurgicaux.,true,false,true,true,false,2,cause_externe,OWL_ANS,emissible,4471
Y61.9,XX,XX/Y61.9.md,"Corps étranger accidentellement laissé dans l'organisme au cours d'un acte médical et chirurgical, sans précision",true,false,true,true,false,2,cause_externe,OWL_ANS,emissible,3532
Y62.0,XX,XX/Y62.0.md,Asepsie insuffisante au cours d'une intervention chirurgicale,true,false,true,true,false,2,cause_externe,OWL_ANS,emissible,3480
Y62.1,XX,XX/Y62.1.md,Asepsie insuffisante au cours d'une perfusion ou transfusion,true,false,true,true,false,2,cause_externe,OWL_ANS,emissible,3479
Y62.2,XX,XX/Y62.2.md,Asepsie insuffisante au cours d'une dialyse rénale ou autre perfusion,true,false,true,true,false,2,cause_externe,OWL_ANS,emissible,3488
Y62.3,XX,XX/Y62.3.md,Asepsie insuffisante au cours d'une injection ou vaccination,true,false,true,true,false,2,cause_externe,OWL_ANS,emissible,3479
Y62.4,XX,XX/Y62.4.md,Asepsie insuffisante au cours d'une endoscopie,true,false,true,true,false,2,cause_externe,OWL_ANS,emissible,3465
Y62.5,XX,XX/Y62.5.md,Asepsie insuffisante au cours d'un cathétérisme cardiaque,true,false,true,true,false,2,cause_externe,OWL_ANS,emissible,3476
Y62.6,XX,XX/Y62.6.md,"Asepsie insuffisante au cours d'une aspiration, d'une ponction et d'un autre cathétérisme",true,false,true,true,false,2,cause_externe,OWL_ANS,emissible,3508
Y62.8,XX,XX/Y62.8.md,Asepsie insuffisante au cours d'autres actes médicaux et chirurgicaux,true,false,true,true,false,2,cause_externe,OWL_ANS,emissible,4062
Y62.9,XX,XX/Y62.9.md,"Asepsie insuffisante au cours d'un acte médical et chirurgical, sans précision",true,false,true,true,false,2,cause_externe,OWL_ANS,emissible,3497
Y63.0,XX,XX/Y63.0.md,Administration en quantité excessive de sang ou d'un autre liquide au cours d'une transfusion ou perfusion,true,false,true,true,false,2,cause_externe,OWL_ANS,emissible,3665
Y63.1,XX,XX/Y63.1.md,Erreur de dilution au cours d'une perfusion,true,false,true,true,false,2,cause_externe,OWL_ANS,emissible,3602
Y63.2,XX,XX/Y63.2.md,Dose excessive administrée en radiothérapie,true,false,true,true,false,2,cause_externe,OWL_ANS,emissible,3602
Y63.3,XX,XX/Y63.3.md,Irradiation par inadvertance d'un malade au cours d'un acte médical,true,false,true,true,false,2,cause_externe,OWL_ANS,emissible,3626
Y63.4,XX,XX/Y63.4.md,Erreur de dosage au cours de sismothérapie ou d'insulinothérapie,true,false,true,true,false,2,cause_externe,OWL_ANS,emissible,3623
Y63.5,XX,XX/Y63.5.md,Température inadéquate au cours d'application locale ou de tamponnement,true,false,true,true,false,2,cause_externe,OWL_ANS,emissible,3630
Y63.6,XX,XX/Y63.6.md,Non-administration d'un médicament ou d'une substance biologique nécessaire,true,false,true,true,false,2,cause_externe,OWL_ANS,emissible,3634
Y63.8,XX,XX/Y63.8.md,Erreur de dosage au cours d'autres actes médicaux et chirurgicaux,true,false,true,true,false,2,cause_externe,OWL_ANS,emissible,4225
Y63.9,XX,XX/Y63.9.md,"Erreur de dosage au cours d'un acte médical et chirurgical, sans précision",true,false,true,true,false,2,cause_externe,OWL_ANS,emissible,3604
Y64.0,XX,XX/Y64.0.md,Transfusion ou perfusion d'une substance médicale ou biologique contaminée,true,false,true,true,false,2,cause_externe,OWL_ANS,emissible,3493
Y64.1,XX,XX/Y64.1.md,Injection ou vaccination avec une substance médicale ou biologique contaminée,true,false,true,true,false,2,cause_externe,OWL_ANS,emissible,3496
Y64.8,XX,XX/Y64.8.md,Administration par d'autres moyens d'une substance médicale ou biologique contaminée,true,false,true,true,false,2,cause_externe,OWL_ANS,emissible,3721
Y64.9,XX,XX/Y64.9.md,Administration par des moyens non précisés d'une substance médicale ou biologique contaminée,true,false,true,true,false,2,cause_externe,OWL_ANS,emissible,3603
Y65.0,XX,XX/Y65.0.md,Incompatibilité sanguine au cours d'une transfusion,true,false,true,true,false,2,cause_externe,OWL_ANS,emissible,3470
Y65.1,XX,XX/Y65.1.md,Erreur de liquide utilisé lors d'une perfusion,true,false,true,true,false,2,cause_externe,OWL_ANS,emissible,3465
Y65.2,XX,XX/Y65.2.md,Lâchage de suture ou de ligature au cours d'une intervention chirurgicale,true,false,true,true,false,2,cause_externe,OWL_ANS,emissible,3492
Y65.3,XX,XX/Y65.3.md,Malposition de canule endotrachéale au cours d'une intubation durant une anesthésie,true,false,true,true,false,2,cause_externe,OWL_ANS,emissible,3502
Y65.4,XX,XX/Y65.4.md,Échec à l'introduction ou à l'extraction d'autres canules ou instruments,true,false,true,true,false,2,cause_externe,OWL_ANS,emissible,3491
Y65.5,XX,XX/Y65.5.md,Exécution d'une intervention non appropriée,true,false,true,true,false,2,cause_externe,OWL_ANS,emissible,3462
Y65.8,XX,XX/Y65.8.md,Autres accidents et complications précisés au cours d'actes médicaux et chirurgicaux,true,false,true,true,false,2,cause_externe,OWL_ANS,emissible,3990
Y66,XX,XX/Y66.md,Non-administration de soins médicaux et chirurgicaux,true,false,true,true,false,2,cause_externe,OWL_ANS,emissible,3540
Y69,XX,XX/Y69.md,"Accident et complication au cours d'un acte médical et chirurgical, sans précision",true,false,true,true,false,2,cause_externe,OWL_ANS,emissible,3497
Y70.0,XX,XX/Y70.0.md,"Appareils d'anesthésiologie, associés à des accidents - "" Appareil pour diagnostic et monitorage """,true,false,true,true,false,2,cause_externe,OWL_ANS,emissible,3769
Y70.1,XX,XX/Y70.1.md,"Appareils d'anesthésiologie, associés à des accidents - "" Appareil pour traitement (non chirurgical) et rééducation """,true,false,true,true,false,2,cause_externe,OWL_ANS,emissible,3788
Y70.2,XX,XX/Y70.2.md,"Appareils d'anesthésiologie, associés à des accidents - "" Prothèse et autres implants, matériel et accessoires """,true,false,true,true,false,2,cause_externe,OWL_ANS,emissible,3783
Y70.3,XX,XX/Y70.3.md,"Appareils d'anesthésiologie, associés à des accidents - "" Instruments, matériaux et appareils chirurgicaux (y compris les sutures) """,true,false,true,true,false,2,cause_externe,OWL_ANS,emissible,3803
Y70.8,XX,XX/Y70.8.md,"Appareils d'anesthésiologie, associés à des accidents - "" Appareils divers, non classés ailleurs """,true,false,true,true,false,2,cause_externe,OWL_ANS,emissible,4321
Y71.0,XX,XX/Y71.0.md,"Appareils cardiovasculaires, associés à des accidents - "" Appareil pour diagnostic et monitorage """,true,false,true,true,false,2,cause_externe,OWL_ANS,emissible,3769
Y71.1,XX,XX/Y71.1.md,"Appareils cardiovasculaires, associés à des accidents - "" Appareil pour traitement (non chirurgical) et rééducation """,true,false,true,true,false,2,cause_externe,OWL_ANS,emissible,3788
Y71.2,XX,XX/Y71.2.md,"Appareils cardiovasculaires, associés à des accidents - "" Prothèse et autres implants, matériel et accessoires """,true,false,true,true,false,2,cause_externe,OWL_ANS,emissible,3783
Y71.3,XX,XX/Y71.3.md,"Appareils cardiovasculaires, associés à des accidents - "" Instruments, matériaux et appareils chirurgicaux (y compris les sutures) """,true,false,true,true,false,2,cause_externe,OWL_ANS,emissible,3803
Y71.8,XX,XX/Y71.8.md,"Appareils cardiovasculaires, associés à des accidents - "" Appareils divers, non classés ailleurs """,true,false,true,true,false,2,cause_externe,OWL_ANS,emissible,4321
Y72.0,XX,XX/Y72.0.md,"Appareils oto-rhino-laryngologiques, associés à des accidents - "" Appareil pour diagnostic et monitorage """,true,false,true,true,false,2,cause_externe,OWL_ANS,emissible,3777
Y72.1,XX,XX/Y72.1.md,"Appareils oto-rhino-laryngologiques, associés à des accidents - "" Appareil pour traitement (non chirurgical) et rééducation """,true,false,true,true,false,2,cause_externe,OWL_ANS,emissible,3796
Y72.2,XX,XX/Y72.2.md,"Appareils oto-rhino-laryngologiques, associés à des accidents - "" Prothèse et autres implants, matériel et accessoires """,true,false,true,true,false,2,cause_externe,OWL_ANS,emissible,3791
Y72.3,XX,XX/Y72.3.md,"Appareils oto-rhino-laryngologiques, associés à des accidents - "" Instruments, matériaux et appareils chirurgicaux (y compris les sutures) """,true,false,true,true,false,2,cause_externe,OWL_ANS,emissible,3811
Y72.8,XX,XX/Y72.8.md,"Appareils oto-rhino-laryngologiques, associés à des accidents - "" Appareils divers, non classés ailleurs """,true,false,true,true,false,2,cause_externe,OWL_ANS,emissible,4361
Y73.0,XX,XX/Y73.0.md,"Appareils utilisés en gastroentérologie et en urologie, associés à des accidents - "" Appareil pour diagnostic et monitorage """,true,false,true,true,false,2,cause_externe,OWL_ANS,emissible,3796
Y73.1,XX,XX/Y73.1.md,"Appareils utilisés en gastroentérologie et en urologie, associés à des accidents - "" Appareil pour traitement (non chirurgical) et rééducation """,true,false,true,true,false,2,cause_externe,OWL_ANS,emissible,3815
Y73.2,XX,XX/Y73.2.md,"Appareils utilisés en gastroentérologie et en urologie, associés à des accidents - "" Prothèse et autres implants, matériel et accessoires """,true,false,true,true,false,2,cause_externe,OWL_ANS,emissible,3810
Y73.3,XX,XX/Y73.3.md,"Appareils utilisés en gastroentérologie et en urologie, associés à des accidents - "" Instruments, matériaux et appareils chirurgicaux (y compris les sutures) """,true,false,true,true,false,2,cause_externe,OWL_ANS,emissible,3830
Y73.8,XX,XX/Y73.8.md,"Appareils utilisés en gastroentérologie et en urologie, associés à des accidents - "" Appareils divers, non classés ailleurs """,true,false,true,true,false,2,cause_externe,OWL_ANS,emissible,4456
Y74.0,XX,XX/Y74.0.md,"Appareillage hospitalier et d'usage personnel, associé à des accidents - "" Appareil pour diagnostic et monitorage """,true,false,true,true,false,2,cause_externe,OWL_ANS,emissible,3786
Y74.1,XX,XX/Y74.1.md,"Appareillage hospitalier et d'usage personnel, associé à des accidents - "" Appareil pour traitement (non chirurgical) et rééducation """,true,false,true,true,false,2,cause_externe,OWL_ANS,emissible,3805
Y74.2,XX,XX/Y74.2.md,"Appareillage hospitalier et d'usage personnel, associé à des accidents - "" Prothèse et autres implants, matériel et accessoires """,true,false,true,true,false,2,cause_externe,OWL_ANS,emissible,3800
Y74.3,XX,XX/Y74.3.md,"Appareillage hospitalier et d'usage personnel, associé à des accidents - "" Instruments, matériaux et appareils chirurgicaux (y compris les sutures) """,true,false,true,true,false,2,cause_externe,OWL_ANS,emissible,3820
Y74.8,XX,XX/Y74.8.md,"Appareillage hospitalier et d'usage personnel, associé à des accidents - "" Appareils divers, non classés ailleurs """,true,false,true,true,false,2,cause_externe,OWL_ANS,emissible,4406
Y75.0,XX,XX/Y75.0.md,"Appareils utilisés en neurologie, associés à des accidents - "" Appareil pour diagnostic et monitorage """,true,false,true,true,false,2,cause_externe,OWL_ANS,emissible,3774
Y75.1,XX,XX/Y75.1.md,"Appareils utilisés en neurologie, associés à des accidents - "" Appareil pour traitement (non chirurgical) et rééducation """,true,false,true,true,false,2,cause_externe,OWL_ANS,emissible,3793
Y75.2,XX,XX/Y75.2.md,"Appareils utilisés en neurologie, associés à des accidents - "" Prothèse et autres implants, matériel et accessoires """,true,false,true,true,false,2,cause_externe,OWL_ANS,emissible,3788
Y75.3,XX,XX/Y75.3.md,"Appareils utilisés en neurologie, associés à des accidents - "" Instruments, matériaux et appareils chirurgicaux (y compris les sutures) """,true,false,true,true,false,2,cause_externe,OWL_ANS,emissible,3808
Y75.8,XX,XX/Y75.8.md,"Appareils utilisés en neurologie, associés à des accidents - "" Appareils divers, non classés ailleurs """,true,false,true,true,false,2,cause_externe,OWL_ANS,emissible,4346
Y76.0,XX,XX/Y76.0.md,"Appareils utilisés en obstétrique et en gynécologie, associés à des accidents - "" Appareil pour diagnostic et monitorage """,true,false,true,true,false,2,cause_externe,OWL_ANS,emissible,3793
Y76.1,XX,XX/Y76.1.md,"Appareils utilisés en obstétrique et en gynécologie, associés à des accidents - "" Appareil pour traitement (non chirurgical) et rééducation """,true,false,true,true,false,2,cause_externe,OWL_ANS,emissible,3812
Y76.2,XX,XX/Y76.2.md,"Appareils utilisés en obstétrique et en gynécologie, associés à des accidents - "" Prothèse et autres implants, matériel et accessoires """,true,false,true,true,false,2,cause_externe,OWL_ANS,emissible,3807
Y76.3,XX,XX/Y76.3.md,"Appareils utilisés en obstétrique et en gynécologie, associés à des accidents - "" Instruments, matériaux et appareils chirurgicaux (y compris les sutures) """,true,false,true,true,false,2,cause_externe,OWL_ANS,emissible,3827
Y76.8,XX,XX/Y76.8.md,"Appareils utilisés en obstétrique et en gynécologie, associés à des accidents - "" Appareils divers, non classés ailleurs """,true,false,true,true,false,2,cause_externe,OWL_ANS,emissible,4441
Y77.0,XX,XX/Y77.0.md,"Appareils utilisés en ophtalmologie, associés à des accidents - "" Appareil pour diagnostic et monitorage """,true,false,true,true,false,2,cause_externe,OWL_ANS,emissible,3777
Y77.1,XX,XX/Y77.1.md,"Appareils utilisés en ophtalmologie, associés à des accidents - "" Appareil pour traitement (non chirurgical) et rééducation """,true,false,true,true,false,2,cause_externe,OWL_ANS,emissible,3796
Y77.2,XX,XX/Y77.2.md,"Appareils utilisés en ophtalmologie, associés à des accidents - "" Prothèse et autres implants, matériel et accessoires """,true,false,true,true,false,2,cause_externe,OWL_ANS,emissible,3791
Y77.3,XX,XX/Y77.3.md,"Appareils utilisés en ophtalmologie, associés à des accidents - "" Instruments, matériaux et appareils chirurgicaux (y compris les sutures) """,true,false,true,true,false,2,cause_externe,OWL_ANS,emissible,3811
Y77.8,XX,XX/Y77.8.md,"Appareils utilisés en ophtalmologie, associés à des accidents - "" Appareils divers, non classés ailleurs """,true,false,true,true,false,2,cause_externe,OWL_ANS,emissible,4361
Y78.0,XX,XX/Y78.0.md,"Appareils utilisés en radiologie, associés à des accidents - "" Appareil pour diagnostic et monitorage """,true,false,true,true,false,2,cause_externe,OWL_ANS,emissible,3774
Y78.1,XX,XX/Y78.1.md,"Appareils utilisés en radiologie, associés à des accidents - "" Appareil pour traitement (non chirurgical) et rééducation """,true,false,true,true,false,2,cause_externe,OWL_ANS,emissible,3793
Y78.2,XX,XX/Y78.2.md,"Appareils utilisés en radiologie, associés à des accidents - "" Prothèse et autres implants, matériel et accessoires """,true,false,true,true,false,2,cause_externe,OWL_ANS,emissible,3788
Y78.3,XX,XX/Y78.3.md,"Appareils utilisés en radiologie, associés à des accidents - "" Instruments, matériaux et appareils chirurgicaux (y compris les sutures) """,true,false,true,true,false,2,cause_externe,OWL_ANS,emissible,3808
Y78.8,XX,XX/Y78.8.md,"Appareils utilisés en radiologie, associés à des accidents - "" Appareils divers, non classés ailleurs """,true,false,true,true,false,2,cause_externe,OWL_ANS,emissible,4346
Y79.0,XX,XX/Y79.0.md,"Appareils orthopédiques, associés à des accidents - "" Appareil pour diagnostic et monitorage """,true,false,true,true,false,2,cause_externe,OWL_ANS,emissible,3765
Y79.1,XX,XX/Y79.1.md,"Appareils orthopédiques, associés à des accidents - "" Appareil pour traitement (non chirurgical) et rééducation """,true,false,true,true,false,2,cause_externe,OWL_ANS,emissible,3784
Y79.2,XX,XX/Y79.2.md,"Appareils orthopédiques, associés à des accidents - "" Prothèse et autres implants, matériel et accessoires """,true,false,true,true,false,2,cause_externe,OWL_ANS,emissible,3779
Y79.3,XX,XX/Y79.3.md,"Appareils orthopédiques, associés à des accidents - "" Instruments, matériaux et appareils chirurgicaux (y compris les sutures) """,true,false,true,true,false,2,cause_externe,OWL_ANS,emissible,3799
Y79.8,XX,XX/Y79.8.md,"Appareils orthopédiques, associés à des accidents - "" Appareils divers, non classés ailleurs """,true,false,true,true,false,2,cause_externe,OWL_ANS,emissible,4301
Y80.0,XX,XX/Y80.0.md,"Appareils de médecine physique, associés à des accidents - "" Appareil pour diagnostic et monitorage """,true,false,true,true,false,2,cause_externe,OWL_ANS,emissible,3772
Y80.1,XX,XX/Y80.1.md,"Appareils de médecine physique, associés à des accidents - "" Appareil pour traitement (non chirurgical) et rééducation """,true,false,true,true,false,2,cause_externe,OWL_ANS,emissible,3791
Y80.2,XX,XX/Y80.2.md,"Appareils de médecine physique, associés à des accidents - "" Prothèse et autres implants, matériel et accessoires """,true,false,true,true,false,2,cause_externe,OWL_ANS,emissible,3786
Y80.3,XX,XX/Y80.3.md,"Appareils de médecine physique, associés à des accidents - "" Instruments, matériaux et appareils chirurgicaux (y compris les sutures) """,true,false,true,true,false,2,cause_externe,OWL_ANS,emissible,3806
Y80.8,XX,XX/Y80.8.md,"Appareils de médecine physique, associés à des accidents - "" Appareils divers, non classés ailleurs """,true,false,true,true,false,2,cause_externe,OWL_ANS,emissible,4336
Y81.0,XX,XX/Y81.0.md,"Appareils utilisés en chirurgie générale et esthétique, associés à des accidents - "" Appareil pour diagnostic et monitorage """,true,false,true,true,false,2,cause_externe,OWL_ANS,emissible,3796
Y81.1,XX,XX/Y81.1.md,"Appareils utilisés en chirurgie générale et esthétique, associés à des accidents - "" Appareil pour traitement (non chirurgical) et rééducation """,true,false,true,true,false,2,cause_externe,OWL_ANS,emissible,3815
Y81.2,XX,XX/Y81.2.md,"Appareils utilisés en chirurgie générale et esthétique, associés à des accidents - "" Prothèse et autres implants, matériel et accessoires """,true,false,true,true,false,2,cause_externe,OWL_ANS,emissible,3810
Y81.3,XX,XX/Y81.3.md,"Appareils utilisés en chirurgie générale et esthétique, associés à des accidents - "" Instruments, matériaux et appareils chirurgicaux (y compris les sutures) """,true,false,true,true,false,2,cause_externe,OWL_ANS,emissible,3830
Y81.8,XX,XX/Y81.8.md,"Appareils utilisés en chirurgie générale et esthétique, associés à des accidents - "" Appareils divers, non classés ailleurs """,true,false,true,true,false,2,cause_externe,OWL_ANS,emissible,4456
Y82.0,XX,XX/Y82.0.md,"Appareils associés à des accidents, autres et sans précision - "" Appareil pour diagnostic et monitorage """,true,false,true,true,false,2,cause_externe,OWL_ANS,emissible,3776
Y82.1,XX,XX/Y82.1.md,"Appareils associés à des accidents, autres et sans précision - "" Appareil pour traitement (non chirurgical) et rééducation """,true,false,true,true,false,2,cause_externe,OWL_ANS,emissible,3795
Y82.2,XX,XX/Y82.2.md,"Appareils associés à des accidents, autres et sans précision - "" Prothèse et autres implants, matériel et accessoires """,true,false,true,true,false,2,cause_externe,OWL_ANS,emissible,3790
Y82.3,XX,XX/Y82.3.md,"Appareils associés à des accidents, autres et sans précision - "" Instruments, matériaux et appareils chirurgicaux (y compris les sutures) """,true,false,true,true,false,2,cause_externe,OWL_ANS,emissible,3810
Y82.8,XX,XX/Y82.8.md,"Appareils associés à des accidents, autres et sans précision - "" Appareils divers, non classés ailleurs """,true,false,true,true,false,2,cause_externe,OWL_ANS,emissible,4356
Y83.0,XX,XX/Y83.0.md,Intervention chirurgicale avec transplantation d'un organe entier,true,false,true,true,false,2,cause_externe,OWL_ANS,emissible,3548
Y83.1,XX,XX/Y83.1.md,Intervention chirurgicale avec implantation d'une prothèse interne,true,false,true,true,false,2,cause_externe,OWL_ANS,emissible,3549
Y83.2,XX,XX/Y83.2.md,"Intervention chirurgicale avec anastomose, pontage ou greffe",true,false,true,true,false,2,cause_externe,OWL_ANS,emissible,3543
Y83.3,XX,XX/Y83.3.md,Intervention chirurgicale avec abouchement externe,true,false,true,true,false,2,cause_externe,OWL_ANS,emissible,3533
Y83.4,XX,XX/Y83.4.md,Autres interventions chirurgicales réparatrices,true,false,true,true,false,2,cause_externe,OWL_ANS,emissible,3530
Y83.5,XX,XX/Y83.5.md,Amputation de membre(s),true,false,true,true,false,2,cause_externe,OWL_ANS,emissible,3506
Y83.6,XX,XX/Y83.6.md,Ablation d'un autre organe (partielle) (totale),true,false,true,true,false,2,cause_externe,OWL_ANS,emissible,3530
Y83.8,XX,XX/Y83.8.md,Autres interventions chirurgicales,true,false,true,true,false,2,cause_externe,OWL_ANS,emissible,4007
Y83.9,XX,XX/Y83.9.md,"Intervention chirurgicale, sans précision",true,false,true,true,false,2,cause_externe,OWL_ANS,emissible,3524
Y84.0,XX,XX/Y84.0.md,Cathétérisme cardiaque,true,false,true,true,false,2,cause_externe,OWL_ANS,emissible,3505
Y84.1,XX,XX/Y84.1.md,Dialyse rénale,true,false,true,true,false,2,cause_externe,OWL_ANS,emissible,3497
Y84.2,XX,XX/Y84.2.md,Acte radiologique et radiothérapie,true,false,true,true,false,2,cause_externe,OWL_ANS,emissible,3517
Y84.3,XX,XX/Y84.3.md,Choc thérapeutique,true,false,true,true,false,2,cause_externe,OWL_ANS,emissible,3501
Y84.4,XX,XX/Y84.4.md,Aspiration d'un liquide,true,false,true,true,false,2,cause_externe,OWL_ANS,emissible,3506
Y84.5,XX,XX/Y84.5.md,Mise en place d'une sonde gastrique ou duodénale,true,false,true,true,false,2,cause_externe,OWL_ANS,emissible,3531
Y84.6,XX,XX/Y84.6.md,Sondage urinaire,true,false,true,true,false,2,cause_externe,OWL_ANS,emissible,3499
Y84.7,XX,XX/Y84.7.md,Prélèvement de sang,true,false,true,true,false,2,cause_externe,OWL_ANS,emissible,3502
Y84.8,XX,XX/Y84.8.md,Autres actes médicaux,true,false,true,true,false,2,cause_externe,OWL_ANS,emissible,3843
Y84.9,XX,XX/Y84.9.md,"Acte médical, sans précision",true,false,true,true,false,2,cause_externe,OWL_ANS,emissible,3511
Y85.0,XX,XX/Y85.0.md,Séquelles d'un accident de véhicule à moteur,false,false,false,true,false,2,cause_externe,OWL_ANS,emissible,1744
Y85.9,XX,XX/Y85.9.md,"Séquelles d'accidents de transport, autres et sans précision",false,false,false,true,false,2,cause_externe,OWL_ANS,emissible,1760
Y86,XX,XX/Y86.md,Séquelles d'autres accidents,false,false,false,true,false,2,cause_externe,OWL_ANS,emissible,1724
Y87.0,XX,XX/Y87.0.md,Séquelles d'une lésion auto-infligée,false,false,false,true,false,2,cause_externe,OWL_ANS,emissible,1736
Y87.1,XX,XX/Y87.1.md,Séquelles d'une agression,false,false,false,true,false,2,cause_externe,OWL_ANS,emissible,1725
Y87.2,XX,XX/Y87.2.md,Séquelles d'un événement d'intention non déterminée,false,false,false,true,false,2,cause_externe,OWL_ANS,emissible,1751
Y88.0,XX,XX/Y88.0.md,Séquelles de l'administration de médicaments et de substances biologiques ayant provoqué des effets indésirables au cours de leur usage thérapeutique,false,false,false,true,false,2,cause_externe,OWL_ANS,emissible,2548
Y88.1,XX,XX/Y88.1.md,Séquelles d'accidents et de complications survenus au cours d'actes médicaux et chirurgicaux,false,false,false,true,false,2,cause_externe,OWL_ANS,emissible,2491
Y88.2,XX,XX/Y88.2.md,Séquelles d'appareils médicaux associés à des accidents au cours d'actes diagnostiques et thérapeutiques,false,false,false,true,false,2,cause_externe,OWL_ANS,emissible,2503
Y88.3,XX,XX/Y88.3.md,"Séquelles d'actes médicaux et chirurgicaux à l'origine de réactions anormales du patient ou de complication ultérieure, sans mention d'accident au cours de l'intervention",false,false,false,true,false,2,cause_externe,OWL_ANS,emissible,2569
Y89.0,XX,XX/Y89.0.md,Séquelles de l'intervention de la force publique,false,false,false,true,false,2,cause_externe,OWL_ANS,emissible,1748
Y89.1,XX,XX/Y89.1.md,Séquelles de faits de guerre,false,false,false,true,false,2,cause_externe,OWL_ANS,emissible,1728
Y89.9,XX,XX/Y89.9.md,"Séquelles de cause externe, sans précision",false,false,false,true,false,2,cause_externe,OWL_ANS,emissible,1742
Y90.0,XX,XX/Y90.0.md,Alcoolémie inférieure à 20 mg/100 ml,false,false,false,true,false,2,cause_externe,OWL_ANS,emissible,1900
Y90.1,XX,XX/Y90.1.md,Alcoolémie de 20 à moins de 40 mg/100 ml,false,false,false,true,false,2,cause_externe,OWL_ANS,emissible,1904
Y90.2,XX,XX/Y90.2.md,Alcoolémie de 40 à moins de 60 mg/100 ml,false,false,false,true,false,2,cause_externe,OWL_ANS,emissible,1904
Y90.3,XX,XX/Y90.3.md,Alcoolémie de 60 à moins de 80 mg/100 ml,false,false,false,true,false,2,cause_externe,OWL_ANS,emissible,1904
Y90.4,XX,XX/Y90.4.md,Alcoolémie de 80 à moins de 100 mg/100 ml,false,false,false,true,false,2,cause_externe,OWL_ANS,emissible,1905
Y90.5,XX,XX/Y90.5.md,Alcoolémie de 100 à moins de 120 mg/100 ml,false,false,false,true,false,2,cause_externe,OWL_ANS,emissible,1906
Y90.6,XX,XX/Y90.6.md,Alcoolémie de 120 à moins de 200 mg/100 ml,false,false,false,true,false,2,cause_externe,OWL_ANS,emissible,1906
Y90.7,XX,XX/Y90.7.md,Alcoolémie de 200 à moins de 240 mg/100 ml,false,false,false,true,false,2,cause_externe,OWL_ANS,emissible,1906
Y90.8,XX,XX/Y90.8.md,Alcoolémie égale ou supérieure à 240 mg/100 ml,false,false,true,true,false,2,cause_externe,OWL_ANS,emissible,2399
Y90.9,XX,XX/Y90.9.md,"Présence d'alcool dans le sang, sans précision de taux",false,false,false,true,false,2,cause_externe,OWL_ANS,emissible,1918
Y91.0,XX,XX/Y91.0.md,Intoxication alcoolique légère,true,false,true,true,false,2,cause_externe,OWL_ANS,emissible,2409
Y91.1,XX,XX/Y91.1.md,Intoxication alcoolique modérée,true,false,true,true,false,2,cause_externe,OWL_ANS,emissible,2414
Y91.2,XX,XX/Y91.2.md,Intoxication alcoolique sévère,true,false,true,true,false,2,cause_externe,OWL_ANS,emissible,2377
Y91.3,XX,XX/Y91.3.md,Intoxication alcoolique très sévère,true,false,true,true,false,2,cause_externe,OWL_ANS,emissible,2412
Y91.9,XX,XX/Y91.9.md,"Rôle de l'alcool, sans autre indication",true,false,true,true,false,2,cause_externe,OWL_ANS,emissible,2117
Y95,XX,XX/Y95.md,Facteurs nosocomiaux,false,false,false,true,false,2,cause_externe,OWL_ANS,emissible,2124
Y96,XX,XX/Y96.md,Facteurs liés aux conditions de travail,false,false,false,true,false,2,cause_externe,OWL_ANS,emissible,1871
Y97,XX,XX/Y97.md,Facteurs liés à la pollution de l'environnement,false,false,false,false,false,2,cause_externe,OWL_ANS,emissible,1388
Y98,XX,XX/Y98.md,Facteurs liés au mode de vie,false,false,false,false,false,2,cause_externe,OWL_ANS,emissible,1369
Z00.0,XXI,XXI/Z00.0.md,Examen médical général,true,false,true,true,true,0,codable,OWL_ANS,emissible,1656
Z00.1,XXI,XXI/Z00.1.md,Examen de routine de l'enfant,true,false,true,true,false,0,codable,OWL_ANS,emissible,1622
Z00.2,XXI,XXI/Z00.2.md,Examen à la période de croissance rapide de l'enfance,false,false,true,true,true,0,codable,OWL_ANS,emissible,1469
Z00.3,XXI,XXI/Z00.3.md,Examen de l'adolescent en cours de croissance,true,false,true,true,true,0,codable,OWL_ANS,emissible,1499
Z00.4,XXI,XXI/Z00.4.md,"Examen psychiatrique général, non classé ailleurs",false,false,true,true,false,0,codable,OWL_ANS,emissible,1473
Z00.5,XXI,XXI/Z00.5.md,Examen d'un donneur éventuel d'organe et de tissu,false,false,true,true,false,0,codable,OWL_ANS,emissible,1386
Z00.6,XXI,XXI/Z00.6.md,Examen de comparaison et de contrôle dans le cadre d'un programme de recherche clinique,false,false,true,true,false,0,codable,OWL_ANS,emissible,1424
Z00.8,XXI,XXI/Z00.8.md,Autres examens généraux,true,false,true,true,false,0,codable,OWL_ANS,emissible,1931
Z01.0,XXI,XXI/Z01.0.md,Examen des yeux et de la vision,true,false,true,true,false,0,codable,OWL_ANS,emissible,1627
Z01.1,XXI,XXI/Z01.1.md,Examen des oreilles et de l'audition,true,false,true,true,false,0,codable,OWL_ANS,emissible,1551
Z01.2,XXI,XXI/Z01.2.md,Examen dentaire,true,false,true,true,false,0,codable,OWL_ANS,emissible,1530
Z01.3,XXI,XXI/Z01.3.md,Mesure de la tension artérielle,true,false,true,true,true,0,codable,OWL_ANS,emissible,1626
Z01.4,XXI,XXI/Z01.4.md,Examen gynécologique (de routine) (général),true,false,true,true,false,0,codable,OWL_ANS,emissible,1818
Z01.5,XXI,XXI/Z01.5.md,Tests cutanés de diagnostic et de sensibilisation,true,false,true,true,true,0,codable,OWL_ANS,emissible,1782
Z01.6,XXI,XXI/Z01.6.md,"Examen radiologique, non classé ailleurs",true,false,true,true,true,0,codable,OWL_ANS,emissible,1705
Z01.7,XXI,XXI/Z01.7.md,Examens de laboratoire,true,false,true,true,false,0,codable,OWL_ANS,emissible,1537
Z01.8,XXI,XXI/Z01.8.md,Autres examens spéciaux précisés,true,false,true,true,false,0,codable,OWL_ANS,emissible,1959
Z01.9,XXI,XXI/Z01.9.md,"Examen spécial, sans précision",true,false,true,true,true,0,codable,OWL_ANS,emissible,1563
Z02.0,XXI,XXI/Z02.0.md,Examen pour l'admission dans une institution éducative,true,false,true,true,false,0,codable,OWL_ANS,emissible,1378
Z02.1,XXI,XXI/Z02.1.md,Examen d'embauche,false,false,true,true,false,0,codable,OWL_ANS,emissible,1281
Z02.2,XXI,XXI/Z02.2.md,Examen pour l'admission dans une institution,false,false,true,true,false,0,codable,OWL_ANS,emissible,1373
Z02.3,XXI,XXI/Z02.3.md,Examen d'incorporation dans l'armée,false,false,true,true,false,0,codable,OWL_ANS,emissible,1338
Z02.4,XXI,XXI/Z02.4.md,Examen pour le permis de conduire,false,false,true,true,false,0,codable,OWL_ANS,emissible,1220
Z02.5,XXI,XXI/Z02.5.md,Examen pour la pratique d'un sport,false,false,true,true,false,0,codable,OWL_ANS,emissible,1401
Z02.6,XXI,XXI/Z02.6.md,Examen à des fins d'assurance,false,false,true,true,false,0,codable,OWL_ANS,emissible,1216
Z02.7,XXI,XXI/Z02.7.md,Délivrance d'un certificat médical,true,false,true,true,true,0,codable,OWL_ANS,emissible,1747
Z02.8,XXI,XXI/Z02.8.md,Autres examens à des fins administratives,true,false,true,true,false,0,codable,OWL_ANS,emissible,2039
Z02.9,XXI,XXI/Z02.9.md,"Examen à des fins administratives, sans précision",false,false,true,true,true,0,codable,OWL_ANS,emissible,1355
Z03.0,XXI,XXI/Z03.0.md,Mise en observation pour suspicion de tuberculose,true,false,true,true,false,0,codable,OWL_ANS,emissible,2174
Z03.1,XXI,XXI/Z03.1.md,Mise en observation pour suspicion de tumeur maligne,true,false,true,true,false,0,codable,OWL_ANS,emissible,2177
Z03.2,XXI,XXI/Z03.2.md,Mise en observation pour suspicion de troubles mentaux et du comportement,true,false,true,true,true,0,codable,OWL_ANS,emissible,2634
Z03.3,XXI,XXI/Z03.3.md,Mise en observation pour suspicion d'affection du système nerveux,true,false,true,true,false,0,codable,OWL_ANS,emissible,2190
Z03.4,XXI,XXI/Z03.4.md,Mise en observation pour suspicion d'infarctus du myocarde,true,false,true,true,false,0,codable,OWL_ANS,emissible,2183
Z03.5,XXI,XXI/Z03.5.md,Mise en observation pour suspicion d'autres affections cardiovasculaires,true,false,true,true,false,0,codable,OWL_ANS,emissible,2197
Z03.6,XXI,XXI/Z03.6.md,Mise en observation pour suspicion d'effet toxique de substances ingérées,true,false,true,true,false,0,codable,OWL_ANS,emissible,2346
Z03.8,XXI,XXI/Z03.8.md,Mise en observation pour suspicion d'autres maladies,true,false,true,true,false,0,codable,OWL_ANS,emissible,2751
Z03.9,XXI,XXI/Z03.9.md,"Mise en observation pour suspicion de maladie, sans précision",true,false,true,true,false,0,codable,OWL_ANS,emissible,2157
Z04.0,XXI,XXI/Z04.0.md,Alcootest et recherche de substances pharmacologiques dans le sang,true,false,true,true,true,0,codable,OWL_ANS,emissible,1747
Z04.1,XXI,XXI/Z04.1.md,Examen et mise en observation après un accident de transport,true,false,true,true,false,0,codable,OWL_ANS,emissible,1530
Z04.2,XXI,XXI/Z04.2.md,Examen et mise en observation après un accident du travail,true,false,true,true,false,0,codable,OWL_ANS,emissible,1452
Z04.3,XXI,XXI/Z04.3.md,Examen et mise en observation après un autre accident,true,false,true,true,true,0,codable,OWL_ANS,emissible,1511
Z04.4,XXI,XXI/Z04.4.md,Examen et mise en observation après allégation de viol et de séduction,true,false,true,true,false,0,codable,OWL_ANS,emissible,1600
Z04.5,XXI,XXI/Z04.5.md,Examen et mise en observation après d'autres blessures dues à une agression,true,false,true,true,false,0,codable,OWL_ANS,emissible,1610
Z04.6,XXI,XXI/Z04.6.md,"Examen psychiatrique général, à la demande des autorités",true,false,true,true,false,0,codable,OWL_ANS,emissible,1486
Z04.800,XXI,XXI/Z04.800.md,Examen et mise en observation pour enregistrement électroencéphalographique de longue durée,true,false,true,true,false,0,codable,OWL_ANS,emissible,1867
Z04.801,XXI,XXI/Z04.801.md,Examen et mise en observation pour polysomnographie,true,false,true,true,false,0,codable,OWL_ANS,emissible,1897
Z04.802,XXI,XXI/Z04.802.md,Examen et mise en observation pour bilan préopératoire,true,false,true,true,false,0,codable,OWL_ANS,emissible,1830
Z04.880,XXI,XXI/Z04.880.md,Autres examens et mises en observation pour d'autres raisons précisées,true,false,true,true,false,0,codable,OWL_ANS,emissible,1889
Z04.9,XXI,XXI/Z04.9.md,Examen et mise en observation pour une raison non précisée,true,false,true,true,true,1,interdit_dp_dr,OWL_ANS,emissible,1512
Z08.0,XXI,XXI/Z08.0.md,Examen de contrôle après traitement chirurgical d'une tumeur maligne,true,false,true,true,false,0,codable,OWL_ANS,emissible,1542
Z08.1,XXI,XXI/Z08.1.md,Examen de contrôle après radiothérapie pour tumeur maligne,true,false,true,true,false,0,codable,OWL_ANS,emissible,1603
Z08.2,XXI,XXI/Z08.2.md,Examen de contrôle après chimiothérapie pour tumeur maligne,true,false,true,true,false,0,codable,OWL_ANS,emissible,1868
Z08.7,XXI,XXI/Z08.7.md,Examen de contrôle après traitements combinés pour tumeur maligne,true,false,true,true,false,0,codable,OWL_ANS,emissible,1539
Z08.8,XXI,XXI/Z08.8.md,Examen de contrôle après d'autres traitements pour tumeur maligne,true,false,true,true,false,0,codable,OWL_ANS,emissible,1882
Z08.9,XXI,XXI/Z08.9.md,"Examen de contrôle après traitement pour tumeur maligne, sans précision",true,false,true,true,false,0,codable,OWL_ANS,emissible,1516
Z09.0,XXI,XXI/Z09.0.md,Examen de contrôle après traitement chirurgical d'autres affections,true,false,true,true,false,0,codable,OWL_ANS,emissible,1695
Z09.1,XXI,XXI/Z09.1.md,Examen de contrôle après radiothérapie pour d'autres affections,true,false,true,true,false,0,codable,OWL_ANS,emissible,1762
Z09.2,XXI,XXI/Z09.2.md,Examen de contrôle après chimiothérapie pour d'autres affections,true,false,true,true,false,0,codable,OWL_ANS,emissible,2035
Z09.3,XXI,XXI/Z09.3.md,Examen de contrôle après psychothérapie,true,false,true,true,false,0,codable,OWL_ANS,emissible,1667
Z09.4,XXI,XXI/Z09.4.md,Examen de contrôle après traitement d'une fracture,true,false,true,true,false,0,codable,OWL_ANS,emissible,1678
Z09.7,XXI,XXI/Z09.7.md,Examen de contrôle après traitements combinés pour d'autres affections,true,false,true,true,false,0,codable,OWL_ANS,emissible,1698
Z09.8,XXI,XXI/Z09.8.md,Examen de contrôle après d'autres traitements pour d'autres affections,true,false,true,true,false,0,codable,OWL_ANS,emissible,2170
Z09.9,XXI,XXI/Z09.9.md,"Examen de contrôle après traitement pour une affection, sans précision",true,false,true,true,false,0,codable,OWL_ANS,emissible,1669
Z10.0,XXI,XXI/Z10.0.md,Examen de médecine du travail,false,false,true,true,false,0,codable,OWL_ANS,emissible,1347
Z10.1,XXI,XXI/Z10.1.md,Examen général de routine des résidents d'institutions,false,false,true,true,false,0,codable,OWL_ANS,emissible,1394
Z10.2,XXI,XXI/Z10.2.md,Examen général de routine des forces armées,false,false,true,true,false,0,codable,OWL_ANS,emissible,1366
Z10.3,XXI,XXI/Z10.3.md,Examen général de routine des équipes sportives,false,false,true,true,false,0,codable,OWL_ANS,emissible,1457
Z10.8,XXI,XXI/Z10.8.md,Examens généraux de routine d'autres souspopulations définies,true,false,true,true,false,0,codable,OWL_ANS,emissible,1665
Z11.0,XXI,XXI/Z11.0.md,Examen spécial de dépistage de maladies infectieuses intestinales,false,false,true,true,false,0,codable,OWL_ANS,emissible,1372
Z11.1,XXI,XXI/Z11.1.md,Examen spécial de dépistage de tuberculose pulmonaire,false,false,true,true,false,0,codable,OWL_ANS,emissible,1360
Z11.2,XXI,XXI/Z11.2.md,Examen spécial de dépistage d'autres maladies bactériennes,false,false,true,true,false,0,codable,OWL_ANS,emissible,1365
Z11.3,XXI,XXI/Z11.3.md,Examen spécial de dépistage des infections dont le mode de transmission est essentiellement sexuel,false,false,true,true,true,0,codable,OWL_ANS,emissible,1470
Z11.4,XXI,XXI/Z11.4.md,Examen spécial de dépistage du virus de l'immunodéficience humaine [VIH],false,false,true,true,false,0,codable,OWL_ANS,emissible,1379
Z11.5,XXI,XXI/Z11.5.md,Examen spécial de dépistage d'autres maladies à virus,false,false,true,true,false,0,codable,OWL_ANS,emissible,1437
Z11.6,XXI,XXI/Z11.6.md,Examen spécial de dépistage d'autres maladies à protozoaires et helminthiases,false,false,true,true,false,0,codable,OWL_ANS,emissible,1468
Z11.8,XXI,XXI/Z11.8.md,Examen spécial de dépistage d'autres maladies infectieuses et parasitaires,true,false,true,true,false,0,codable,OWL_ANS,emissible,2123
Z11.9,XXI,XXI/Z11.9.md,"Examen spécial de dépistage de maladies infectieuses et parasitaires, sans précision",false,false,true,true,false,0,codable,OWL_ANS,emissible,1391
Z12.0,XXI,XXI/Z12.0.md,Examen spécial de dépistage de tumeur de l'estomac,false,false,true,true,false,0,codable,OWL_ANS,emissible,1357
Z12.1,XXI,XXI/Z12.1.md,Examen spécial de dépistage de tumeur de l'intestin,false,false,true,true,false,0,codable,OWL_ANS,emissible,1358
Z12.2,XXI,XXI/Z12.2.md,Examen spécial de dépistage de tumeur de l'appareil respiratoire,false,false,true,true,false,0,codable,OWL_ANS,emissible,1371
Z12.3,XXI,XXI/Z12.3.md,Examen spécial de dépistage de tumeur du sein,false,false,true,true,true,0,codable,OWL_ANS,emissible,1478
Z12.4,XXI,XXI/Z12.4.md,Examen spécial de dépistage de tumeur du col de l'utérus,false,false,true,true,true,0,codable,OWL_ANS,emissible,1580
Z12.5,XXI,XXI/Z12.5.md,Examen spécial de dépistage de tumeur de la prostate,false,false,true,true,false,0,codable,OWL_ANS,emissible,1359
Z12.6,XXI,XXI/Z12.6.md,Examen spécial de dépistage de tumeur de la vessie,false,false,true,true,false,0,codable,OWL_ANS,emissible,1357
Z12.8,XXI,XXI/Z12.8.md,Examen spécial de dépistage de tumeurs d'autres localisations,false,false,true,true,false,0,codable,OWL_ANS,emissible,1868
Z12.9,XXI,XXI/Z12.9.md,"Examen spécial de dépistage d'une tumeur, sans précision",false,false,true,true,false,0,codable,OWL_ANS,emissible,1363
Z13.0,XXI,XXI/Z13.0.md,"Examen spécial de dépistage de maladies du sang, des organes hématopoïétiques et de certains troubles du système immunitaire",false,false,true,true,false,0,codable,OWL_ANS,emissible,1431
Z13.1,XXI,XXI/Z13.1.md,Examen spécial de dépistage de diabète sucré,false,false,true,true,false,0,codable,OWL_ANS,emissible,1351
Z13.2,XXI,XXI/Z13.2.md,Examen spécial de dépistage des troubles de la nutrition,false,false,true,true,false,0,codable,OWL_ANS,emissible,1363
Z13.3,XXI,XXI/Z13.3.md,Examen spécial de dépistage des troubles mentaux et du comportement,true,false,true,true,false,0,codable,OWL_ANS,emissible,1468
Z13.4,XXI,XXI/Z13.4.md,Examen spécial de dépistage de certains troubles du développement de l'enfance,false,false,true,true,false,0,codable,OWL_ANS,emissible,1501
Z13.50,XXI,XXI/Z13.50.md,Examen spécial de dépistage des affections des yeux,false,false,true,true,false,0,codable,OWL_ANS,emissible,1360
Z13.51,XXI,XXI/Z13.51.md,Examen spécial de dépistage des affections des oreilles,false,false,true,true,false,0,codable,OWL_ANS,emissible,1572
Z13.6,XXI,XXI/Z13.6.md,Examen spécial de dépistage des affections cardiovasculaires,false,false,true,true,false,0,codable,OWL_ANS,emissible,1367
Z13.7,XXI,XXI/Z13.7.md,Examen spécial de dépistage des malformations congénitales et anomalies chromosomiques,false,false,true,true,false,0,codable,OWL_ANS,emissible,1393
Z13.8,XXI,XXI/Z13.8.md,Examen spécial de dépistage d'autres maladies précisées,true,false,true,true,false,0,codable,OWL_ANS,emissible,2287
Z13.9,XXI,XXI/Z13.9.md,"Examen spécial de dépistage, sans précision",false,false,true,true,false,1,interdit_dp_dr,OWL_ANS,emissible,1352
Z20.0,XXI,XXI/Z20.0.md,Sujets en contact avec et exposés à des maladies infectieuses intestinales,false,false,false,true,false,0,codable,OWL_ANS,emissible,1345
Z20.1,XXI,XXI/Z20.1.md,Sujets en contact avec et exposés à la tuberculose,false,false,false,true,false,0,codable,OWL_ANS,emissible,1321
Z20.2,XXI,XXI/Z20.2.md,Sujets en contact avec et exposés à des infections dont le mode de transmission est essentiellement sexuel,false,false,false,true,false,0,codable,OWL_ANS,emissible,1377
Z20.3,XXI,XXI/Z20.3.md,Sujets en contact avec et exposés à la rage,false,false,false,true,false,0,codable,OWL_ANS,emissible,1314
Z20.4,XXI,XXI/Z20.4.md,Sujets en contact avec et exposés à la rubéole,false,false,false,true,false,0,codable,OWL_ANS,emissible,1317
Z20.5,XXI,XXI/Z20.5.md,Sujets en contact avec et exposés à l'hépatite virale,false,false,false,true,false,0,codable,OWL_ANS,emissible,1324
Z20.6,XXI,XXI/Z20.6.md,Sujets en contact avec et exposés au virus de l'immunodéficience humaine [VIH],false,false,true,true,false,0,codable,OWL_ANS,emissible,1489
Z20.7,XXI,XXI/Z20.7.md,"Sujets en contact avec et exposés à la pédiculose, l'acariase et à d'autres infestations",false,false,false,true,false,0,codable,OWL_ANS,emissible,1359
Z20.8,XXI,XXI/Z20.8.md,Sujets en contact avec et exposés à d'autres maladies transmissibles,false,false,true,true,false,0,codable,OWL_ANS,emissible,2043
Z20.9,XXI,XXI/Z20.9.md,Sujets en contact avec et exposés à une maladie transmissible non précisée,false,false,false,true,false,0,codable,OWL_ANS,emissible,1345
Z21,XXI,XXI/Z21.md,Infection asymptomatique par le virus de l'immunodéficience humaine [VIH],true,false,true,true,true,0,codable,OWL_ANS,emissible,1733
Z22.0,XXI,XXI/Z22.0.md,Sujet porteur de typhoïde,true,false,false,true,false,0,codable,OWL_ANS,emissible,1272
Z22.1,XXI,XXI/Z22.1.md,Sujet porteur d'autres maladies intestinales infectieuses,true,false,false,true,false,0,codable,OWL_ANS,emissible,1304
Z22.2,XXI,XXI/Z22.2.md,Sujet porteur de diphtérie,true,false,false,true,false,0,codable,OWL_ANS,emissible,1273
Z22.3,XXI,XXI/Z22.3.md,Sujet porteur d'autres maladies bactériennes précisées,true,false,false,true,false,0,codable,OWL_ANS,emissible,1979
Z22.4,XXI,XXI/Z22.4.md,Sujet porteur de maladies dont le mode de transmission est essentiellement sexuel,true,false,false,true,false,0,codable,OWL_ANS,emissible,1408
Z22.6,XXI,XXI/Z22.6.md,Sujet porteur d'une infection à virus lymphotrope des lymphocytes T humains de type 1 [HTLV-1],true,false,false,true,false,0,codable,OWL_ANS,emissible,1341
Z22.7,XXI,XXI/Z22.7.md,Sujet porteur d'infection tuberculeuse latente,true,false,true,true,false,0,codable,OWL_ANS,emissible,1455
Z22.8,XXI,XXI/Z22.8.md,Sujet porteur d'autres maladies infectieuses,true,false,true,true,false,0,codable,OWL_ANS,emissible,1827
Z22.9,XXI,XXI/Z22.9.md,"Sujet porteur d'une maladie infectieuse, sans précision",true,false,false,true,false,0,codable,OWL_ANS,emissible,1302
Z23.0,XXI,XXI/Z23.0.md,Nécessité d'une vaccination contre le choléra seul,false,false,true,true,false,0,codable,OWL_ANS,emissible,837
Z23.1,XXI,XXI/Z23.1.md,Nécessité d'une vaccination contre la typhoïde-paratyphoïde seule [TAB],false,false,true,true,false,0,codable,OWL_ANS,emissible,858
Z23.2,XXI,XXI/Z23.2.md,Nécessité d'une vaccination contre la tuberculose [BCG],false,false,true,true,false,0,codable,OWL_ANS,emissible,842
Z23.3,XXI,XXI/Z23.3.md,Nécessité d'une vaccination contre la peste,false,false,true,true,false,0,codable,OWL_ANS,emissible,830
Z23.4,XXI,XXI/Z23.4.md,Nécessité d'une vaccination contre la tularémie,false,false,true,true,false,0,codable,OWL_ANS,emissible,834
Z23.5,XXI,XXI/Z23.5.md,Nécessité d'une vaccination contre le tétanos seul,false,false,true,true,false,0,codable,OWL_ANS,emissible,837
Z23.6,XXI,XXI/Z23.6.md,Nécessité d'une vaccination contre la diphtérie seule,false,false,true,true,false,0,codable,OWL_ANS,emissible,840
Z23.7,XXI,XXI/Z23.7.md,Nécessité d'une vaccination contre la coqueluche seule,false,false,true,true,false,0,codable,OWL_ANS,emissible,841
Z23.8,XXI,XXI/Z23.8.md,Nécessité d'une vaccination contre d'autres maladies bactériennes uniques,false,false,true,true,false,0,codable,OWL_ANS,emissible,1428
Z24.0,XXI,XXI/Z24.0.md,Nécessité d'une vaccination contre la poliomyélite,false,false,true,true,false,0,codable,OWL_ANS,emissible,837
Z24.1,XXI,XXI/Z24.1.md,Nécessité d'une vaccination contre l'encéphalite virale transmise par les arthropodes,false,false,true,true,false,0,codable,OWL_ANS,emissible,872
Z24.2,XXI,XXI/Z24.2.md,Nécessité d'une vaccination contre la rage,false,false,true,true,false,0,codable,OWL_ANS,emissible,829
Z24.3,XXI,XXI/Z24.3.md,Nécessité d'une vaccination contre la fièvre jaune,false,false,true,true,false,0,codable,OWL_ANS,emissible,837
Z24.4,XXI,XXI/Z24.4.md,Nécessité d'une vaccination contre la rougeole seule,false,false,true,true,false,0,codable,OWL_ANS,emissible,839
Z24.5,XXI,XXI/Z24.5.md,Nécessité d'une vaccination contre la rubéole seule,false,false,true,true,false,0,codable,OWL_ANS,emissible,838
Z24.6,XXI,XXI/Z24.6.md,Nécessité d'une vaccination contre l'hépatite virale,false,false,true,true,false,0,codable,OWL_ANS,emissible,839
Z25.0,XXI,XXI/Z25.0.md,Nécessité d'une vaccination contre les oreillons seuls,false,false,true,true,false,0,codable,OWL_ANS,emissible,841
Z25.1,XXI,XXI/Z25.1.md,Nécessité d'une vaccination contre la grippe,false,false,true,true,false,0,codable,OWL_ANS,emissible,831
Z25.8,XXI,XXI/Z25.8.md,Nécessité d'une vaccination contre d'autres maladies virales uniques précisées,false,false,true,true,false,0,codable,OWL_ANS,emissible,1030
Z26.0,XXI,XXI/Z26.0.md,Nécessité d'une vaccination contre la leishmaniose,false,false,true,true,false,0,codable,OWL_ANS,emissible,837
Z26.8,XXI,XXI/Z26.8.md,Nécessité d'une vaccination contre d'autres maladies infectieuses uniques précisées,false,false,true,true,false,0,codable,OWL_ANS,emissible,974
Z26.9,XXI,XXI/Z26.9.md,"Nécessité d'une vaccination contre une maladie infectieuse, sans précision",true,false,true,true,true,0,codable,OWL_ANS,emissible,1001
Z27.0,XXI,XXI/Z27.0.md,Nécessité d'une vaccination contre le choléra et la typhoïde-parathyphoïde [choléra + TAB],false,false,true,true,false,0,codable,OWL_ANS,emissible,851
Z27.1,XXI,XXI/Z27.1.md,Nécessité d'une vaccination associée contre diphtérie-tétanos-coqueluche [DTCoq],false,false,true,true,false,0,codable,OWL_ANS,emissible,841
Z27.2,XXI,XXI/Z27.2.md,Nécessité d'une vaccination contre diphtérie-tétanos-coqueluche et typhoïde-paratyphoïde [DTCoq + TAB],false,false,true,true,false,0,codable,OWL_ANS,emissible,863
Z27.3,XXI,XXI/Z27.3.md,Nécessité d'une vaccination contre diphtérie-tétanos-coqueluche et poliomyélite [DTCoq + polio],false,false,true,true,false,0,codable,OWL_ANS,emissible,856
Z27.4,XXI,XXI/Z27.4.md,Nécessité d'une vaccination contre rougeole-oreillons-rubéole [ROR],false,false,true,true,false,0,codable,OWL_ANS,emissible,828
Z27.8,XXI,XXI/Z27.8.md,Nécessité d'une vaccination contre d'autres associations de maladies infectieuses,false,false,true,true,false,0,codable,OWL_ANS,emissible,1382
Z27.9,XXI,XXI/Z27.9.md,"Nécessité d'une vaccination associée contre plusieurs maladies infectieuses, sans précision",false,false,true,true,true,0,codable,OWL_ANS,emissible,886
Z28.0,XXI,XXI/Z28.0.md,Vaccination non faite en raison d'une contre-indication,false,false,false,true,true,0,codable,OWL_ANS,emissible,769
Z28.1,XXI,XXI/Z28.1.md,Vaccination non faite par décision du sujet pour raisons de conviction ou de pression sociale,false,false,false,true,false,0,codable,OWL_ANS,emissible,735
Z28.2,XXI,XXI/Z28.2.md,Vaccination non faite par décision du sujet pour des raisons autres et non précisées,false,false,false,true,false,0,codable,OWL_ANS,emissible,726
Z28.8,XXI,XXI/Z28.8.md,Vaccination non faite pour d'autres raisons,false,false,true,true,false,0,codable,OWL_ANS,emissible,1018
Z28.9,XXI,XXI/Z28.9.md,"Vaccination non faite, sans précision",false,false,false,true,true,0,codable,OWL_ANS,emissible,743
Z29.0,XXI,XXI/Z29.0.md,Isolement,true,false,true,true,true,0,codable,OWL_ANS,emissible,2100
Z29.1,XXI,XXI/Z29.1.md,Immunothérapie prophylactique,true,false,true,true,true,0,codable,OWL_ANS,emissible,1533
Z29.2,XXI,XXI/Z29.2.md,Autres mesures de chimiothérapie prophylactique,true,false,true,true,true,0,codable,OWL_ANS,emissible,1537
Z29.8,XXI,XXI/Z29.8.md,Autres mesures prophylactiques précisées,false,false,true,true,false,0,codable,OWL_ANS,emissible,1270
Z29.9,XXI,XXI/Z29.9.md,"Mesure prophylactique, sans précision",false,false,true,true,false,0,codable,OWL_ANS,emissible,1073
Z30.0,XXI,XXI/Z30.0.md,Conseils et avis généraux concernant la contraception,true,false,false,true,true,0,codable,OWL_ANS,emissible,938
Z30.1,XXI,XXI/Z30.1.md,Mise en place d'un dispositif contraceptif (intra-utérin),false,false,false,true,true,0,codable,OWL_ANS,emissible,849
Z30.2,XXI,XXI/Z30.2.md,Stérilisation,true,false,false,true,true,0,codable,OWL_ANS,emissible,903
Z30.3,XXI,XXI/Z30.3.md,Extraction cataméniale,true,false,false,true,true,0,codable,OWL_ANS,emissible,850
Z30.4,XXI,XXI/Z30.4.md,Surveillance de contraceptifs,true,false,false,true,true,0,codable,OWL_ANS,emissible,1046
Z30.5,XXI,XXI/Z30.5.md,Surveillance d'un dispositif contraceptif (intra-utérin),true,false,false,true,true,0,codable,OWL_ANS,emissible,1071
Z30.8,XXI,XXI/Z30.8.md,Autres prises en charge d'une contraception,true,false,true,true,false,0,codable,OWL_ANS,emissible,1155
Z30.9,XXI,XXI/Z30.9.md,"Prise en charge d'une contraception, sans précision",false,false,false,true,false,0,codable,OWL_ANS,emissible,709
Z31.0,XXI,XXI/Z31.0.md,Tuboplastie ou vasoplastie après stérilisation,false,false,true,true,true,0,codable,OWL_ANS,emissible,949
Z31.1,XXI,XXI/Z31.1.md,Insémination artificielle,false,false,true,true,true,0,codable,OWL_ANS,emissible,959
Z31.2,XXI,XXI/Z31.2.md,Fécondation in vitro,true,false,true,true,true,0,codable,OWL_ANS,emissible,1217
Z31.3,XXI,XXI/Z31.3.md,Autres méthodes de fécondation assistée,false,false,true,true,true,0,codable,OWL_ANS,emissible,915
Z31.4,XXI,XXI/Z31.4.md,Recherches et tests en vue d'une procréation,true,false,true,true,true,0,codable,OWL_ANS,emissible,1108
Z31.5,XXI,XXI/Z31.5.md,Conseil génétique,false,false,true,true,false,0,codable,OWL_ANS,emissible,817
Z31.6,XXI,XXI/Z31.6.md,Conseils et avis généraux en matière de procréation,false,false,true,true,false,0,codable,OWL_ANS,emissible,851
Z31.80,XXI,XXI/Z31.80.md,Greffe de tissu ovarien pour préservation de la fertilité,false,false,true,true,false,0,codable,OWL_ANS,emissible,859
Z31.88,XXI,XXI/Z31.88.md,Autres mesures et procédures procréatives,false,false,true,true,false,0,codable,OWL_ANS,emissible,843
Z31.9,XXI,XXI/Z31.9.md,"Mesure procréative, sans précision",false,false,true,true,false,0,codable,OWL_ANS,emissible,805
Z32.0,XXI,XXI/Z32.0.md,Grossesse non (encore) confirmée,false,false,false,true,true,0,codable,OWL_ANS,emissible,824
Z32.1,XXI,XXI/Z32.1.md,Grossesse confirmée,false,false,false,true,false,0,codable,OWL_ANS,emissible,677
Z33,XXI,XXI/Z33.md,Grossesse constatée fortuitement,true,false,false,true,false,0,codable,OWL_ANS,emissible,953
Z34.0,XXI,XXI/Z34.0.md,Surveillance d'une première grossesse normale,false,false,false,true,false,0,codable,OWL_ANS,emissible,1029
Z34.8,XXI,XXI/Z34.8.md,Surveillance d'une autre grossesse normale,false,false,true,true,false,0,codable,OWL_ANS,emissible,1146
Z34.9,XXI,XXI/Z34.9.md,"Surveillance d'une grossesse normale, sans précision",false,false,false,true,true,0,codable,OWL_ANS,emissible,1107
Z35.0,XXI,XXI/Z35.0.md,Surveillance d'une grossesse avec antécédent de stérilité,false,false,false,true,false,0,codable,OWL_ANS,emissible,1041
Z35.1,XXI,XXI/Z35.1.md,Surveillance d'une grossesse avec antécédent d'avortement,true,false,true,true,false,0,codable,OWL_ANS,emissible,1401
Z35.2,XXI,XXI/Z35.2.md,Surveillance d'une grossesse avec d'autres antécédents obstétricaux pathologiques et difficultés à procréer,true,false,false,true,false,0,codable,OWL_ANS,emissible,1406
Z35.3,XXI,XXI/Z35.3.md,Surveillance d'une grossesse avec antécédent de soins prénatals insuffisants,true,false,false,true,true,0,codable,OWL_ANS,emissible,1199
Z35.4,XXI,XXI/Z35.4.md,Surveillance de grossesse avec multiparité élevée,false,false,true,true,false,0,codable,OWL_ANS,emissible,1148
Z35.5,XXI,XXI/Z35.5.md,Surveillance d'une primipare âgée,false,false,false,true,false,0,codable,OWL_ANS,emissible,1017
Z35.6,XXI,XXI/Z35.6.md,Surveillance d'une primipare très jeune,false,false,false,true,false,0,codable,OWL_ANS,emissible,1023
Z35.7,XXI,XXI/Z35.7.md,Surveillance d'une grossesse à haut risque du fait de problèmes sociaux,false,false,false,true,false,0,codable,OWL_ANS,emissible,1055
Z35.8,XXI,XXI/Z35.8.md,Surveillance d'autres grossesses à haut risque,false,false,true,true,false,0,codable,OWL_ANS,emissible,1685
Z35.9,XXI,XXI/Z35.9.md,"Surveillance de grossesse à haut risque, sans précision",false,false,false,true,false,0,codable,OWL_ANS,emissible,1039
Z36.0,XXI,XXI/Z36.0.md,Dépistage prénatal d'anomalies chromosomiques,true,false,true,true,false,0,codable,OWL_ANS,emissible,1018
Z36.1,XXI,XXI/Z36.1.md,Dépistage prénatal d'un taux élevé d'alphafœtoprotéines,false,false,true,true,false,0,codable,OWL_ANS,emissible,930
Z36.2,XXI,XXI/Z36.2.md,Autres dépistages prénatals par amniocentèse,false,false,true,true,false,0,codable,OWL_ANS,emissible,919
Z36.3,XXI,XXI/Z36.3.md,Dépistage prénatal de malformations par échographie et autres méthodes physiques,false,false,true,true,false,0,codable,OWL_ANS,emissible,955
Z36.4,XXI,XXI/Z36.4.md,Dépistage prénatal de retard de croissance du fœtus par échographie et autres méthodes physiques,false,false,true,true,false,0,codable,OWL_ANS,emissible,971
Z36.5,XXI,XXI/Z36.5.md,Dépistage prénatal d'iso-immunisation,false,false,true,true,false,0,codable,OWL_ANS,emissible,912
Z36.8,XXI,XXI/Z36.8.md,Autres dépistages prénatals,true,false,true,true,false,0,codable,OWL_ANS,emissible,1462
Z36.9,XXI,XXI/Z36.9.md,"Dépistage prénatal, sans précision",false,false,true,true,true,0,codable,OWL_ANS,emissible,941
Z37.0,XXI,XXI/Z37.0.md,"Naissance unique, enfant vivant",false,false,false,false,false,1,interdit_dp_dr,OWL_ANS,emissible,592
Z37.00,XXI,XXI/Z37.00.md,"Naissance unique, enfant vivant - "" naissance en dehors d’une interruption de grossesse pour motif médical """,false,false,false,true,false,,inconnu_atih,OWL_ANS,emissible,2347
Z37.01,XXI,XXI/Z37.01.md,"Naissance unique, enfant vivant - "" naissance à la suite d’une interruption de grossesse pour motif médical """,false,false,false,true,false,,inconnu_atih,OWL_ANS,emissible,2348
Z37.10,XXI,XXI/Z37.10.md,"Naissance unique, enfant mort-né - "" naissance en dehors d’une interruption de grossesse pour motif médical """,false,false,false,true,false,1,interdit_dp_dr,OWL_ANS,emissible,2365
Z37.11,XXI,XXI/Z37.11.md,"Naissance unique, enfant mort-né - "" naissance à la suite d’une interruption de grossesse pour motif médical """,false,false,false,true,false,1,interdit_dp_dr,OWL_ANS,emissible,2366
Z37.2,XXI,XXI/Z37.2.md,"Naissance gémellaire, jumeaux nés vivants",false,false,false,false,false,1,interdit_dp_dr,OWL_ANS,emissible,602
Z37.20,XXI,XXI/Z37.20.md,"Naissance gémellaire, jumeaux nés vivants - "" naissance en dehors d’une interruption de grossesse pour motif médical """,false,false,false,true,false,,inconnu_atih,OWL_ANS,emissible,2357
Z37.21,XXI,XXI/Z37.21.md,"Naissance gémellaire, jumeaux nés vivants - "" naissance à la suite d’une interruption de grossesse pour motif médical """,false,false,false,true,false,,inconnu_atih,OWL_ANS,emissible,2358
Z37.30,XXI,XXI/Z37.30.md,"Naissance gémellaire, l'un des jumeaux né vivant, l'autre mort-né - "" naissance en dehors d’une interruption de grossesse pour motif médical """,false,false,false,true,false,1,interdit_dp_dr,OWL_ANS,emissible,2398
Z37.31,XXI,XXI/Z37.31.md,"Naissance gémellaire, l'un des jumeaux né vivant, l'autre mort-né - "" naissance à la suite d’une interruption de grossesse pour motif médical """,false,false,false,true,false,1,interdit_dp_dr,OWL_ANS,emissible,2399
Z37.40,XXI,XXI/Z37.40.md,"Naissance gémellaire, jumeaux mort-nés - "" naissance en dehors d’une interruption de grossesse pour motif médical """,false,false,false,true,false,1,interdit_dp_dr,OWL_ANS,emissible,2371
Z37.41,XXI,XXI/Z37.41.md,"Naissance gémellaire, jumeaux mort-nés - "" naissance à la suite d’une interruption de grossesse pour motif médical """,false,false,false,true,false,1,interdit_dp_dr,OWL_ANS,emissible,2372
Z37.5,XXI,XXI/Z37.5.md,"Autres naissances multiples, tous nés vivants",false,false,false,false,false,1,interdit_dp_dr,OWL_ANS,emissible,606
Z37.50,XXI,XXI/Z37.50.md,"Autres naissances multiples, tous nés vivants - "" naissance en dehors d’une interruption de grossesse pour motif médical """,false,false,false,true,false,,inconnu_atih,OWL_ANS,emissible,2361
Z37.51,XXI,XXI/Z37.51.md,"Autres naissances multiples, tous nés vivants - "" naissance à la suite d’une interruption de grossesse pour motif médical """,false,false,false,true,false,,inconnu_atih,OWL_ANS,emissible,2362
Z37.60,XXI,XXI/Z37.60.md,"Autres naissances multiples, certains enfants nés vivants - "" naissance en dehors d’une interruption de grossesse pour motif médical """,false,false,false,true,false,1,interdit_dp_dr,OWL_ANS,emissible,2390
Z37.61,XXI,XXI/Z37.61.md,"Autres naissances multiples, certains enfants nés vivants - "" naissance à la suite d’une interruption de grossesse pour motif médical """,false,false,false,true,false,1,interdit_dp_dr,OWL_ANS,emissible,2391
Z37.70,XXI,XXI/Z37.70.md,"Autres naissances multiples, tous mort-nés - "" naissance en dehors d’une interruption de grossesse pour motif médical """,false,false,false,true,false,1,interdit_dp_dr,OWL_ANS,emissible,2375
Z37.71,XXI,XXI/Z37.71.md,"Autres naissances multiples, tous mort-nés - "" naissance à la suite d’une interruption de grossesse pour motif médical """,false,false,false,true,false,1,interdit_dp_dr,OWL_ANS,emissible,2376
Z37.90,XXI,XXI/Z37.90.md,"Résultat de l'accouchement, sans précision - "" naissance en dehors d’une interruption de grossesse pour motif médical """,true,false,false,true,false,,inconnu_atih,OWL_ANS,emissible,2478
Z37.91,XXI,XXI/Z37.91.md,"Résultat de l'accouchement, sans précision - "" naissance à la suite d’une interruption de grossesse pour motif médical """,true,false,false,true,false,,inconnu_atih,OWL_ANS,emissible,2479
Z38.0,XXI,XXI/Z38.0.md,"Enfant unique, né à l'hôpital",false,false,false,true,false,0,codable,OWL_ANS,emissible,995
Z38.1,XXI,XXI/Z38.1.md,"Enfant unique, né hors d'un hôpital",false,false,false,true,false,0,codable,OWL_ANS,emissible,693
Z38.2,XXI,XXI/Z38.2.md,"Enfant unique, lieu de naissance non précisé",true,false,false,true,false,0,codable,OWL_ANS,emissible,777
Z38.3,XXI,XXI/Z38.3.md,"Jumeaux, nés à l'hôpital",false,false,false,true,false,0,codable,OWL_ANS,emissible,682
Z38.4,XXI,XXI/Z38.4.md,"Jumeaux, nés hors d'un hôpital",false,false,false,true,false,0,codable,OWL_ANS,emissible,688
Z38.5,XXI,XXI/Z38.5.md,"Jumeaux, lieu de naissance non précisé",false,false,false,true,false,0,codable,OWL_ANS,emissible,696
Z38.6,XXI,XXI/Z38.6.md,"Autres naissances multiples, enfants nés à l'hôpital",false,false,false,true,false,0,codable,OWL_ANS,emissible,710
Z38.7,XXI,XXI/Z38.7.md,"Autres naissances multiples, enfants nés hors d'un hôpital",false,false,false,true,false,0,codable,OWL_ANS,emissible,716
Z38.8,XXI,XXI/Z38.8.md,"Autres naissances multiples, lieu de naissance non précisé",false,false,true,true,false,0,codable,OWL_ANS,emissible,1192
Z39.00,XXI,XXI/Z39.00.md,Soins et examens immédiatement après un accouchement hors d’un établissement de santé,true,false,true,true,false,0,codable,OWL_ANS,emissible,1576
Z39.08,XXI,XXI/Z39.08.md,"Soins et examens immédiatement après l’accouchement, autres et sans précision",true,false,true,true,false,0,codable,OWL_ANS,emissible,1489
Z39.1,XXI,XXI/Z39.1.md,Soins et examens de l'allaitement maternel,true,false,true,true,true,0,codable,OWL_ANS,emissible,1231
Z39.2,XXI,XXI/Z39.2.md,Contrôle de routine au cours du postpartum,false,false,false,true,true,0,codable,OWL_ANS,emissible,1015
Z40.00,XXI,XXI/Z40.00.md,Ablation prophylactique de sein,true,false,true,true,false,0,codable,OWL_ANS,emissible,1783
Z40.01,XXI,XXI/Z40.01.md,Ablation prophylactique d’organe de l’appareil génital féminin,true,false,true,true,false,0,codable,OWL_ANS,emissible,1814
Z40.02,XXI,XXI/Z40.02.md,Ablation prophylactique d’organe de l’appareil digestif,true,false,true,true,false,0,codable,OWL_ANS,emissible,1807
Z40.08,XXI,XXI/Z40.08.md,Ablation prophylactique d'autres organes,true,false,true,true,false,0,codable,OWL_ANS,emissible,1792
Z40.8,XXI,XXI/Z40.8.md,Autres opérations prophylactiques,false,false,true,true,false,0,codable,OWL_ANS,emissible,1767
Z40.9,XXI,XXI/Z40.9.md,"Opération prophylactique, sans précision",false,false,true,true,false,0,codable,OWL_ANS,emissible,1653
Z41.0,XXI,XXI/Z41.0.md,Implant de cheveux,false,false,true,true,true,0,codable,OWL_ANS,emissible,1660
Z41.1,XXI,XXI/Z41.1.md,Autres opérations plastiques pour raisons esthétiques,true,false,true,true,true,0,codable,OWL_ANS,emissible,2286
Z41.2,XXI,XXI/Z41.2.md,Circoncision rituelle et de routine,false,false,true,true,true,0,codable,OWL_ANS,emissible,1408
Z41.3,XXI,XXI/Z41.3.md,Perçage du lobe de l'oreille,false,false,true,true,true,0,codable,OWL_ANS,emissible,1417
Z41.80,XXI,XXI/Z41.80.md,Intervention de confort,false,false,true,true,false,0,codable,OWL_ANS,emissible,1575
Z41.88,XXI,XXI/Z41.88.md,"Autres thérapies sans raison médicale, non classées ailleurs",false,false,true,true,false,0,codable,OWL_ANS,emissible,1380
Z41.9,XXI,XXI/Z41.9.md,"Thérapie sans raison médicale, sans précision",false,false,true,true,true,1,interdit_dp_dr,OWL_ANS,emissible,1437
Z42.0,XXI,XXI/Z42.0.md,Soins de contrôle comprenant une opération plastique de la tête et du cou,true,false,true,true,false,0,codable,OWL_ANS,emissible,2330
Z42.1,XXI,XXI/Z42.1.md,Soins de contrôle comprenant une opération plastique du sein,true,false,true,true,false,0,codable,OWL_ANS,emissible,2317
Z42.2,XXI,XXI/Z42.2.md,Soins de contrôle comprenant une opération plastique d'autres parties du tronc,true,false,true,true,false,0,codable,OWL_ANS,emissible,2335
Z42.3,XXI,XXI/Z42.3.md,Soins de contrôle comprenant une opération plastique des extrémités supérieures,true,false,true,true,false,0,codable,OWL_ANS,emissible,2336
Z42.4,XXI,XXI/Z42.4.md,Soins de contrôle comprenant une opération plastique des extrémités inférieures,true,false,true,true,false,0,codable,OWL_ANS,emissible,2336
Z42.8,XXI,XXI/Z42.8.md,Soins de contrôle comprenant une opération plastique d'autres parties du corps,true,false,true,true,false,0,codable,OWL_ANS,emissible,2810
Z42.9,XXI,XXI/Z42.9.md,"Soins de contrôle comprenant une opération plastique, sans précision",true,false,true,true,false,0,codable,OWL_ANS,emissible,2296
Z43.0,XXI,XXI/Z43.0.md,Surveillance de trachéostomie,true,false,true,true,true,0,codable,OWL_ANS,emissible,2705
Z43.1,XXI,XXI/Z43.1.md,Surveillance de gastrostomie,true,false,true,true,true,0,codable,OWL_ANS,emissible,2731
Z43.2,XXI,XXI/Z43.2.md,Surveillance d'iléostomie,true,false,true,true,true,0,codable,OWL_ANS,emissible,2723
Z43.3,XXI,XXI/Z43.3.md,Surveillance de colostomie,true,false,true,true,true,0,codable,OWL_ANS,emissible,2699
Z43.4,XXI,XXI/Z43.4.md,Surveillance d'autres stomies de l'appareil digestif,true,false,true,true,false,0,codable,OWL_ANS,emissible,2656
Z43.5,XXI,XXI/Z43.5.md,Surveillance de cystostomie,true,false,true,true,true,0,codable,OWL_ANS,emissible,2728
Z43.6,XXI,XXI/Z43.6.md,Surveillance d'autres stomies des voies urinaires,true,false,true,true,true,0,codable,OWL_ANS,emissible,2933
Z43.7,XXI,XXI/Z43.7.md,Surveillance de vagin artificiel,true,false,true,true,true,0,codable,OWL_ANS,emissible,2711
Z43.8,XXI,XXI/Z43.8.md,Surveillance d'autres stomies,true,false,true,true,false,0,codable,OWL_ANS,emissible,3046
Z43.9,XXI,XXI/Z43.9.md,Surveillance d'une stomie non précisée,true,false,true,true,true,1,interdit_dp_dr,OWL_ANS,emissible,2680
Z44.0,XXI,XXI/Z44.0.md,Mise en place et ajustement d'un bras artificiel (total) (partiel),false,false,true,true,true,0,codable,OWL_ANS,emissible,1584
Z44.1,XXI,XXI/Z44.1.md,Mise en place et ajustement d'une jambe artificielle (totale) (partielle),false,false,true,true,true,0,codable,OWL_ANS,emissible,1597
Z44.2,XXI,XXI/Z44.2.md,Mise en place et ajustement d'un œil artificiel,false,false,true,true,true,0,codable,OWL_ANS,emissible,1630
Z44.3,XXI,XXI/Z44.3.md,Mise en place et ajustement d'une prothèse externe du sein,false,false,true,true,true,0,codable,OWL_ANS,emissible,1543
Z44.8,XXI,XXI/Z44.8.md,Mise en place et ajustement d'autres appareils de prothèse externe,false,false,true,true,false,0,codable,OWL_ANS,emissible,1832
Z44.9,XXI,XXI/Z44.9.md,Mise en place et ajustement d'un appareil de prothèse externe non précisé,false,false,true,true,true,0,codable,OWL_ANS,emissible,1574
Z45.0,XXI,XXI/Z45.0.md,Ajustement et entretien de dispositifs cardiaques,true,false,true,true,true,0,codable,OWL_ANS,emissible,2300
Z45.1,XXI,XXI/Z45.1.md,Ajustement et entretien d'une pompe à perfusion,false,false,true,true,true,0,codable,OWL_ANS,emissible,1997
Z45.2,XXI,XXI/Z45.2.md,Ajustement et entretien d'un dispositif d'accès vasculaire,false,false,true,true,true,0,codable,OWL_ANS,emissible,2267
Z45.3,XXI,XXI/Z45.3.md,Ajustement et entretien d'une prothèse auditive implantée,true,false,true,true,true,0,codable,OWL_ANS,emissible,2060
Z45.80,XXI,XXI/Z45.80.md,Ajustement et entretien d’une prothèse interne urinaire,true,false,true,true,false,0,codable,OWL_ANS,emissible,2029
Z45.81,XXI,XXI/Z45.81.md,Ajustement et entretien d’une prothèse interne génitale,false,false,true,true,false,0,codable,OWL_ANS,emissible,1990
Z45.82,XXI,XXI/Z45.82.md,Ajustement et entretien d’une prothèse intraoculaire,false,false,true,true,false,0,codable,OWL_ANS,emissible,1978
Z45.83,XXI,XXI/Z45.83.md,Ajustement et entretien d’une prothèse interne des voies aériennes supérieures,true,false,true,true,false,0,codable,OWL_ANS,emissible,2016
Z45.84,XXI,XXI/Z45.84.md,Ajustement et entretien d’une prothèse interne du système nerveux central,true,false,true,true,false,0,codable,OWL_ANS,emissible,2203
Z45.88,XXI,XXI/Z45.88.md,Ajustement et entretien d’autres prothèses internes précisées,false,false,true,true,false,0,codable,OWL_ANS,emissible,1892
Z45.9,XXI,XXI/Z45.9.md,Ajustement et entretien d'une prothèse interne non précisée,false,false,true,true,true,0,codable,OWL_ANS,emissible,1918
Z46.0,XXI,XXI/Z46.0.md,Mise en place et ajustement de lunettes et verres de contact,false,false,true,true,true,0,codable,OWL_ANS,emissible,1811
Z46.1,XXI,XXI/Z46.1.md,Mise en place et ajustement d'un appareil auditif,false,false,true,true,true,0,codable,OWL_ANS,emissible,1703
Z46.2,XXI,XXI/Z46.2.md,Mise en place et ajustement d'autres appareils en rapport avec le système nerveux et les organes des sens,false,false,true,true,false,0,codable,OWL_ANS,emissible,1678
Z46.3,XXI,XXI/Z46.3.md,Mise en place et ajustement d'une prothèse dentaire,false,false,true,true,true,0,codable,OWL_ANS,emissible,1684
Z46.4,XXI,XXI/Z46.4.md,Mise en place et ajustement d'un appareil orthodontique,false,false,true,true,true,0,codable,OWL_ANS,emissible,1695
Z46.5,XXI,XXI/Z46.5.md,Mise en place et ajustement d'une iléostomie et autres dispositifs intestinaux,false,false,true,true,true,0,codable,OWL_ANS,emissible,1776
Z46.6,XXI,XXI/Z46.6.md,Mise en place et ajustement d'un appareil urinaire,false,false,true,true,true,0,codable,OWL_ANS,emissible,1683
Z46.7,XXI,XXI/Z46.7.md,Mise en place et ajustement d'un appareil orthopédique,true,false,true,true,true,0,codable,OWL_ANS,emissible,2042
Z46.8,XXI,XXI/Z46.8.md,Mise en place et ajustement d'autres appareils précisés,true,false,true,true,true,0,codable,OWL_ANS,emissible,2480
Z46.9,XXI,XXI/Z46.9.md,"Mise en place et ajustement d'un appareil, sans précision",false,false,true,true,true,1,interdit_dp_dr,OWL_ANS,emissible,1687
Z47.0,XXI,XXI/Z47.0.md,Soins de contrôle impliquant l'enlèvement d'une plaque et autre prothèse interne de fixation,true,false,true,true,true,0,codable,OWL_ANS,emissible,2422
Z47.80,XXI,XXI/Z47.80.md,Soins de contrôle d’appareil externe de fixation ou de traction,true,false,true,true,false,0,codable,OWL_ANS,emissible,1769
Z47.88,XXI,XXI/Z47.88.md,"Autres soins de contrôle orthopédiques, NCA",true,false,true,true,false,0,codable,OWL_ANS,emissible,1760
Z47.9,XXI,XXI/Z47.9.md,"Soin de contrôle orthopédique, sans précision",false,false,true,true,true,0,codable,OWL_ANS,emissible,1649
Z48.0,XXI,XXI/Z48.0.md,Surveillance des sutures et pansements chirurgicaux,true,false,true,true,true,0,codable,OWL_ANS,emissible,2108
Z48.8,XXI,XXI/Z48.8.md,Autres soins de contrôle chirurgicaux précisés,false,false,true,true,false,0,codable,OWL_ANS,emissible,2014
Z48.9,XXI,XXI/Z48.9.md,"Soin de contrôle chirurgical, sans précision",false,false,true,true,true,0,codable,OWL_ANS,emissible,1949
Z49.0,XXI,XXI/Z49.0.md,Soins préparatoires en vue d'une dialyse,true,false,true,true,true,0,codable,OWL_ANS,emissible,1952
Z49.1,XXI,XXI/Z49.1.md,Dialyse extracorporelle,true,false,true,true,true,0,codable,OWL_ANS,emissible,1741
Z49.2,XXI,XXI/Z49.2.md,Autres dialyses,true,false,true,false,true,0,codable,OWL_ANS,emissible,1344
Z49.20,XXI,XXI/Z49.20.md,Séance de dialyse péritonéale automatisée [DPA],true,false,true,true,false,0,codable,OWL_ANS,emissible,1681
Z49.21,XXI,XXI/Z49.21.md,Séance de dialyse péritonéale continue ambulatoire [DPCA],true,false,true,true,false,0,codable,OWL_ANS,emissible,1613
Z50.0,XXI,XXI/Z50.0.md,Rééducation cardiaque,true,false,true,true,true,0,codable,OWL_ANS,emissible,1567
Z50.1,XXI,XXI/Z50.1.md,Autres thérapies physiques,true,false,true,true,true,0,codable,OWL_ANS,emissible,1628
Z50.2,XXI,XXI/Z50.2.md,Sevrage d'alcool,false,false,true,true,true,0,codable,OWL_ANS,emissible,1482
Z50.3,XXI,XXI/Z50.3.md,Rééducation des drogués et après abus de médicaments,false,false,true,true,true,0,codable,OWL_ANS,emissible,1632
Z50.4,XXI,XXI/Z50.4.md,"Psychothérapie, non classée ailleurs",false,false,true,true,true,0,codable,OWL_ANS,emissible,1512
Z50.5,XXI,XXI/Z50.5.md,Orthophonie,false,false,true,true,true,0,codable,OWL_ANS,emissible,1489
Z50.6,XXI,XXI/Z50.6.md,Éducation de la vision [orthoptique],false,false,true,true,true,0,codable,OWL_ANS,emissible,1522
Z50.7,XXI,XXI/Z50.7.md,"Ergothérapie et rééducation professionnelle, non classées ailleurs",false,false,true,true,true,0,codable,OWL_ANS,emissible,1599
Z50.8,XXI,XXI/Z50.8.md,Soins impliquant d'autres moyens de rééducation,true,false,true,true,true,0,codable,OWL_ANS,emissible,2110
Z50.9,XXI,XXI/Z50.9.md,"Soin impliquant une rééducation, sans précision",true,false,true,true,true,0,codable,OWL_ANS,emissible,1562
Z51.00,XXI,XXI/Z51.00.md,Préparation à une radiothérapie,false,false,true,true,false,0,codable,OWL_ANS,emissible,2537
Z51.01,XXI,XXI/Z51.01.md,Séance d’irradiation,false,false,true,true,false,0,codable,OWL_ANS,emissible,2526
Z51.1,XXI,XXI/Z51.1.md,Séance de chimiothérapie pour tumeur,false,false,true,true,false,0,codable,OWL_ANS,emissible,2540
Z51.2,XXI,XXI/Z51.2.md,Autres formes de chimiothérapie,true,false,true,true,false,0,codable,OWL_ANS,emissible,2620
Z51.3,XXI,XXI/Z51.3.md,Transfusion sanguine (sans mention de diagnostic),false,false,true,false,true,0,codable,OWL_ANS,emissible,1307
Z51.30,XXI,XXI/Z51.30.md,Séance de transfusion de produit sanguin labile,true,false,true,true,false,0,codable,OWL_ANS,emissible,2813
Z51.31,XXI,XXI/Z51.31.md,Séance d’aphérèse sanguine,false,false,true,true,false,0,codable,OWL_ANS,emissible,2532
Z51.4,XXI,XXI/Z51.4.md,"Soins préparatoires pour traitement ultérieur, non classés ailleurs",false,false,true,true,false,0,codable,OWL_ANS,emissible,2418
Z51.5,XXI,XXI/Z51.5.md,Soins palliatifs,false,false,true,true,true,0,codable,OWL_ANS,emissible,2669
Z51.6,XXI,XXI/Z51.6.md,Désensibilisation aux allergènes,false,false,true,true,true,0,codable,OWL_ANS,emissible,2370
Z51.80,XXI,XXI/Z51.80.md,Séance d’oxygénothérapie hyperbare,false,false,true,true,false,0,codable,OWL_ANS,emissible,2585
Z51.85,XXI,XXI/Z51.85.md,"Sédation profonde continue maintenue jusqu’au décès [SPCMJD, loi Claeys Leonetti]",false,false,true,true,false,1,interdit_dp_dr,OWL_ANS,emissible,2634
Z51.86,XXI,XXI/Z51.86.md,Sédation palliative hors SPCMJD,false,false,true,true,false,1,interdit_dp_dr,OWL_ANS,emissible,2584
Z51.88,XXI,XXI/Z51.88.md,"Autres formes précisées de soins médicaux, non classées ailleurs",false,false,true,true,false,0,codable,OWL_ANS,emissible,2615
Z51.9,XXI,XXI/Z51.9.md,"Soin médical, sans précision",false,false,true,true,true,1,interdit_dp_dr,OWL_ANS,emissible,2330
Z52.0,XXI,XXI/Z52.0.md,Donneur de sang,true,false,true,true,true,0,codable,OWL_ANS,emissible,1952
Z52.1,XXI,XXI/Z52.1.md,Donneur de peau,false,false,true,true,true,0,codable,OWL_ANS,emissible,1817
Z52.2,XXI,XXI/Z52.2.md,Donneur d'os,false,false,true,true,true,0,codable,OWL_ANS,emissible,1806
Z52.3,XXI,XXI/Z52.3.md,Donneur de moelle osseuse,false,false,true,true,true,0,codable,OWL_ANS,emissible,1837
Z52.4,XXI,XXI/Z52.4.md,Donneur de rein,false,false,true,true,true,0,codable,OWL_ANS,emissible,1814
Z52.5,XXI,XXI/Z52.5.md,Donneur de cornée,false,false,true,true,true,0,codable,OWL_ANS,emissible,1821
Z52.6,XXI,XXI/Z52.6.md,Donneur de foie,false,false,true,true,false,0,codable,OWL_ANS,emissible,1756
Z52.7,XXI,XXI/Z52.7.md,Donneur de cœur,false,false,true,true,false,0,codable,OWL_ANS,emissible,1756
Z52.801,XXI,XXI/Z52.801.md,Prélèvement d’ovocytes pour assistance médicale à la procréation (AMP),false,false,true,true,false,0,codable,OWL_ANS,emissible,1815
Z52.802,XXI,XXI/Z52.802.md,Prélèvement d’ovocytes pour préservation de la fertilité avec indication médicale,false,false,true,true,false,0,codable,OWL_ANS,emissible,1826
Z52.803,XXI,XXI/Z52.803.md,Prélèvement d’ovocytes pour autoconservation,false,false,true,true,false,0,codable,OWL_ANS,emissible,1789
Z52.804,XXI,XXI/Z52.804.md,Don d'ovocytes,false,false,true,true,false,0,codable,OWL_ANS,emissible,1759
Z52.805,XXI,XXI/Z52.805.md,Prélèvement d’ovocytes en vue d’un diagnostic préimplantatoire [DPI],false,false,true,true,false,0,codable,OWL_ANS,emissible,1813
Z52.806,XXI,XXI/Z52.806.md,Prélèvement de tissu ovarien,false,false,true,true,false,0,codable,OWL_ANS,emissible,1773
Z52.808,XXI,XXI/Z52.808.md,Prélèvement d’ovocytes pour d’autres motifs précisés,false,false,true,true,false,0,codable,OWL_ANS,emissible,1797
Z52.88,XXI,XXI/Z52.88.md,Donneur d’autres organes et tissus non classés ailleurs,false,false,true,true,false,0,codable,OWL_ANS,emissible,1798
Z52.9,XXI,XXI/Z52.9.md,Donneur d'organe ou de tissu non précisé,true,false,true,true,true,0,codable,OWL_ANS,emissible,1868
Z53.0,XXI,XXI/Z53.0.md,Acte non effectué en raison de contre-indication,false,false,true,true,true,0,codable,OWL_ANS,emissible,1805
Z53.1,XXI,XXI/Z53.1.md,Acte non effectué par décision du sujet pour raisons de conviction et de pression sociale,false,false,true,true,true,0,codable,OWL_ANS,emissible,1851
Z53.2,XXI,XXI/Z53.2.md,Acte non effectué par décision du sujet pour des raisons autres et non précisées,false,false,true,true,false,0,codable,OWL_ANS,emissible,1734
Z53.8,XXI,XXI/Z53.8.md,Acte non effectué pour d'autres raisons,false,false,true,true,false,0,codable,OWL_ANS,emissible,1990
Z53.9,XXI,XXI/Z53.9.md,"Acte non effectué, raison non précisée",false,false,true,true,true,0,codable,OWL_ANS,emissible,1746
Z54.0,XXI,XXI/Z54.0.md,Convalescence après intervention chirurgicale,false,false,true,true,false,0,codable,OWL_ANS,emissible,1363
Z54.1,XXI,XXI/Z54.1.md,Convalescence après radiothérapie,false,false,true,true,true,0,codable,OWL_ANS,emissible,1421
Z54.2,XXI,XXI/Z54.2.md,Convalescence après chimiothérapie,false,false,true,true,true,0,codable,OWL_ANS,emissible,1423
Z54.3,XXI,XXI/Z54.3.md,Convalescence après psychothérapie,false,false,true,true,true,0,codable,OWL_ANS,emissible,1423
Z54.4,XXI,XXI/Z54.4.md,Convalescence après traitement d'une fracture,false,false,true,true,false,0,codable,OWL_ANS,emissible,1363
Z54.7,XXI,XXI/Z54.7.md,Convalescence après traitements combinés,true,false,true,true,false,0,codable,OWL_ANS,emissible,1498
Z54.8,XXI,XXI/Z54.8.md,Convalescence après un autre traitement,false,false,true,true,false,0,codable,OWL_ANS,emissible,1707
Z54.9,XXI,XXI/Z54.9.md,Convalescence après un traitement non précisé,false,false,true,true,true,0,codable,OWL_ANS,emissible,1446
Z55.00,XXI,XXI/Z55.00.md,Analphabétisme et illettrisme,false,false,true,true,false,0,codable,OWL_ANS,emissible,1930
Z55.08,XXI,XXI/Z55.08.md,"Faibles niveaux éducatifs, autres et sans précision",false,false,true,true,false,0,codable,OWL_ANS,emissible,861
Z55.1,XXI,XXI/Z55.1.md,Scolarisation inexistante ou inaccessible,false,false,true,true,true,0,codable,OWL_ANS,emissible,1869
Z55.2,XXI,XXI/Z55.2.md,Échec aux examens,false,false,true,true,false,0,codable,OWL_ANS,emissible,825
Z55.3,XXI,XXI/Z55.3.md,Mauvais résultats scolaires,false,false,true,true,false,0,codable,OWL_ANS,emissible,835
Z55.4,XXI,XXI/Z55.4.md,Mauvaise adaptation éducative et difficultés avec les enseignants et les autres élèves,false,false,true,true,false,0,codable,OWL_ANS,emissible,894
Z55.8,XXI,XXI/Z55.8.md,Autres difficultés liées à l'éducation et l'alphabétisation,true,false,true,true,false,0,codable,OWL_ANS,emissible,1261
Z55.9,XXI,XXI/Z55.9.md,"Difficulté liée à l'éducation et l'alphabétisation, sans précision",false,false,true,true,true,0,codable,OWL_ANS,emissible,940
Z56.0,XXI,XXI/Z56.0.md,"Chômage, sans précision",false,false,true,true,true,0,codable,OWL_ANS,emissible,984
Z56.1,XXI,XXI/Z56.1.md,Changement d'emploi,false,false,true,true,false,0,codable,OWL_ANS,emissible,906
Z56.2,XXI,XXI/Z56.2.md,Menace de perte d'emploi,false,false,true,true,false,0,codable,OWL_ANS,emissible,911
Z56.3,XXI,XXI/Z56.3.md,Rythme de travail pénible,false,false,true,true,false,0,codable,OWL_ANS,emissible,912
Z56.4,XXI,XXI/Z56.4.md,Désaccord avec le supérieur et les collègues,false,false,true,true,false,0,codable,OWL_ANS,emissible,931
Z56.5,XXI,XXI/Z56.5.md,Mauvaise adaptation au travail,true,false,true,true,true,0,codable,OWL_ANS,emissible,1124
Z56.6,XXI,XXI/Z56.6.md,Autres difficultés physiques et mentales liées à l'emploi,false,false,true,true,false,0,codable,OWL_ANS,emissible,944
Z56.7,XXI,XXI/Z56.7.md,"Difficultés liées à l'emploi, autres et sans précision",false,false,true,true,false,0,codable,OWL_ANS,emissible,941
Z57.0,XXI,XXI/Z57.0.md,Exposition professionnelle au bruit,false,false,false,true,false,0,codable,OWL_ANS,emissible,704
Z57.1,XXI,XXI/Z57.1.md,Exposition professionnelle à des rayonnements,false,false,false,true,false,0,codable,OWL_ANS,emissible,714
Z57.2,XXI,XXI/Z57.2.md,Exposition professionnelle à la poussière,false,false,false,true,false,0,codable,OWL_ANS,emissible,710
Z57.3,XXI,XXI/Z57.3.md,Exposition professionnelle à d'autres polluants atmosphériques,false,false,false,true,false,0,codable,OWL_ANS,emissible,731
Z57.4,XXI,XXI/Z57.4.md,Exposition professionnelle à des substances toxiques agricoles,true,false,false,true,false,0,codable,OWL_ANS,emissible,833
Z57.5,XXI,XXI/Z57.5.md,Exposition professionnelle à des substances toxiques dans d'autres industries,true,false,false,true,false,0,codable,OWL_ANS,emissible,848
Z57.6,XXI,XXI/Z57.6.md,Exposition professionnelle à des températures extrêmes,false,false,false,true,false,0,codable,OWL_ANS,emissible,723
Z57.7,XXI,XXI/Z57.7.md,Exposition professionnelle à des vibrations,false,false,false,true,false,0,codable,OWL_ANS,emissible,712
Z57.8,XXI,XXI/Z57.8.md,Exposition professionnelle à d'autres facteurs de risques,false,false,true,true,false,0,codable,OWL_ANS,emissible,1311
Z57.9,XXI,XXI/Z57.9.md,"Exposition professionnelle à un facteur de risque, sans précision",false,false,false,true,false,0,codable,OWL_ANS,emissible,734
Z58.0,XXI,XXI/Z58.0.md,Exposition au bruit,false,false,true,true,true,0,codable,OWL_ANS,emissible,874
Z58.1,XXI,XXI/Z58.1.md,Exposition à la pollution atmosphérique,false,false,true,true,false,0,codable,OWL_ANS,emissible,910
Z58.2,XXI,XXI/Z58.2.md,Exposition à la pollution de l'eau,false,false,true,true,false,0,codable,OWL_ANS,emissible,827
Z58.3,XXI,XXI/Z58.3.md,Exposition à la pollution du sol,false,false,true,true,false,0,codable,OWL_ANS,emissible,825
Z58.4,XXI,XXI/Z58.4.md,Exposition aux rayonnements,false,false,true,true,false,0,codable,OWL_ANS,emissible,820
Z58.5,XXI,XXI/Z58.5.md,Exposition à d'autres formes de pollution,false,false,true,true,false,0,codable,OWL_ANS,emissible,834
Z58.6,XXI,XXI/Z58.6.md,Approvisionnement insuffisant en eau potable,false,false,true,true,true,0,codable,OWL_ANS,emissible,989
Z58.7,XXI,XXI/Z58.7.md,Exposition à la fumée du tabac,true,false,true,true,false,0,codable,OWL_ANS,emissible,1118
Z58.8,XXI,XXI/Z58.8.md,Autres difficultés liées à l'environnement physique,false,false,true,true,false,0,codable,OWL_ANS,emissible,1255
Z58.9,XXI,XXI/Z58.9.md,"Difficulté liée à l'environnement physique, sans précision",false,false,true,true,false,0,codable,OWL_ANS,emissible,822
Z59.0,XXI,XXI/Z59.0.md,Sans abri,false,false,true,true,true,0,codable,OWL_ANS,emissible,1729
Z59.10,XXI,XXI/Z59.10.md,Logement insalubre ou impropre à l’habitation,true,false,true,true,false,0,codable,OWL_ANS,emissible,2035
Z59.11,XXI,XXI/Z59.11.md,Logement sans confort,true,false,true,true,false,0,codable,OWL_ANS,emissible,2189
Z59.12,XXI,XXI/Z59.12.md,Logement inadéquat du fait de l’état de santé de la personne,true,false,true,true,false,0,codable,OWL_ANS,emissible,1873
Z59.13,XXI,XXI/Z59.13.md,Logement en habitat temporaire ou de fortune,true,false,true,true,false,0,codable,OWL_ANS,emissible,1904
Z59.18,XXI,XXI/Z59.18.md,"Logements inadéquats, autres et non précisés",true,false,true,true,false,0,codable,OWL_ANS,emissible,1113
Z59.2,XXI,XXI/Z59.2.md,"Désaccord avec les voisins, les locataires et le propriétaire",false,false,true,true,false,0,codable,OWL_ANS,emissible,872
Z59.3,XXI,XXI/Z59.3.md,Difficulté liée à la vie en institution,true,false,true,true,true,0,codable,OWL_ANS,emissible,1050
Z59.4,XXI,XXI/Z59.4.md,Alimentation défectueuse,false,false,true,true,false,0,codable,OWL_ANS,emissible,976
Z59.50,XXI,XXI/Z59.50.md,"Absence totale de revenu, d’aide et de prestation financières",false,false,true,true,false,0,codable,OWL_ANS,emissible,1978
Z59.58,XXI,XXI/Z59.58.md,"Situations de pauvreté extrême, autres et sans précision",false,false,true,true,false,0,codable,OWL_ANS,emissible,869
Z59.60,XXI,XXI/Z59.60.md,Bénéficiaire de l’aide de l’État à la complémentaire santé,true,false,true,true,false,0,codable,OWL_ANS,emissible,974
Z59.61,XXI,XXI/Z59.61.md,Bénéficiaire de l’AME,false,false,true,true,false,0,codable,OWL_ANS,emissible,834
Z59.62,XXI,XXI/Z59.62.md,Bénéficiaire de minima sociaux,false,false,true,true,false,0,codable,OWL_ANS,emissible,1589
Z59.68,XXI,XXI/Z59.68.md,"Faibles revenus, autres et non précisés",false,false,true,true,false,0,codable,OWL_ANS,emissible,930
Z59.70,XXI,XXI/Z59.70.md,Absence de couverture sociale,false,false,true,true,false,0,codable,OWL_ANS,emissible,842
Z59.78,XXI,XXI/Z59.78.md,"Couverture sociale et secours insuffisants, autres et non précisés",false,false,true,true,false,0,codable,OWL_ANS,emissible,879
Z59.8,XXI,XXI/Z59.8.md,Autres difficultés liées au logement et aux conditions économiques,true,false,true,true,false,0,codable,OWL_ANS,emissible,1367
Z59.9,XXI,XXI/Z59.9.md,"Difficulté liée au logement et aux conditions économiques, sans précision",false,false,true,true,true,0,codable,OWL_ANS,emissible,966
Z60.0,XXI,XXI/Z60.0.md,Difficultés d'ajustement aux transitions entre les différentes périodes de vie,true,false,false,true,false,0,codable,OWL_ANS,emissible,1163
Z60.1,XXI,XXI/Z60.1.md,Situation parentale atypique,false,false,false,true,true,0,codable,OWL_ANS,emissible,1282
Z60.20,XXI,XXI/Z60.20.md,Personne vivant seule à son domicile,false,false,false,true,false,0,codable,OWL_ANS,emissible,1813
Z60.28,XXI,XXI/Z60.28.md,"Solitudes, autres et non précisées",false,false,false,true,false,0,codable,OWL_ANS,emissible,1007
Z60.30,XXI,XXI/Z60.30.md,Difficultés liées à la langue,true,false,false,true,false,0,codable,OWL_ANS,emissible,1978
Z60.38,XXI,XXI/Z60.38.md,"Difficultés d’acculturation, autres et non précisées",true,false,false,true,false,0,codable,OWL_ANS,emissible,1137
Z60.4,XXI,XXI/Z60.4.md,Exclusion et rejet sociaux,false,false,true,true,true,0,codable,OWL_ANS,emissible,1520
Z60.5,XXI,XXI/Z60.5.md,Cible d'une discrimination et d'une persécution,false,false,true,true,true,0,codable,OWL_ANS,emissible,1695
Z60.8,XXI,XXI/Z60.8.md,Autres difficultés liées à l'environnement social,false,false,true,true,false,0,codable,OWL_ANS,emissible,1382
Z60.9,XXI,XXI/Z60.9.md,"Difficulté liée à l'environnement social, sans précision",false,false,false,true,true,0,codable,OWL_ANS,emissible,1085
Z61.0,XXI,XXI/Z61.0.md,Perte de relation affective pendant l'enfance,false,false,true,true,false,0,codable,OWL_ANS,emissible,1053
Z61.1,XXI,XXI/Z61.1.md,Départ du foyer pendant l'enfance,false,false,true,true,false,0,codable,OWL_ANS,emissible,1071
Z61.2,XXI,XXI/Z61.2.md,Changements dans le tissu des relations familiales pendant l'enfance,false,false,true,true,false,0,codable,OWL_ANS,emissible,1108
Z61.3,XXI,XXI/Z61.3.md,Événements résultant de la perte de l'estime de soi pendant l'enfance,false,false,true,true,false,0,codable,OWL_ANS,emissible,1159
Z61.4,XXI,XXI/Z61.4.md,Difficultés liées à de possibles sévices sexuels infligés à un enfant par une personne de son entourage immédiat,false,false,true,true,false,0,codable,OWL_ANS,emissible,1293
Z61.5,XXI,XXI/Z61.5.md,Difficultés liées à de possibles sévices sexuels infligés à un enfant par une personne étrangère à son entourage immédiat,false,false,true,true,false,0,codable,OWL_ANS,emissible,1354
Z61.6,XXI,XXI/Z61.6.md,Difficultés liées à de possibles sévices physiques infligés à un enfant,false,false,true,true,false,0,codable,OWL_ANS,emissible,1280
Z61.7,XXI,XXI/Z61.7.md,Expérience personnelle terrifiante,false,false,true,true,false,0,codable,OWL_ANS,emissible,1135
Z61.8,XXI,XXI/Z61.8.md,Autres difficultés liées à une enfance malheureuse,false,false,true,true,false,0,codable,OWL_ANS,emissible,1553
Z61.9,XXI,XXI/Z61.9.md,"Difficulté liée à une enfance malheureuse, sans précision",false,false,true,true,false,0,codable,OWL_ANS,emissible,833
Z62.0,XXI,XXI/Z62.0.md,Surveillance inadéquate de la part des parents,false,false,true,true,false,0,codable,OWL_ANS,emissible,1077
Z62.1,XXI,XXI/Z62.1.md,Surprotection parentale,false,false,true,true,false,0,codable,OWL_ANS,emissible,950
Z62.2,XXI,XXI/Z62.2.md,Éducation dans une institution,false,false,true,true,false,0,codable,OWL_ANS,emissible,1211
Z62.3,XXI,XXI/Z62.3.md,Hostilité envers un enfant transformé en bouc émissaire,false,false,true,true,false,0,codable,OWL_ANS,emissible,1195
Z62.4,XXI,XXI/Z62.4.md,Négligence affective,false,false,true,true,false,0,codable,OWL_ANS,emissible,1152
Z62.5,XXI,XXI/Z62.5.md,Autres difficultés liées à des négligences dans l'éducation,true,false,true,true,false,0,codable,OWL_ANS,emissible,959
Z62.6,XXI,XXI/Z62.6.md,Pression parentale inappropriée et autres défauts de l'éducation,false,false,true,true,false,0,codable,OWL_ANS,emissible,1303
Z62.8,XXI,XXI/Z62.8.md,Autres difficultés précisées liées à l'éducation,false,false,true,true,false,0,codable,OWL_ANS,emissible,1282
Z62.9,XXI,XXI/Z62.9.md,"Difficulté liée à l'éducation, sans précision",false,false,true,true,true,0,codable,OWL_ANS,emissible,884
Z63.0,XXI,XXI/Z63.0.md,Difficultés dans les rapports avec le conjoint ou le partenaire,false,false,true,true,false,0,codable,OWL_ANS,emissible,1214
Z63.1,XXI,XXI/Z63.1.md,Difficultés dans les rapports avec les parents et les beaux-parents,false,false,true,true,true,0,codable,OWL_ANS,emissible,1084
Z63.2,XXI,XXI/Z63.2.md,Soutien familial inadéquat,false,false,true,true,true,0,codable,OWL_ANS,emissible,976
Z63.3,XXI,XXI/Z63.3.md,Absence d'un des membres de la famille,false,false,true,true,false,0,codable,OWL_ANS,emissible,919
Z63.4,XXI,XXI/Z63.4.md,Disparition et décès d'un membre de la famille,true,false,true,true,false,0,codable,OWL_ANS,emissible,1021
Z63.5,XXI,XXI/Z63.5.md,Dislocation de la famille par séparation et divorce,false,false,true,true,true,0,codable,OWL_ANS,emissible,1005
Z63.6,XXI,XXI/Z63.6.md,"Parent à charge au domicile, nécessitant des soins",false,false,true,true,false,0,codable,OWL_ANS,emissible,931
Z63.7,XXI,XXI/Z63.7.md,Autres événements difficiles ayant une incidence sur la famille et le foyer,true,false,true,true,true,0,codable,OWL_ANS,emissible,1320
Z63.8,XXI,XXI/Z63.8.md,Autres difficultés précisées liées à l'entourage immédiat,true,false,true,true,true,0,codable,OWL_ANS,emissible,1776
Z63.9,XXI,XXI/Z63.9.md,"Difficulté liée à l'entourage immédiat, sans précision",false,false,true,true,true,0,codable,OWL_ANS,emissible,993
Z64.0,XXI,XXI/Z64.0.md,Difficultés liées à une grossesse non désirée,false,false,true,true,true,0,codable,OWL_ANS,emissible,1614
Z64.1,XXI,XXI/Z64.1.md,Difficultés liées à une multiparité,false,false,true,true,true,0,codable,OWL_ANS,emissible,885
Z64.2,XXI,XXI/Z64.2.md,"Recherche et acceptation d'interventions physiques, nutritionnelles et chimiques connues comme dangereuses et nuisibles",false,false,true,true,false,0,codable,OWL_ANS,emissible,913
Z64.3,XXI,XXI/Z64.3.md,Recherche et acceptation d'interventions comportementales et psychologiques connues comme dangereuses et nuisibles,false,false,false,true,false,0,codable,OWL_ANS,emissible,783
Z64.4,XXI,XXI/Z64.4.md,Désaccord avec les conseillers,true,false,false,true,false,0,codable,OWL_ANS,emissible,841
Z65.0,XXI,XXI/Z65.0.md,"Condamnation sans emprisonnement, après procès civil ou pénal",false,false,true,true,false,0,codable,OWL_ANS,emissible,872
Z65.1,XXI,XXI/Z65.1.md,Emprisonnement et autre incarcération,false,false,true,true,true,0,codable,OWL_ANS,emissible,1184
Z65.2,XXI,XXI/Z65.2.md,Difficultés liées à une libération de prison,false,false,true,true,false,0,codable,OWL_ANS,emissible,855
Z65.3,XXI,XXI/Z65.3.md,Difficultés liées à d'autres situations juridiques,true,false,true,true,true,0,codable,OWL_ANS,emissible,1099
Z65.4,XXI,XXI/Z65.4.md,Victime d'un crime et d'actes terroristes,true,false,true,true,true,0,codable,OWL_ANS,emissible,1064
Z65.5,XXI,XXI/Z65.5.md,"Exposition à une catastrophe, une guerre et autres hostilités",false,false,true,true,true,0,codable,OWL_ANS,emissible,1052
Z65.8,XXI,XXI/Z65.8.md,Autres difficultés précisées liées à des situations psychosociales,false,false,true,true,false,0,codable,OWL_ANS,emissible,1290
Z65.9,XXI,XXI/Z65.9.md,"Difficulté liée à des situations psychosociales, sans précision",false,false,true,true,true,0,codable,OWL_ANS,emissible,910
Z70.0,XXI,XXI/Z70.0.md,Conseil relatif aux attitudes en matière de sexualité,true,false,true,true,false,0,codable,OWL_ANS,emissible,1010
Z70.1,XXI,XXI/Z70.1.md,Conseil relatif au comportement et à l'orientation du sujet en matière de sexualité,true,false,true,true,true,0,codable,OWL_ANS,emissible,1189
Z70.2,XXI,XXI/Z70.2.md,Conseil relatif au comportement et à l'orientation d'un tiers en matière de sexualité,true,false,true,true,false,0,codable,OWL_ANS,emissible,1156
Z70.3,XXI,XXI/Z70.3.md,"Conseil relatif à des préoccupations associées concernant les attitudes, le comportement et l'orientation en matière de sexualité",false,false,true,true,false,0,codable,OWL_ANS,emissible,929
Z70.8,XXI,XXI/Z70.8.md,Autres formes de conseils en matière de sexualité,true,false,true,true,false,0,codable,OWL_ANS,emissible,1365
Z70.9,XXI,XXI/Z70.9.md,"Conseil en matière de sexualité, sans précision",false,false,true,true,false,0,codable,OWL_ANS,emissible,818
Z71.0,XXI,XXI/Z71.0.md,Personne consultant pour le compte d'un tiers,true,false,true,true,false,0,codable,OWL_ANS,emissible,1072
Z71.1,XXI,XXI/Z71.1.md,"Sujet inquiet de son état de santé, aucun diagnostic n'étant posé",true,false,true,true,false,0,codable,OWL_ANS,emissible,1104
Z71.2,XXI,XXI/Z71.2.md,Sujet consultant pour explications des résultats d'examen,false,false,true,true,false,0,codable,OWL_ANS,emissible,883
Z71.3,XXI,XXI/Z71.3.md,Surveillance et conseils diététiques,true,false,true,true,true,0,codable,OWL_ANS,emissible,1475
Z71.4,XXI,XXI/Z71.4.md,Conseil et surveillance pour alcoolisme,false,false,true,true,true,0,codable,OWL_ANS,emissible,1031
Z71.5,XXI,XXI/Z71.5.md,Conseil et surveillance pour toxicomanie et pharmacodépendance,false,false,true,true,true,0,codable,OWL_ANS,emissible,1089
Z71.6,XXI,XXI/Z71.6.md,Conseil pour tabagisme,false,false,true,true,true,0,codable,OWL_ANS,emissible,1003
Z71.7,XXI,XXI/Z71.7.md,Conseil à propos du virus de l'immunodéficience humaine [VIH],false,false,true,true,false,0,codable,OWL_ANS,emissible,887
Z71.8,XXI,XXI/Z71.8.md,Autres conseils précisés,true,false,true,true,true,0,codable,OWL_ANS,emissible,1539
Z71.9,XXI,XXI/Z71.9.md,"Conseil, sans précision",true,false,true,true,true,1,interdit_dp_dr,OWL_ANS,emissible,989
Z72.0,XXI,XXI/Z72.0.md,Usage du tabac,false,false,true,true,true,0,codable,OWL_ANS,emissible,1060
Z72.1,XXI,XXI/Z72.1.md,Consommation d'alcool,false,false,true,true,true,0,codable,OWL_ANS,emissible,1050
Z72.2,XXI,XXI/Z72.2.md,Utilisation de drogues,false,false,true,true,false,0,codable,OWL_ANS,emissible,1075
Z72.3,XXI,XXI/Z72.3.md,Manque d'exercice physique,false,false,true,true,true,0,codable,OWL_ANS,emissible,952
Z72.4,XXI,XXI/Z72.4.md,Régime et habitudes alimentaires inadéquats,false,false,true,true,true,0,codable,OWL_ANS,emissible,1243
Z72.5,XXI,XXI/Z72.5.md,Comportement sexuel à haut risque,false,false,true,true,true,0,codable,OWL_ANS,emissible,968
Z72.6,XXI,XXI/Z72.6.md,Jeu et pari,false,false,true,true,true,0,codable,OWL_ANS,emissible,988
Z72.8,XXI,XXI/Z72.8.md,Autres difficultés liées au mode de vie,true,false,true,true,false,0,codable,OWL_ANS,emissible,1284
Z72.9,XXI,XXI/Z72.9.md,"Difficulté liée au mode de vie, sans précision",false,false,true,true,false,0,codable,OWL_ANS,emissible,876
Z73.0,XXI,XXI/Z73.0.md,Surmenage,true,false,true,true,true,0,codable,OWL_ANS,emissible,940
Z73.1,XXI,XXI/Z73.1.md,Accentuation de certains traits de la personnalité,true,false,true,true,false,0,codable,OWL_ANS,emissible,1061
Z73.2,XXI,XXI/Z73.2.md,Manque de repos et de loisirs,false,false,true,true,true,0,codable,OWL_ANS,emissible,911
Z73.3,XXI,XXI/Z73.3.md,"Stress, non classé ailleurs",true,false,true,true,false,0,codable,OWL_ANS,emissible,999
Z73.4,XXI,XXI/Z73.4.md,"Compétences sociales inadéquates, non classées ailleurs",false,false,true,true,false,0,codable,OWL_ANS,emissible,862
Z73.5,XXI,XXI/Z73.5.md,"Conflit sur le rôle social, non classé ailleurs",false,false,true,true,false,0,codable,OWL_ANS,emissible,854
Z73.6,XXI,XXI/Z73.6.md,Limites imposées aux activités par une incapacité,false,false,true,true,false,0,codable,OWL_ANS,emissible,953
Z73.8,XXI,XXI/Z73.8.md,Autres difficultés liées à l'orientation de son mode de vie,false,false,true,true,false,0,codable,OWL_ANS,emissible,1264
Z73.9,XXI,XXI/Z73.9.md,Difficulté liée à l'orientation d'un mode de vie non précisé,false,false,true,true,false,0,codable,OWL_ANS,emissible,838
Z74.0,XXI,XXI/Z74.0.md,Besoin d'assistance du fait de mobilité restreinte,true,false,true,true,true,0,codable,OWL_ANS,emissible,1008
Z74.1,XXI,XXI/Z74.1.md,Besoin d'assistance et de soins d'hygiène,false,false,true,true,false,0,codable,OWL_ANS,emissible,842
Z74.2,XXI,XXI/Z74.2.md,"Besoin d'assistance à domicile, aucun autre membre du foyer n'étant capable d'assurer les soins",false,false,true,true,true,0,codable,OWL_ANS,emissible,1501
Z74.3,XXI,XXI/Z74.3.md,Besoin d'une surveillance permanente,false,false,true,true,false,0,codable,OWL_ANS,emissible,837
Z74.8,XXI,XXI/Z74.8.md,Autres difficultés liées à une dépendance envers la personne qui donne les soins,false,false,true,true,false,0,codable,OWL_ANS,emissible,1196
Z74.9,XXI,XXI/Z74.9.md,"Difficulté liée à une dépendance envers la personne qui donne les soins, sans précision",false,false,true,true,false,0,codable,OWL_ANS,emissible,859
Z75.0,XXI,XXI/Z75.0.md,Absence de services médicaux à domicile,false,false,true,true,false,0,codable,OWL_ANS,emissible,811
Z75.1,XXI,XXI/Z75.1.md,"Sujet attendant d'être admis ailleurs, dans un établissement adéquat",false,false,false,true,true,0,codable,OWL_ANS,emissible,1012
Z75.2,XXI,XXI/Z75.2.md,Autre période d'attente pour investigation et traitement,false,false,false,true,false,0,codable,OWL_ANS,emissible,696
Z75.3,XXI,XXI/Z75.3.md,Centres médicaux non disponibles et non accessibles,false,false,true,true,false,0,codable,OWL_ANS,emissible,778
Z75.4,XXI,XXI/Z75.4.md,Autres organisations d'aide non disponibles et non accessibles,false,false,false,true,false,0,codable,OWL_ANS,emissible,702
Z75.5,XXI,XXI/Z75.5.md,Prise en charge pendant les vacances,false,false,false,true,true,0,codable,OWL_ANS,emissible,1112
Z75.80,XXI,XXI/Z75.80.md,"Sujet adressé dans un autre établissement, pour réalisation d’un acte",false,false,false,true,false,1,interdit_dp_dr,OWL_ANS,emissible,922
Z75.88,XXI,XXI/Z75.88.md,"Autres difficultés liées aux installations médicales et autres soins de santé, non classées ailleurs",false,false,false,true,false,0,codable,OWL_ANS,emissible,742
Z75.9,XXI,XXI/Z75.9.md,"Difficulté liée aux installations médicales et autres soins de santé, sans précision",false,false,false,true,true,0,codable,OWL_ANS,emissible,786
Z76.0,XXI,XXI/Z76.0.md,Renouvellement d'une ordonnance,true,false,true,true,true,0,codable,OWL_ANS,emissible,1104
Z76.1,XXI,XXI/Z76.1.md,Surveillance médicale et soins médicaux des enfants trouvés,false,false,false,true,true,0,codable,OWL_ANS,emissible,812
Z76.2,XXI,XXI/Z76.2.md,Surveillance médicale et soins médicaux d'autres nourrissons et enfants en bonne santé,true,false,false,true,false,0,codable,OWL_ANS,emissible,2135
Z76.3,XXI,XXI/Z76.3.md,Personne en bonne santé accompagnant un sujet malade,false,false,false,true,true,0,codable,OWL_ANS,emissible,766
Z76.4,XXI,XXI/Z76.4.md,Autres pensionnaires d'établissements de soins,false,false,true,true,false,0,codable,OWL_ANS,emissible,764
Z76.5,XXI,XXI/Z76.5.md,Simulateur,true,false,true,true,true,0,codable,OWL_ANS,emissible,950
Z76.800,XXI,XXI/Z76.800.md,Sujet ayant recours aux services de santé après une réunion de concertation pluridisciplinaire [RCP] ayant établi la complexité d'une infection ostéoarticulaire,false,false,false,true,false,0,codable,OWL_ANS,emissible,1192
Z76.850,XXI,XXI/Z76.850.md,Enfant recevant du lait provenant d’un lactarium,false,false,false,true,false,0,codable,OWL_ANS,emissible,822
Z76.880,XXI,XXI/Z76.880.md,"Sujet ayant recours aux services de santé dans d'autres circonstances précisées, non classées ailleurs",false,false,false,true,false,0,codable,OWL_ANS,emissible,746
Z76.9,XXI,XXI/Z76.9.md,Sujet ayant recours aux services de santé dans des circonstances non précisées,false,false,false,true,true,0,codable,OWL_ANS,emissible,790
Z80.00,XXI,XXI/Z80.00.md,Antécédents familiaux de tumeur maligne du tube digestif,true,false,true,true,false,0,codable,OWL_ANS,emissible,2236
Z80.01,XXI,XXI/Z80.01.md,Antécédents familiaux de tumeur maligne du système hépatobiliaire et du pancréas,true,false,true,true,false,0,codable,OWL_ANS,emissible,2260
Z80.02,XXI,XXI/Z80.02.md,Antécédents familiaux de tumeur maligne de la rate,true,false,true,true,false,0,codable,OWL_ANS,emissible,2228
Z80.09,XXI,XXI/Z80.09.md,"Antécédents familiaux de tumeur maligne des organes digestifs, sans précision",true,false,true,true,false,0,codable,OWL_ANS,emissible,2269
Z80.1,XXI,XXI/Z80.1.md,"Antécédents familiaux de tumeur maligne de la trachée, des bronches et des poumons",true,false,true,true,false,0,codable,OWL_ANS,emissible,2190
Z80.20,XXI,XXI/Z80.20.md,Antécédents familiaux de tumeur maligne des voies aériennes supérieures et de l'oreille moyenne,true,false,true,true,false,0,codable,OWL_ANS,emissible,2284
Z80.21,XXI,XXI/Z80.21.md,Antécédents familiaux de tumeur maligne du cœur,true,false,true,true,false,0,codable,OWL_ANS,emissible,2234
Z80.28,XXI,XXI/Z80.28.md,Antécédents familiaux de tumeur maligne d'autres organes intrathoraciques précisés,true,false,true,true,false,0,codable,OWL_ANS,emissible,2282
Z80.29,XXI,XXI/Z80.29.md,"Antécédents familiaux de tumeur maligne des autres organes respiratoires et intrathoraciques, sans précision",true,false,true,true,false,0,codable,OWL_ANS,emissible,2295
Z80.3,XXI,XXI/Z80.3.md,Antécédents familiaux de tumeur maligne du sein,true,false,true,true,false,0,codable,OWL_ANS,emissible,2148
Z80.4,XXI,XXI/Z80.4.md,Antécédents familiaux de tumeur maligne des organes génitaux,true,false,true,true,false,0,codable,OWL_ANS,emissible,2176
Z80.5,XXI,XXI/Z80.5.md,Antécédents familiaux de tumeur maligne des voies urinaires,true,false,true,true,false,0,codable,OWL_ANS,emissible,2164
Z80.6,XXI,XXI/Z80.6.md,Antécédents familiaux de leucémie,true,false,true,true,false,0,codable,OWL_ANS,emissible,2162
Z80.7,XXI,XXI/Z80.7.md,"Antécédents familiaux d'autres tumeurs des tissus lymphoïde, hématopoïétique et apparentés",true,false,true,true,false,0,codable,OWL_ANS,emissible,2240
Z80.800,XXI,XXI/Z80.800.md,Antécédents familiaux de tumeur maligne du système nerveux,true,false,true,true,false,0,codable,OWL_ANS,emissible,2268
Z80.801,XXI,XXI/Z80.801.md,Antécédents familiaux de tumeur maligne de l'œil,true,false,true,true,false,0,codable,OWL_ANS,emissible,2251
Z80.802,XXI,XXI/Z80.802.md,Antécédents familiaux de tumeur maligne de la gorge et de la bouche,true,false,true,true,false,0,codable,OWL_ANS,emissible,2272
Z80.803,XXI,XXI/Z80.803.md,Antécédents familiaux de tumeur maligne de l'appareil musculosquelettique et du tissu conjonctif,true,false,true,true,false,0,codable,OWL_ANS,emissible,2306
Z80.804,XXI,XXI/Z80.804.md,Antécédents familiaux de tumeur maligne de la peau et des tissus souscutanés,true,false,true,true,false,0,codable,OWL_ANS,emissible,2281
Z80.805,XXI,XXI/Z80.805.md,Antécédents familiaux de tumeur maligne des glandes endocrines,true,false,true,true,false,0,codable,OWL_ANS,emissible,2267
Z80.880,XXI,XXI/Z80.880.md,Antécédents familiaux de tumeur maligne d'autres localisations,true,false,true,true,false,0,codable,OWL_ANS,emissible,2286
Z80.9,XXI,XXI/Z80.9.md,"Antécédent familial de tumeur maligne, sans précision",true,false,true,true,false,0,codable,OWL_ANS,emissible,2152
Z81.0,XXI,XXI/Z81.0.md,Antécédents familiaux de retard mental,true,false,true,true,false,0,codable,OWL_ANS,emissible,2143
Z81.1,XXI,XXI/Z81.1.md,Antécédents familiaux d'abus d'alcool,true,false,true,true,false,0,codable,OWL_ANS,emissible,2138
Z81.2,XXI,XXI/Z81.2.md,Antécédents familiaux de tabagisme,true,false,true,true,false,0,codable,OWL_ANS,emissible,2135
Z81.3,XXI,XXI/Z81.3.md,Antécédents familiaux d'abus d'autres substances psychoactives,true,false,true,true,false,0,codable,OWL_ANS,emissible,2212
Z81.4,XXI,XXI/Z81.4.md,Antécédents familiaux d'abus d'autres substances,true,false,true,true,false,0,codable,OWL_ANS,emissible,2147
Z81.8,XXI,XXI/Z81.8.md,Antécédents familiaux d'autres troubles mentaux et du comportement,true,false,true,true,false,0,codable,OWL_ANS,emissible,2505
Z82.0,XXI,XXI/Z82.0.md,Antécédents familiaux d'épilepsie et autres affections neurologiques,true,false,true,true,false,0,codable,OWL_ANS,emissible,2173
Z82.1,XXI,XXI/Z82.1.md,Antécédents familiaux de cécité et perte de vision,true,false,true,true,false,0,codable,OWL_ANS,emissible,2151
Z82.2,XXI,XXI/Z82.2.md,Antécédents familiaux de surdité et perte d'audition,true,false,true,true,false,0,codable,OWL_ANS,emissible,2160
Z82.3,XXI,XXI/Z82.3.md,Antécédents familiaux d'accident cérébrovasculaire,true,false,true,true,false,0,codable,OWL_ANS,emissible,2179
Z82.4,XXI,XXI/Z82.4.md,Antécédents familiaux de cardiopathies ischémiques et autres maladies de l'appareil circulatoire,true,false,true,true,false,0,codable,OWL_ANS,emissible,2240
Z82.5,XXI,XXI/Z82.5.md,Antécédents familiaux d'asthme et autres maladies chroniques des voies respiratoires inférieures,true,false,true,true,false,0,codable,OWL_ANS,emissible,2201
Z82.6,XXI,XXI/Z82.6.md,"Antécédents familiaux d'arthrite et autres maladies du système ostéoarticulaire, des muscles et du tissu conjonctif",true,false,true,true,false,0,codable,OWL_ANS,emissible,2220
Z82.7,XXI,XXI/Z82.7.md,Antécédents familiaux de malformations congénitales et anomalies chromosomiques,true,false,true,true,false,0,codable,OWL_ANS,emissible,2184
Z82.8,XXI,XXI/Z82.8.md,"Antécédents familiaux d'autres incapacités et maladies chroniques conduisant à l'invalidité, non classées ailleurs",false,false,true,true,false,0,codable,OWL_ANS,emissible,2886
Z83.0,XXI,XXI/Z83.0.md,Antécédents familiaux de maladie due au virus de l'immunodéficience humaine [VIH],true,false,true,true,false,0,codable,OWL_ANS,emissible,2355
Z83.1,XXI,XXI/Z83.1.md,Antécédents familiaux d'autres maladies infectieuses et parasitaires,true,false,true,true,false,0,codable,OWL_ANS,emissible,2357
Z83.2,XXI,XXI/Z83.2.md,Antécédents familiaux de maladies du sang et des organes hématopoïétiques et de certains troubles du système immunitaire,true,false,true,true,false,0,codable,OWL_ANS,emissible,2394
Z83.3,XXI,XXI/Z83.3.md,Antécédents familiaux de diabète sucré,true,false,true,true,false,0,codable,OWL_ANS,emissible,2312
Z83.4,XXI,XXI/Z83.4.md,"Antécédents familiaux d'autres maladies endocriniennes, nutritionnelles et métaboliques",true,false,true,true,false,0,codable,OWL_ANS,emissible,2376
Z83.50,XXI,XXI/Z83.50.md,Antécédents familiaux de maladies des organes de la vue,true,false,true,true,false,0,codable,OWL_ANS,emissible,2529
Z83.51,XXI,XXI/Z83.51.md,Antécédents familiaux de maladies des organes de l'audition,true,false,true,true,false,0,codable,OWL_ANS,emissible,2535
Z83.6,XXI,XXI/Z83.6.md,Antécédents familiaux de maladies de l'appareil respiratoire,true,false,true,true,false,0,codable,OWL_ANS,emissible,2477
Z83.70,XXI,XXI/Z83.70.md,Antécédents familiaux de maladies du tube digestif,true,false,true,true,false,0,codable,OWL_ANS,emissible,2474
Z83.71,XXI,XXI/Z83.71.md,Antécédents familiaux de maladies du système hépatobiliaire et du pancréas,true,false,true,true,false,0,codable,OWL_ANS,emissible,2423
Z83.72,XXI,XXI/Z83.72.md,Antécédents familiaux de maladies de la bouche et des dents,true,false,true,true,false,0,codable,OWL_ANS,emissible,2416
Z83.79,XXI,XXI/Z83.79.md,"Antécédents familiaux de maladies de l'appareil digestif, sans précision",true,false,true,true,false,0,codable,OWL_ANS,emissible,2370
Z84.0,XXI,XXI/Z84.0.md,Antécédents familiaux de maladies de la peau et du tissu cellulaire souscutané,true,false,true,true,false,0,codable,OWL_ANS,emissible,2183
Z84.1,XXI,XXI/Z84.1.md,Antécédents familiaux de maladies rénales et de l'uretère,true,false,true,true,false,0,codable,OWL_ANS,emissible,2206
Z84.20,XXI,XXI/Z84.20.md,Antécédents familiaux d'autres maladies de l'appareil urinaire,true,false,true,true,false,0,codable,OWL_ANS,emissible,2268
Z84.21,XXI,XXI/Z84.21.md,Antécédents familiaux d'autres maladies de l'appareil génital,true,false,true,true,false,0,codable,OWL_ANS,emissible,2263
Z84.22,XXI,XXI/Z84.22.md,Antécédents familiaux de maladies du sein,true,false,true,true,false,0,codable,OWL_ANS,emissible,2221
Z84.3,XXI,XXI/Z84.3.md,Antécédents familiaux de consanguinité,false,false,true,true,true,0,codable,OWL_ANS,emissible,2115
Z84.80,XXI,XXI/Z84.80.md,Antécédents familiaux de tumeur non maligne,true,false,true,true,false,0,codable,OWL_ANS,emissible,2148
Z84.88,XXI,XXI/Z84.88.md,Antécédents familiaux d'autres affections non classées ailleurs,false,false,true,true,false,0,codable,OWL_ANS,emissible,2086
Z85.00,XXI,XXI/Z85.00.md,Antécédents personnels de tumeur maligne du tube digestif,true,false,true,true,false,0,codable,OWL_ANS,emissible,2937
Z85.01,XXI,XXI/Z85.01.md,Antécédents personnels de tumeur maligne du système hépatobiliaire et du pancréas,true,false,true,true,false,0,codable,OWL_ANS,emissible,2961
Z85.02,XXI,XXI/Z85.02.md,Antécédents personnels de tumeur maligne de la rate,true,false,true,true,false,0,codable,OWL_ANS,emissible,2929
Z85.09,XXI,XXI/Z85.09.md,"Antécédents personnels de tumeur maligne des organes digestifs, sans précision",true,false,true,true,false,0,codable,OWL_ANS,emissible,2969
Z85.1,XXI,XXI/Z85.1.md,"Antécédents personnels de tumeur maligne de la trachée, des bronches et des poumons",true,false,true,true,false,0,codable,OWL_ANS,emissible,2890
Z85.20,XXI,XXI/Z85.20.md,Antécédents personnels de tumeur maligne des voies aériennes supérieures et de l'oreille moyenne,true,false,true,true,false,0,codable,OWL_ANS,emissible,2984
Z85.21,XXI,XXI/Z85.21.md,Antécédents personnels de tumeur maligne du cœur,true,false,true,true,false,0,codable,OWL_ANS,emissible,2934
Z85.28,XXI,XXI/Z85.28.md,Antécédents personnels de tumeur maligne d'autres organes intrathoraciques précisés,true,false,true,true,false,0,codable,OWL_ANS,emissible,2982
Z85.29,XXI,XXI/Z85.29.md,"Antécédents personnels de tumeur maligne des autres organes respiratoires et intrathoraciques, sans précision",true,false,true,true,false,0,codable,OWL_ANS,emissible,2995
Z85.3,XXI,XXI/Z85.3.md,Antécédents personnels de tumeur maligne du sein,true,false,true,true,false,0,codable,OWL_ANS,emissible,2848
Z85.4,XXI,XXI/Z85.4.md,Antécédents personnels de tumeur maligne des organes génitaux,true,false,true,true,false,0,codable,OWL_ANS,emissible,2876
Z85.5,XXI,XXI/Z85.5.md,Antécédents personnels de tumeur maligne des voies urinaires,true,false,true,true,false,0,codable,OWL_ANS,emissible,2864
Z85.6,XXI,XXI/Z85.6.md,Antécédents personnels de leucémie,true,false,true,true,false,0,codable,OWL_ANS,emissible,2862
Z85.7,XXI,XXI/Z85.7.md,"Antécédents personnels d'autres tumeurs malignes des tissus lymphoïde, hématopoïétique et apparentés",true,false,true,true,false,0,codable,OWL_ANS,emissible,2949
Z85.800,XXI,XXI/Z85.800.md,Antécédents personnels de tumeur maligne du système nerveux,true,false,true,true,false,0,codable,OWL_ANS,emissible,2967
Z85.801,XXI,XXI/Z85.801.md,Antécédents personnels de tumeur maligne de l'œil,true,false,true,true,false,0,codable,OWL_ANS,emissible,2950
Z85.802,XXI,XXI/Z85.802.md,Antécédents personnels de tumeur maligne de la gorge et de la bouche,true,false,true,true,false,0,codable,OWL_ANS,emissible,2971
Z85.803,XXI,XXI/Z85.803.md,Antécédents personnels de tumeur maligne de l'appareil musculosquelettique et du tissu conjonctif,true,false,true,true,false,0,codable,OWL_ANS,emissible,3005
Z85.804,XXI,XXI/Z85.804.md,Antécédents personnels de tumeur maligne de la peau et des tissus souscutanés,true,false,true,true,false,0,codable,OWL_ANS,emissible,2980
Z85.805,XXI,XXI/Z85.805.md,Antécédents personnels de tumeur maligne des glandes endocrines,true,false,true,true,false,0,codable,OWL_ANS,emissible,2966
Z85.880,XXI,XXI/Z85.880.md,Antécédents personnels de tumeur maligne d'autres localisations,true,false,true,true,false,0,codable,OWL_ANS,emissible,2985
Z85.9,XXI,XXI/Z85.9.md,"Antécédents personnels de tumeur maligne, sans précision",true,false,true,true,false,0,codable,OWL_ANS,emissible,2825
Z86.000,XXI,XXI/Z86.000.md,Antécédents personnels de tumeur non maligne du système nerveux,true,false,true,true,false,0,codable,OWL_ANS,emissible,2420
Z86.001,XXI,XXI/Z86.001.md,Antécédents personnels de tumeur non maligne du tube digestif,true,false,true,true,false,0,codable,OWL_ANS,emissible,2437
Z86.002,XXI,XXI/Z86.002.md,Antécédents personnels de tumeur non maligne de l'appareil musculosquelettique et du tissu conjonctif,true,false,true,true,false,0,codable,OWL_ANS,emissible,2456
Z86.003,XXI,XXI/Z86.003.md,Antécédents personnels de tumeur non maligne du sein,true,false,true,true,false,0,codable,OWL_ANS,emissible,2403
Z86.004,XXI,XXI/Z86.004.md,Antécédents personnels de tumeur non maligne de la peau,true,false,true,true,false,0,codable,OWL_ANS,emissible,2432
Z86.005,XXI,XXI/Z86.005.md,Antécédents personnels de tumeur non maligne de la vessie,true,false,true,true,false,0,codable,OWL_ANS,emissible,2410
Z86.080,XXI,XXI/Z86.080.md,Antécédents personnels de tumeur non maligne d'autres localisations,true,false,true,true,false,0,codable,OWL_ANS,emissible,2357
Z86.090,XXI,XXI/Z86.090.md,Antécédents personnels de tumeur non maligne sans précision,true,false,true,true,false,3,pere_interdit,OWL_ANS,emissible,2376
Z86.1,XXI,XXI/Z86.1.md,Antécédents personnels de maladies infectieuses et parasitaires,true,false,true,true,false,0,codable,OWL_ANS,emissible,2435
Z86.2,XXI,XXI/Z86.2.md,Antécédents personnels de maladies du sang et des organes hématopoïétiques et de certains troubles du système immunitaire,true,false,true,true,false,0,codable,OWL_ANS,emissible,2360
Z86.3,XXI,XXI/Z86.3.md,"Antécédents personnels de maladies endocriniennes, nutritionnelles et métaboliques",true,false,true,true,false,0,codable,OWL_ANS,emissible,2321
Z86.4,XXI,XXI/Z86.4.md,Antécédents personnels d'abus de substances psychoactives,true,false,true,true,false,0,codable,OWL_ANS,emissible,2485
Z86.5,XXI,XXI/Z86.5.md,Antécédents personnels d'autres troubles mentaux et du comportement,true,false,true,true,false,0,codable,OWL_ANS,emissible,2321
Z86.60,XXI,XXI/Z86.60.md,Antécédents personnels d'accidents ischémiques cérébraux transitoires et syndromes apparentés,true,false,true,true,false,0,codable,OWL_ANS,emissible,2414
Z86.61,XXI,XXI/Z86.61.md,Antécédents personnels d'autres maladies du système nerveux,true,false,true,true,false,0,codable,OWL_ANS,emissible,2391
Z86.62,XXI,XXI/Z86.62.md,Antécédents personnels de maladies des organes de la vue,true,false,true,true,false,0,codable,OWL_ANS,emissible,2379
Z86.63,XXI,XXI/Z86.63.md,Antécédents personnels de maladies des organes de l'audition,true,false,true,true,false,0,codable,OWL_ANS,emissible,2383
Z86.70,XXI,XXI/Z86.70.md,Antécédents personnels de maladies cérébrovasculaires,true,false,true,true,false,0,codable,OWL_ANS,emissible,2821
Z86.71,XXI,XXI/Z86.71.md,Antécédents personnels de cardiopathies ischémiques et autres maladies de l'appareil circulatoire,true,false,true,true,false,0,codable,OWL_ANS,emissible,2661
Z87.00,XXI,XXI/Z87.00.md,Antécédents personnels de maladies des voies respiratoires supérieures,true,false,true,true,false,0,codable,OWL_ANS,emissible,2393
Z87.01,XXI,XXI/Z87.01.md,Antécédents personnels d'autres maladies de l'appareil respiratoire,true,false,true,true,false,0,codable,OWL_ANS,emissible,2390
Z87.09,XXI,XXI/Z87.09.md,Antécédents personnels de maladies de l'appareil respiratoire sans précision,true,false,true,true,false,0,codable,OWL_ANS,emissible,2339
Z87.10,XXI,XXI/Z87.10.md,Antécédents personnels de maladies de la bouche et des dents,true,false,true,true,false,0,codable,OWL_ANS,emissible,2382
Z87.11,XXI,XXI/Z87.11.md,Antécédents personnels de maladies du tube digestif,true,false,true,true,false,0,codable,OWL_ANS,emissible,2374
Z87.12,XXI,XXI/Z87.12.md,Antécédents personnels de maladies du système hépatobiliaire et du pancréas,true,false,true,true,false,0,codable,OWL_ANS,emissible,2389
Z87.19,XXI,XXI/Z87.19.md,Antécédents personnels de maladies de l'appareil digestif sans précision,true,false,true,true,false,0,codable,OWL_ANS,emissible,2335
Z87.2,XXI,XXI/Z87.2.md,Antécédents personnels de maladies de la peau et du tissu cellulaire souscutané,true,false,true,true,false,0,codable,OWL_ANS,emissible,2318
Z87.3,XXI,XXI/Z87.3.md,"Antécédents personnels de maladies du système ostéoarticulaire, des muscles et du tissu conjonctif",true,false,true,true,false,0,codable,OWL_ANS,emissible,2337
Z87.40,XXI,XXI/Z87.40.md,Antécédents personnels de maladies de l'appareil urinaire,true,false,true,true,false,0,codable,OWL_ANS,emissible,2397
Z87.41,XXI,XXI/Z87.41.md,Antécédents personnels de maladies de l'appareil génital,true,false,true,true,false,0,codable,OWL_ANS,emissible,2392
Z87.42,XXI,XXI/Z87.42.md,Antécédents personnels de maladies du sein,true,false,true,true,false,0,codable,OWL_ANS,emissible,2356
Z87.5,XXI,XXI/Z87.5.md,"Antécédents personnels de complications de la grossesse, de l'accouchement et de la puerpéralité",true,false,true,true,false,0,codable,OWL_ANS,emissible,2577
Z87.6,XXI,XXI/Z87.6.md,Antécédents personnels de certaines affections dont l'origine se situe dans la période périnatale,true,false,true,true,false,0,codable,OWL_ANS,emissible,2336
Z87.7,XXI,XXI/Z87.7.md,Antécédents personnels de malformations congénitales et anomalies chromosomiques,true,false,true,true,false,0,codable,OWL_ANS,emissible,2319
Z87.80,XXI,XXI/Z87.80.md,Antécédents personnels de lésion traumatique intracrânienne,true,false,true,true,false,0,codable,OWL_ANS,emissible,2430
Z87.81,XXI,XXI/Z87.81.md,Antécédents personnels de traumatisme des membres et du bassin,true,false,true,true,false,0,codable,OWL_ANS,emissible,2448
Z87.82,XXI,XXI/Z87.82.md,Antécédents personnels de traumatismes autres et non précisés,true,false,true,true,false,0,codable,OWL_ANS,emissible,2383
Z87.83,XXI,XXI/Z87.83.md,Antécédents personnels d'intoxication,true,false,true,true,false,0,codable,OWL_ANS,emissible,2410
Z87.88,XXI,XXI/Z87.88.md,Antécédents personnels d'autres états précisés,true,false,true,true,false,0,codable,OWL_ANS,emissible,2368
Z88.0,XXI,XXI/Z88.0.md,Antécédents personnels d'allergie à la pénicilline,false,false,true,true,false,0,codable,OWL_ANS,emissible,2071
Z88.1,XXI,XXI/Z88.1.md,Antécédents personnels d'allergie à d'autres antibiotiques,false,false,true,true,false,0,codable,OWL_ANS,emissible,2079
Z88.2,XXI,XXI/Z88.2.md,Antécédents personnels d'allergie aux sulfamides,false,false,true,true,false,0,codable,OWL_ANS,emissible,2069
Z88.3,XXI,XXI/Z88.3.md,Antécédents personnels d'allergie à d'autres agents antiinfectieux,false,false,true,true,false,0,codable,OWL_ANS,emissible,2087
Z88.4,XXI,XXI/Z88.4.md,Antécédents personnels d'allergie aux anesthésiques,false,false,true,true,false,0,codable,OWL_ANS,emissible,2072
Z88.5,XXI,XXI/Z88.5.md,Antécédents personnels d'allergie aux narcotiques,false,false,true,true,false,0,codable,OWL_ANS,emissible,2070
Z88.6,XXI,XXI/Z88.6.md,Antécédents personnels d'allergie aux analgésiques,false,false,true,true,false,0,codable,OWL_ANS,emissible,2071
Z88.7,XXI,XXI/Z88.7.md,Antécédents personnels d'allergie aux sérums et vaccins,false,false,true,true,false,0,codable,OWL_ANS,emissible,2076
Z88.8,XXI,XXI/Z88.8.md,Antécédents personnels d'allergie à d'autres médicaments et substances biologiques,false,false,true,true,false,0,codable,OWL_ANS,emissible,2675
Z88.9,XXI,XXI/Z88.9.md,"Antécédents personnels d'allergie à un médicament et une substance biologique, sans précision",false,false,true,true,false,0,codable,OWL_ANS,emissible,2114
Z89.0,XXI,XXI/Z89.0.md,"Absence acquise de doigt(s) [y compris le pouce], unilatérale",true,false,true,true,true,0,codable,OWL_ANS,emissible,2522
Z89.1,XXI,XXI/Z89.1.md,Absence acquise de main et poignet,true,false,true,true,true,0,codable,OWL_ANS,emissible,2508
Z89.2,XXI,XXI/Z89.2.md,Absence acquise d'un membre supérieur au-dessus du poignet,true,false,true,true,true,0,codable,OWL_ANS,emissible,2576
Z89.3,XXI,XXI/Z89.3.md,Absence acquise des deux membres supérieurs [tout niveau],true,false,true,true,false,0,codable,OWL_ANS,emissible,2522
Z89.4,XXI,XXI/Z89.4.md,Absence acquise de pied et cheville,true,false,true,true,true,0,codable,OWL_ANS,emissible,2545
Z89.5,XXI,XXI/Z89.5.md,"Absence acquise d'un membre inférieur, au niveau du genou ou au-dessous",true,false,true,true,false,0,codable,OWL_ANS,emissible,2473
Z89.6,XXI,XXI/Z89.6.md,"Absence acquise d'un membre inférieur, au-dessus du genou",true,false,true,true,true,0,codable,OWL_ANS,emissible,2554
Z89.7,XXI,XXI/Z89.7.md,"Absence acquise des deux membres inférieurs [tout niveau, sauf orteils seuls]",true,false,true,true,false,0,codable,OWL_ANS,emissible,2479
Z89.8,XXI,XXI/Z89.8.md,Absence acquise à la fois de membres supérieurs et inférieurs [tout niveau],true,false,true,true,false,0,codable,OWL_ANS,emissible,3072
Z89.9,XXI,XXI/Z89.9.md,"Absence acquise de membre, sans précision",true,false,true,true,true,0,codable,OWL_ANS,emissible,2474
Z90.0,XXI,XXI/Z90.0.md,Absence acquise d'une partie de la tête et du cou,true,false,true,true,true,0,codable,OWL_ANS,emissible,2771
Z90.1,XXI,XXI/Z90.1.md,Absence acquise de sein(s),true,false,true,true,true,0,codable,OWL_ANS,emissible,2554
Z90.2,XXI,XXI/Z90.2.md,Absence acquise [de partie] de poumon,true,false,true,true,true,0,codable,OWL_ANS,emissible,2548
Z90.3,XXI,XXI/Z90.3.md,Absence acquise de partie d'estomac,true,false,true,true,true,0,codable,OWL_ANS,emissible,2569
Z90.4,XXI,XXI/Z90.4.md,Absence acquise d'autres parties de l'appareil digestif,true,false,true,true,true,0,codable,OWL_ANS,emissible,2692
Z90.5,XXI,XXI/Z90.5.md,Absence acquise de rein,true,false,true,true,true,0,codable,OWL_ANS,emissible,2552
Z90.6,XXI,XXI/Z90.6.md,Absence acquise d'autres organes des voies urinaires,true,false,true,true,true,0,codable,OWL_ANS,emissible,2570
Z90.7,XXI,XXI/Z90.7.md,Absence acquise d'organe(s) génital(aux),true,false,true,true,true,0,codable,OWL_ANS,emissible,2673
Z90.8,XXI,XXI/Z90.8.md,Absence acquise d'autres organes,true,false,true,true,false,0,codable,OWL_ANS,emissible,2949
Z91.0,XXI,XXI/Z91.0.md,"Antécédents personnels d'allergie, autre qu'à des médicaments et des substances biologiques",false,false,true,true,false,0,codable,OWL_ANS,emissible,2521
Z91.1,XXI,XXI/Z91.1.md,Antécédents personnels de non-observance d'un traitement médical et d'un régime,false,false,true,true,false,0,codable,OWL_ANS,emissible,2380
Z91.2,XXI,XXI/Z91.2.md,Antécédents personnels de mauvaise hygiène personnelle,false,false,true,true,false,0,codable,OWL_ANS,emissible,2355
Z91.3,XXI,XXI/Z91.3.md,Antécédents personnels de cycle veille-sommeil anormal,false,false,true,true,false,0,codable,OWL_ANS,emissible,2422
Z91.4,XXI,XXI/Z91.4.md,"Antécédents personnels de traumatisme psychologique, non classé ailleurs",false,false,true,true,false,0,codable,OWL_ANS,emissible,2373
Z91.50,XXI,XXI/Z91.50.md,Antécédents personnels récents de lésions auto-infligées,true,false,true,true,false,0,codable,OWL_ANS,emissible,2719
Z91.58,XXI,XXI/Z91.58.md,"Antécédents personnels de lésions auto-infligées, autres et non précisés",true,false,true,true,false,0,codable,OWL_ANS,emissible,2510
Z91.6,XXI,XXI/Z91.6.md,Antécédents personnels d'autres traumatismes physiques,false,false,true,true,false,0,codable,OWL_ANS,emissible,2355
Z91.7,XXI,XXI/Z91.7.md,Antécédent personnel de mutilation sexuelle féminine,true,false,true,true,false,0,codable,OWL_ANS,emissible,2518
Z91.8,XXI,XXI/Z91.8.md,"Antécédents personnels d'autres facteurs de risque précisés, non classés ailleurs",true,false,true,true,false,0,codable,OWL_ANS,emissible,3108
Z92.0,XXI,XXI/Z92.0.md,Antécédents personnels de contraception,false,false,true,true,false,0,codable,OWL_ANS,emissible,2236
Z92.1,XXI,XXI/Z92.1.md,Antécédents personnels d'utilisation (actuelle) à long terme d'anticoagulants,false,false,true,true,true,0,codable,OWL_ANS,emissible,2585
Z92.2,XXI,XXI/Z92.2.md,Antécédents personnels d'utilisation (actuelle) à long terme d'autres médicaments,true,false,true,true,false,0,codable,OWL_ANS,emissible,2472
Z92.3,XXI,XXI/Z92.3.md,Antécédents personnels d'irradiation,true,false,true,true,false,0,codable,OWL_ANS,emissible,2286
Z92.4,XXI,XXI/Z92.4.md,"Antécédents personnels d'intervention chirurgicale importante, non classée ailleurs",false,false,true,true,false,0,codable,OWL_ANS,emissible,2283
Z92.5,XXI,XXI/Z92.5.md,Antécédents personnels de mesures de rééducation,false,false,true,true,false,0,codable,OWL_ANS,emissible,2069
Z92.6,XXI,XXI/Z92.6.md,Antécédents personnels de chimiothérapie pour tumeur,false,false,true,true,false,0,codable,OWL_ANS,emissible,2073
Z92.8,XXI,XXI/Z92.8.md,Antécédents personnels d'autres traitements médicaux,false,false,true,true,false,0,codable,OWL_ANS,emissible,2621
Z92.9,XXI,XXI/Z92.9.md,"Antécédents personnels de traitement médical, sans précision",false,false,true,true,false,1,interdit_dp_dr,OWL_ANS,emissible,2083
Z93.0,XXI,XXI/Z93.0.md,Trachéostomie,false,false,true,true,true,0,codable,OWL_ANS,emissible,2783
Z93.1,XXI,XXI/Z93.1.md,Gastrostomie,false,false,true,true,true,0,codable,OWL_ANS,emissible,2781
Z93.2,XXI,XXI/Z93.2.md,Iléostomie,false,false,true,true,true,0,codable,OWL_ANS,emissible,2777
Z93.3,XXI,XXI/Z93.3.md,Colostomie,false,false,true,true,true,0,codable,OWL_ANS,emissible,2777
Z93.4,XXI,XXI/Z93.4.md,Autres stomies de l'appareil digestif,false,false,true,true,false,0,codable,OWL_ANS,emissible,2751
Z93.5,XXI,XXI/Z93.5.md,Cystostomie,false,false,true,true,true,0,codable,OWL_ANS,emissible,2779
Z93.6,XXI,XXI/Z93.6.md,Autres stomies de l'appareil urinaire,true,false,true,true,true,0,codable,OWL_ANS,emissible,2904
Z93.8,XXI,XXI/Z93.8.md,Autres stomies,false,false,true,true,false,0,codable,OWL_ANS,emissible,2990
Z93.9,XXI,XXI/Z93.9.md,"Stomie, sans précision",false,false,true,true,true,1,interdit_dp_dr,OWL_ANS,emissible,2771
Z94.0,XXI,XXI/Z94.0.md,Greffe de rein,true,false,true,true,true,0,codable,OWL_ANS,emissible,2527
Z94.1,XXI,XXI/Z94.1.md,Greffe du cœur,true,false,true,true,true,0,codable,OWL_ANS,emissible,2619
Z94.2,XXI,XXI/Z94.2.md,Greffe de poumon,true,false,true,true,true,0,codable,OWL_ANS,emissible,2533
Z94.3,XXI,XXI/Z94.3.md,Greffe de cœur et poumon,true,false,true,true,true,0,codable,OWL_ANS,emissible,2517
Z94.4,XXI,XXI/Z94.4.md,Greffe de foie,true,false,true,true,true,0,codable,OWL_ANS,emissible,2527
Z94.5,XXI,XXI/Z94.5.md,Greffe de peau,true,false,true,true,true,0,codable,OWL_ANS,emissible,2580
Z94.6,XXI,XXI/Z94.6.md,Greffe d'os,true,false,true,true,true,0,codable,OWL_ANS,emissible,2514
Z94.7,XXI,XXI/Z94.7.md,Greffe de cornée,true,false,true,true,true,0,codable,OWL_ANS,emissible,2539
Z94.800,XXI,XXI/Z94.800.md,Autogreffe de cellules souches hématopoïétiques,true,false,true,true,false,0,codable,OWL_ANS,emissible,2481
Z94.802,XXI,XXI/Z94.802.md,"Allogreffe de cellules souches hématopoïétiques, greffon de moelle osseuse, de cellules souches périphériques ou d’unité de sang placentaire de donneur apparenté",true,false,true,true,false,0,codable,OWL_ANS,emissible,2595
Z94.803,XXI,XXI/Z94.803.md,"Allogreffe de cellules souches hématopoïétiques, greffon de moelle osseuse ou de cellules souches périphériques de donneur non apparenté",true,false,true,true,false,0,codable,OWL_ANS,emissible,2570
Z94.804,XXI,XXI/Z94.804.md,"Allogreffe de cellules souches hématopoïétiques, greffon d’unité de sang placentaire de donneur non apparenté",true,false,true,true,false,0,codable,OWL_ANS,emissible,2543
Z94.809,XXI,XXI/Z94.809.md,"Allogreffe de cellules souches hématopoïétiques, autres et sans précision",true,false,true,true,false,0,codable,OWL_ANS,emissible,2507
Z94.81,XXI,XXI/Z94.81.md,Greffe de pancréas,true,false,true,true,false,0,codable,OWL_ANS,emissible,2450
Z94.82,XXI,XXI/Z94.82.md,Greffe d’intestin,true,false,true,true,false,0,codable,OWL_ANS,emissible,2449
Z94.88,XXI,XXI/Z94.88.md,"Greffes d’organes et de tissus, autres",true,false,true,true,false,0,codable,OWL_ANS,emissible,2470
Z94.9,XXI,XXI/Z94.9.md,"Greffe d'organe et de tissu, sans précision",true,false,true,true,true,1,interdit_dp_dr,OWL_ANS,emissible,2565
Z95.0,XXI,XXI/Z95.0.md,Présence de dispositifs électroniques cardiaques,true,false,true,true,true,0,codable,OWL_ANS,emissible,3065
Z95.1,XXI,XXI/Z95.1.md,Présence d'un pontage aortocoronaire,false,false,true,true,false,0,codable,OWL_ANS,emissible,2534
Z95.2,XXI,XXI/Z95.2.md,Présence de prothèse d'une valvule cardiaque,false,false,true,true,false,0,codable,OWL_ANS,emissible,2542
Z95.3,XXI,XXI/Z95.3.md,Présence d'une valvule cardiaque xénogénique,false,false,true,true,false,0,codable,OWL_ANS,emissible,2542
Z95.4,XXI,XXI/Z95.4.md,Présence d'une autre valvule cardiaque de remplacement,false,false,true,true,true,0,codable,OWL_ANS,emissible,2669
Z95.5,XXI,XXI/Z95.5.md,Présence d'implant et de greffe vasculaires coronaires,true,false,true,true,false,0,codable,OWL_ANS,emissible,2649
Z95.80,XXI,XXI/Z95.80.md,Présence d’une endoprothèse vasculaire périphérique,true,false,true,true,false,0,codable,OWL_ANS,emissible,2648
Z95.88,XXI,XXI/Z95.88.md,"Présence d’autres implants et greffes cardiaques et vasculaires, NCA",true,false,true,true,false,0,codable,OWL_ANS,emissible,2666
Z95.9,XXI,XXI/Z95.9.md,"Présence d'implant et de greffe cardiaques et vasculaires, sans précision",false,false,true,true,true,0,codable,OWL_ANS,emissible,2601
Z96.0,XXI,XXI/Z96.0.md,Présence d'implants urogénitaux,false,false,true,true,false,0,codable,OWL_ANS,emissible,2474
Z96.1,XXI,XXI/Z96.1.md,Présence d'implants intraoculaires de cristallin,true,false,true,true,true,0,codable,OWL_ANS,emissible,2622
Z96.2,XXI,XXI/Z96.2.md,Présence d'implants otologiques et audiologiques,true,false,true,true,true,0,codable,OWL_ANS,emissible,2754
Z96.3,XXI,XXI/Z96.3.md,Présence d'un larynx artificiel,false,false,true,true,true,0,codable,OWL_ANS,emissible,2534
Z96.4,XXI,XXI/Z96.4.md,Présence d'implants endocriniens,true,false,true,true,true,0,codable,OWL_ANS,emissible,2614
Z96.5,XXI,XXI/Z96.5.md,Présence d'implants maxillaires et sur racines dentaires,false,false,true,true,false,0,codable,OWL_ANS,emissible,2499
Z96.6,XXI,XXI/Z96.6.md,Présence d'implants d'articulations orthopédiques,true,false,true,true,false,0,codable,OWL_ANS,emissible,2650
Z96.7,XXI,XXI/Z96.7.md,Présence d'autres implants osseux et tendineux,true,false,true,true,true,0,codable,OWL_ANS,emissible,2628
Z96.8,XXI,XXI/Z96.8.md,Présence d'autres implants fonctionnels précisés,false,false,true,true,false,0,codable,OWL_ANS,emissible,2977
Z96.9,XXI,XXI/Z96.9.md,"Présence d'implant fonctionnel, sans précision",false,false,true,true,false,1,interdit_dp_dr,OWL_ANS,emissible,2462
Z97.0,XXI,XXI/Z97.0.md,Présence d'un œil artificiel,false,false,true,true,true,0,codable,OWL_ANS,emissible,2337
Z97.1,XXI,XXI/Z97.1.md,Présence d'un membre artificiel (complet) (partiel),false,false,true,true,true,0,codable,OWL_ANS,emissible,2380
Z97.2,XXI,XXI/Z97.2.md,Présence d'une prothèse dentaire (complète) (partielle),false,false,true,true,false,0,codable,OWL_ANS,emissible,2292
Z97.3,XXI,XXI/Z97.3.md,Présence de lunettes et lentilles de contact,false,false,true,true,true,0,codable,OWL_ANS,emissible,2405
Z97.4,XXI,XXI/Z97.4.md,Présence d'appareil auditif externe,false,false,true,true,false,0,codable,OWL_ANS,emissible,2272
Z97.5,XXI,XXI/Z97.5.md,Présence d'un dispositif contraceptif (intra-utérin) [stérilet],false,false,true,true,true,0,codable,OWL_ANS,emissible,2561
Z97.8,XXI,XXI/Z97.8.md,Présence d'autres appareils précisés,false,false,true,true,false,0,codable,OWL_ANS,emissible,2668
Z98.0,XXI,XXI/Z98.0.md,Dérivation et anastomose intestinales,false,false,true,true,true,0,codable,OWL_ANS,emissible,2193
Z98.1,XXI,XXI/Z98.1.md,Arthrodèse,false,false,true,true,false,0,codable,OWL_ANS,emissible,2041
Z98.2,XXI,XXI/Z98.2.md,Présence d'un appareil de drainage du liquide céphalorachidien,true,false,true,true,true,0,codable,OWL_ANS,emissible,2331
Z98.8,XXI,XXI/Z98.8.md,Autres états postchirurgicaux précisés,false,false,true,true,false,0,codable,OWL_ANS,emissible,2258
Z99.0,XXI,XXI/Z99.0.md,Dépendance envers un aspirateur,false,false,true,true,true,0,codable,OWL_ANS,emissible,2250
Z99.1,XXI,XXI/Z99.1.md,Dépendance envers un respirateur,true,false,true,false,true,0,codable,OWL_ANS,emissible,976
Z99.1+0,XXI,XXI/Z99.1+0.md,Dépendance envers un respirateur : ventilation par trachéostomie,true,false,true,true,false,0,codable,OWL_ANS,emissible,2258
Z99.1+1,XXI,XXI/Z99.1+1.md,Dépendance envers un respirateur : ventilation par masque nasal,true,false,true,true,false,0,codable,OWL_ANS,emissible,2257
Z99.1+8,XXI,XXI/Z99.1+8.md,Dépendance envers un respirateur : ventilation par un autre moyen,true,false,true,true,false,0,codable,OWL_ANS,emissible,2259
Z99.2,XXI,XXI/Z99.2.md,Dépendance envers une dialyse rénale,true,false,true,false,true,0,codable,OWL_ANS,emissible,1194
Z99.2+0,XXI,XXI/Z99.2+0.md,Dépendance envers une hémodialyse (rénale),true,false,true,true,false,0,codable,OWL_ANS,emissible,2397
Z99.2+1,XXI,XXI/Z99.2+1.md,Dépendance envers une dialyse péritonéale,true,false,true,true,false,0,codable,OWL_ANS,emissible,2396
Z99.2+8,XXI,XXI/Z99.2+8.md,"Dépendance envers une dialyse rénale, autre",true,false,true,true,false,0,codable,OWL_ANS,emissible,2398
Z99.3,XXI,XXI/Z99.3.md,Dépendance envers un fauteuil roulant,false,false,true,true,true,0,codable,OWL_ANS,emissible,2226
Z99.4,XXI,XXI/Z99.4.md,Dépendance envers un cœur artificiel,false,false,true,true,false,0,codable,OWL_ANS,emissible,2115
Z99.8,XXI,XXI/Z99.8.md,Dépendance envers d'autres machines et appareils auxiliaires,false,false,true,true,false,0,codable,OWL_ANS,emissible,2417
Z99.9,XXI,XXI/Z99.9.md,"Dépendance envers une machine et un appareil auxiliaire, sans précision",false,false,true,true,true,0,codable,OWL_ANS,emissible,2222
